Per_Gene_Counts_Unaffected_Unaffected,Unaffected_Affected,Affected_Unaffected,Affected_Affected
25,1,1,0
45,0,4,0
36,1,2,0
56,0,0,0
38,1,2,0
34,1,2,0
37,2,1,0
40,0,3,0
33,1,0,0
39,1,1,0
40,0,3,0
27,3,5,0
37,0,1,0
40,1,0,0
46,2,2,0
35,2,0,1
38,2,6,0
38,0,3,0
47,1,1,0
35,2,6,2
41,2,2,0
30,1,1,0
45,2,2,0
35,1,2,0
44,0,0,0
39,1,1,0
35,1,10,3
42,0,2,0
39,0,2,0
30,2,6,1
42,0,1,0
45,0,1,0
29,0,0,0
26,1,8,2
42,0,0,1
38,0,1,0
39,1,1,0
37,0,1,0
41,0,0,0
33,0,3,0
31,0,1,0
57,1,2,0
27,0,3,0
30,2,0,0
34,1,0,0
37,0,4,2
38,2,4,0
36,0,0,0
38,0,2,0
45,2,2,0
35,1,2,0
50,1,4,0
36,1,4,1
58,1,1,0
21,0,10,1
35,0,4,2
31,2,0,0
42,1,0,0
44,0,1,0
22,0,2,0
24,0,4,0
37,2,6,1
48,0,1,0
40,0,2,0
32,1,3,0
39,0,1,0
44,2,3,0
41,2,3,1
44,2,1,0
36,0,2,0
40,0,0,0
34,0,1,0
39,3,4,1
47,0,2,0
32,1,0,0
25,0,1,1
32,2,0,0
39,1,4,0
27,1,6,0
37,4,3,1
37,1,3,0
52,0,2,0
32,0,0,0
37,0,1,1
43,0,0,1
32,3,0,2
34,1,1,0
25,2,3,0
42,1,2,0
39,0,0,0
35,1,4,0
46,1,4,1
41,0,2,0
34,3,2,0
18,0,2,0
43,0,0,0
46,0,1,0
29,0,2,1
51,0,0,0
42,0,0,0
41,0,2,0
30,1,0,0
38,1,1,0
41,1,1,0
45,0,1,0
42,0,1,0
39,1,4,0
39,0,1,0
32,0,1,0
33,0,8,1
33,1,2,0
30,0,0,0
35,0,1,0
27,0,1,0
41,0,5,0
29,2,5,3
41,0,0,1
38,1,0,1
38,1,1,0
39,3,2,0
46,1,5,1
36,1,5,0
36,1,2,0
37,1,4,0
44,1,0,0
32,0,1,0
33,0,0,0
34,1,3,0
50,0,3,0
40,0,1,1
30,2,0,0
36,2,1,0
45,1,1,0
39,2,2,0
40,0,2,0
28,1,7,0
35,1,0,0
27,0,2,0
42,0,3,1
42,0,2,0
33,3,0,1
35,1,2,0
28,3,2,0
40,1,1,0
40,2,8,0
35,2,0,1
33,3,0,0
31,1,6,4
33,1,3,0
47,1,1,0
38,1,2,0
40,0,0,0
45,0,0,0
26,1,2,0
35,2,3,1
45,0,3,1
34,1,0,0
36,1,5,4
32,2,5,0
39,1,1,0
33,0,2,0
46,1,3,0
38,1,1,0
33,1,3,0
38,0,0,0
36,1,3,1
35,0,4,0
37,4,0,0
42,0,0,1
40,3,2,1
37,1,0,0
35,0,2,0
30,2,1,0
25,2,3,0
30,2,0,0
26,0,1,0
39,3,2,2
31,4,1,1
43,1,0,1
36,0,2,0
34,1,4,0
32,1,4,1
34,0,0,0
33,0,1,0
30,1,9,1
43,2,2,0
50,0,1,0
26,0,3,0
41,0,0,0
40,0,3,0
35,2,2,0
40,3,0,0
39,0,9,3
47,1,1,0
36,1,1,0
40,2,4,1
41,2,1,0
32,0,0,0
26,0,2,0
41,1,6,0
43,1,3,0
38,0,1,0
35,0,3,0
43,1,2,0
54,3,0,0
32,1,1,0
37,0,1,1
32,1,1,0
32,0,7,2
33,1,1,0
41,1,0,0
39,3,0,0
42,2,3,0
43,0,0,1
37,1,3,0
45,0,3,0
34,0,1,1
39,1,5,0
30,0,3,0
25,2,2,0
42,1,1,0
37,0,1,0
44,0,1,1
48,0,0,0
34,1,2,0
44,0,1,0
45,2,1,0
40,0,0,0
29,0,0,0
29,1,2,0
48,0,2,0
28,1,1,0
39,2,2,1
33,0,1,0
30,0,2,0
39,1,2,1
36,0,2,0
33,0,4,1
40,0,1,0
28,0,6,0
33,1,1,0
37,3,5,2
31,0,3,1
41,0,1,0
38,0,1,0
37,1,6,2
31,1,0,0
31,0,5,0
37,2,4,1
41,0,0,0
37,1,1,0
33,0,2,0
37,0,1,0
40,2,1,1
36,0,2,0
47,0,0,0
43,0,0,0
42,0,1,1
27,1,0,0
30,1,4,0
38,1,2,0
44,2,1,0
25,2,3,0
34,2,3,0
34,1,2,0
34,0,2,0
29,1,0,1
43,2,1,0
30,0,2,1
30,0,1,0
31,1,8,1
34,3,3,1
41,0,1,0
49,3,1,0
39,1,0,1
30,1,5,1
35,1,3,0
43,0,1,0
41,1,4,0
35,0,2,0
50,1,1,0
42,2,1,0
35,0,2,0
40,0,3,0
45,2,0,0
41,1,4,1
30,2,4,2
44,1,1,0
38,0,1,0
41,1,3,1
35,1,0,1
55,1,0,0
36,0,0,0
41,0,1,0
47,0,0,0
33,0,1,0
28,2,2,0
31,0,0,0
31,1,4,0
28,1,3,1
29,0,2,0
39,1,1,1
33,0,3,0
36,1,4,0
25,3,3,0
40,0,2,0
32,0,0,0
37,1,1,0
34,2,0,1
29,0,1,0
41,1,1,0
34,0,3,1
46,0,3,0
38,1,5,0
24,1,5,0
33,2,0,0
46,0,0,1
35,0,3,1
39,2,5,0
44,1,0,0
36,3,3,0
34,0,11,0
32,0,1,0
36,0,1,0
31,2,2,0
51,0,4,0
39,1,0,0
35,1,1,1
39,0,0,1
43,1,0,0
37,0,0,0
31,4,0,0
35,1,2,0
42,1,3,0
22,2,0,0
31,0,8,1
38,0,1,0
39,2,2,0
34,0,6,0
30,0,1,0
33,0,2,0
33,0,0,0
51,0,1,0
41,1,2,0
32,1,2,0
29,1,3,0
28,4,11,1
43,0,5,1
42,2,1,0
32,0,0,0
34,1,3,1
31,3,3,0
35,0,5,0
29,1,3,0
41,0,0,0
30,0,7,2
30,0,4,0
30,0,0,1
44,1,0,0
45,0,2,0
36,0,0,0
37,1,0,0
42,0,0,1
43,0,2,0
36,0,2,0
24,1,3,0
39,1,0,0
38,1,2,1
55,0,2,0
37,0,2,1
32,1,2,0
32,0,2,0
41,1,3,0
43,1,1,0
24,3,4,0
38,1,1,0
31,0,5,0
32,0,2,0
36,2,1,1
40,1,4,3
39,1,1,0
30,0,0,0
28,2,0,0
36,1,2,0
46,0,0,0
47,0,0,0
31,1,1,1
33,1,1,0
35,1,1,0
37,1,0,0
40,1,3,0
41,2,0,1
42,1,1,2
45,0,5,1
35,1,2,0
42,3,3,0
30,3,2,0
31,0,3,0
38,1,2,0
50,0,3,0
33,0,1,0
40,0,0,1
29,0,1,0
29,1,5,2
34,1,1,0
42,0,2,1
43,0,3,1
36,1,3,1
31,0,1,0
42,1,2,0
32,0,2,0
44,1,1,0
39,0,2,0
40,1,7,1
49,1,1,0
31,1,2,0
41,3,0,0
30,2,2,0
39,0,0,0
34,2,3,0
25,1,4,1
36,1,1,1
40,1,2,0
39,0,0,0
29,1,0,0
27,0,0,0
39,2,1,0
39,1,2,0
30,0,0,0
26,4,5,1
47,0,1,2
39,0,4,1
35,1,3,0
36,1,0,0
31,2,7,1
29,5,2,0
29,0,3,1
41,0,2,0
33,1,0,0
24,1,10,1
37,0,3,1
39,0,1,1
39,1,4,0
36,3,2,1
28,1,0,0
36,0,2,0
34,0,0,0
37,0,2,0
44,0,0,0
41,2,2,0
42,1,1,0
44,0,1,1
32,0,1,0
39,0,4,0
31,3,3,0
42,1,1,1
29,1,2,0
45,2,2,0
38,0,3,0
31,0,4,0
36,0,1,0
27,1,1,0
34,0,4,0
38,2,1,0
27,0,0,0
38,0,1,0
38,2,2,0
28,3,2,1
36,3,8,2
38,2,2,0
41,1,1,0
53,0,2,0
34,3,1,0
30,1,7,0
38,1,0,0
37,2,1,0
36,0,5,0
30,0,1,0
45,0,0,0
48,1,1,0
37,0,1,0
44,2,5,0
29,1,4,0
35,2,1,0
39,0,4,1
39,0,0,0
36,1,1,0
28,4,3,2
50,2,1,1
40,0,3,0
52,1,0,0
28,0,2,0
45,0,3,0
39,2,0,1
41,0,0,0
37,2,10,0
38,2,1,0
42,2,1,0
39,2,0,0
28,2,0,0
48,0,1,0
30,0,12,0
33,2,1,0
46,0,1,0
38,0,0,0
36,1,1,0
28,1,1,0
50,1,1,0
35,3,1,0
31,1,5,0
32,2,2,0
37,0,2,1
33,1,0,0
27,0,1,0
35,0,5,0
38,1,1,0
38,0,0,0
40,1,2,0
44,0,6,0
40,1,1,0
33,0,3,1
34,1,1,0
32,1,0,0
35,1,2,0
38,0,1,0
30,2,1,0
26,0,5,0
32,0,0,0
44,3,3,0
38,2,0,0
35,0,1,0
26,2,2,0
36,0,1,1
49,3,1,0
35,0,3,0
38,1,0,0
39,0,4,0
29,0,2,1
39,1,0,0
33,2,2,0
38,2,6,2
30,0,0,0
42,2,3,0
35,3,1,1
37,2,2,2
43,0,2,0
28,1,7,0
44,0,3,0
36,0,0,0
36,1,4,0
32,2,0,0
36,0,1,0
35,1,3,0
34,1,0,0
33,0,2,0
28,2,1,2
33,0,1,0
43,0,1,0
41,1,1,0
38,2,1,0
27,2,3,0
37,1,1,0
29,1,9,0
35,0,0,0
33,0,10,2
45,1,2,0
38,1,1,0
29,0,2,0
32,0,0,0
41,0,1,0
39,0,0,0
37,1,7,2
36,2,2,0
41,1,1,0
39,0,0,0
34,1,3,0
35,3,4,0
29,0,3,0
37,0,1,0
38,1,0,0
37,1,4,0
22,1,4,3
33,2,1,0
37,0,1,0
43,2,1,0
35,0,2,1
43,0,0,1
39,1,0,0
45,0,0,0
22,0,6,1
35,3,5,2
41,0,0,0
43,0,2,0
27,0,1,0
32,0,2,0
32,0,0,0
29,0,1,0
36,0,0,0
30,0,0,0
34,0,0,0
39,0,1,0
32,0,0,0
33,1,1,0
38,0,2,0
26,3,4,1
27,0,1,0
41,1,0,0
30,1,1,0
35,0,1,0
46,2,1,0
32,0,1,1
46,1,2,0
28,2,2,0
36,5,1,0
44,1,1,0
36,2,0,0
30,1,5,0
34,0,2,0
33,2,0,3
32,1,4,0
45,1,0,1
30,1,4,0
35,0,2,0
33,0,1,0
40,2,3,0
28,0,5,1
45,1,2,0
41,0,6,0
39,0,2,0
32,0,1,0
34,1,7,0
38,0,0,0
30,2,2,0
24,0,1,0
50,0,2,0
34,2,0,2
44,1,1,0
28,2,17,1
44,1,0,0
53,2,1,0
42,2,2,0
30,3,5,1
46,2,0,0
33,0,2,0
42,0,0,2
34,0,0,1
39,1,4,0
31,1,0,0
41,1,3,1
37,2,1,0
42,2,2,1
45,1,2,0
28,0,1,2
36,2,0,2
38,1,3,0
42,2,0,0
28,2,11,4
40,0,1,0
48,0,2,0
28,0,4,0
31,1,1,0
35,3,0,0
37,0,0,0
31,0,0,0
51,1,4,0
44,0,1,0
48,1,2,0
42,0,3,1
38,0,1,0
31,1,11,2
39,1,2,1
36,1,1,0
37,0,0,0
35,4,8,0
45,0,1,1
25,0,0,0
38,0,0,0
42,1,2,0
34,0,3,1
41,0,2,0
46,0,3,0
36,1,0,0
41,2,1,0
44,0,2,0
33,0,3,1
22,4,5,0
41,2,4,0
46,0,2,0
33,0,1,0
39,0,1,0
43,0,2,1
39,1,3,2
39,1,2,0
36,0,0,1
32,0,0,1
40,2,1,1
42,0,3,0
43,1,3,0
46,0,0,0
40,0,1,0
43,0,2,0
21,0,4,2
27,1,1,0
40,0,0,0
40,0,1,0
34,2,1,1
30,0,3,1
40,0,0,0
29,5,7,2
45,0,1,0
31,3,2,0
46,0,2,0
53,3,2,0
39,1,1,0
35,0,0,0
31,1,1,0
43,0,0,0
34,2,7,2
41,2,4,0
44,1,2,1
33,1,7,3
39,0,1,1
40,1,3,0
44,3,2,0
35,0,2,1
29,0,1,1
40,3,0,0
40,0,1,0
34,1,2,0
41,1,2,0
41,0,3,1
36,1,0,0
29,2,1,1
30,0,0,1
37,0,1,0
48,0,0,0
37,1,1,0
42,0,1,0
39,3,1,0
29,1,1,1
46,0,1,0
38,2,5,0
46,1,2,0
40,0,4,0
40,0,1,0
34,1,1,0
33,1,2,0
33,5,0,0
31,3,2,1
33,1,3,0
42,0,4,1
33,1,2,0
48,1,2,0
33,1,4,1
39,2,4,0
30,0,2,1
47,2,2,0
42,0,6,0
37,3,0,1
40,1,1,1
39,0,2,0
41,1,1,0
41,0,2,1
34,0,0,0
40,0,0,0
37,1,6,1
38,2,1,0
45,2,1,0
36,2,6,1
44,1,0,0
35,1,0,0
39,1,2,0
36,0,0,0
43,0,1,0
36,1,2,1
42,1,0,0
31,0,3,0
24,3,0,1
61,0,2,0
38,0,1,0
37,0,1,0
42,1,1,0
33,1,4,0
42,2,2,0
29,0,5,0
34,1,4,4
44,0,2,1
33,1,1,1
40,4,1,0
38,1,1,0
45,1,1,0
41,2,1,0
32,1,4,1
36,3,1,0
37,1,1,0
49,0,2,0
35,0,1,0
39,1,1,0
40,2,3,0
35,1,3,0
39,0,2,0
30,0,1,0
45,2,2,0
47,0,4,0
34,1,1,1
35,1,2,0
45,1,2,0
35,0,3,1
34,2,10,1
35,0,1,0
38,1,4,0
39,0,3,1
30,1,0,0
41,0,2,0
32,0,3,0
39,2,0,0
32,3,0,0
39,2,2,0
41,1,0,0
31,1,5,0
34,1,2,2
35,0,1,0
34,2,3,0
35,0,1,0
36,2,2,0
40,0,1,0
29,0,1,0
32,1,0,0
36,1,2,0
32,1,1,2
44,0,1,0
42,2,1,0
34,1,3,0
38,0,0,0
28,5,8,0
31,4,0,0
43,2,2,0
32,0,1,0
29,1,1,0
32,0,1,0
42,0,5,0
38,4,0,2
46,0,2,0
26,1,1,0
31,1,6,0
39,2,2,0
24,0,6,0
41,1,3,0
29,1,0,0
41,0,1,0
46,1,0,0
37,0,3,0
31,0,1,1
43,1,0,0
41,2,0,1
31,0,2,1
40,0,1,0
40,1,0,0
43,1,3,0
35,1,3,0
32,0,1,0
35,0,1,0
52,1,1,1
39,1,2,0
32,1,4,1
31,0,1,0
38,4,2,0
26,1,3,0
41,0,0,0
41,1,2,0
34,0,1,1
24,1,1,0
31,0,1,0
27,0,2,1
41,3,1,0
40,3,0,0
37,2,3,1
38,0,3,0
26,2,1,2
30,0,0,0
51,0,0,1
31,0,1,1
27,1,4,0
41,1,3,0
24,1,7,1
32,2,1,0
36,3,1,0
38,0,0,0
39,0,1,0
33,1,2,0
35,0,2,0
31,0,1,1
43,2,0,0
47,0,6,3
34,0,2,0
46,1,1,0
35,0,0,1
45,0,2,0
44,0,2,1
42,3,1,0
32,0,1,0
26,2,4,0
40,0,0,0
46,1,0,0
38,1,1,0
52,0,0,0
54,0,0,1
24,1,5,1
38,1,3,0
31,0,0,0
39,1,1,1
38,2,2,0
49,0,4,0
35,2,3,0
35,0,2,3
39,3,0,1
39,0,0,0
33,2,2,0
27,0,2,1
38,0,3,0
40,1,4,2
45,0,2,0
33,0,2,0
38,1,3,0
37,2,0,0
48,2,5,0
41,0,3,0
30,0,1,1
38,0,1,1
30,2,0,0
32,1,4,1
26,0,5,0
38,0,3,1
31,1,1,0
32,1,0,1
40,0,4,0
45,0,2,1
32,2,1,1
45,0,2,0
32,0,4,1
34,0,2,0
42,1,3,1
36,0,0,0
37,1,2,0
35,1,1,0
54,2,1,1
39,1,1,0
25,2,5,0
32,2,0,0
38,0,1,0
38,2,3,1
43,0,0,0
38,0,2,1
46,2,1,0
41,0,7,0
34,1,2,0
37,2,2,0
42,0,1,0
41,2,2,0
43,1,0,0
34,1,9,0
36,2,2,0
37,0,0,0
29,1,2,0
30,1,0,0
33,0,2,0
43,0,2,0
31,1,3,1
45,0,1,0
46,0,0,0
39,0,1,0
47,2,0,0
32,0,6,0
44,0,0,0
27,0,0,0
33,0,1,0
28,3,7,2
39,1,4,1
36,2,3,0
43,1,1,0
38,0,8,1
31,0,0,2
45,1,0,1
32,0,0,1
37,0,3,0
30,2,1,0
44,0,3,1
43,2,1,1
46,0,0,0
31,1,0,0
27,2,4,0
41,2,7,0
25,1,1,1
36,0,0,1
29,1,1,0
44,0,0,0
35,0,0,0
38,0,1,1
24,1,4,0
52,0,1,0
27,1,3,0
41,0,2,0
45,2,0,0
40,1,2,0
39,0,2,0
47,0,2,0
40,2,0,1
38,0,3,1
28,0,1,0
28,1,8,1
42,1,1,1
32,2,3,0
39,0,2,0
38,1,0,0
38,0,2,1
25,3,3,1
32,2,0,1
54,1,1,0
47,2,0,0
41,1,2,0
35,0,0,0
37,1,2,0
43,0,1,0
27,1,1,0
44,1,0,1
38,3,2,1
35,2,2,0
29,1,6,0
40,1,3,0
34,0,2,0
24,0,2,1
33,0,1,1
38,2,3,2
40,0,0,0
32,1,5,1
26,2,5,2
35,1,2,1
43,1,0,0
27,0,2,0
38,0,3,0
37,2,0,0
36,1,2,0
39,0,1,0
37,1,1,1
33,0,1,2
37,2,1,1
19,0,11,0
37,2,1,0
25,0,3,0
45,1,2,0
43,1,1,0
35,1,6,0
37,0,9,1
30,1,3,0
26,1,4,1
40,2,2,1
30,2,6,1
38,1,1,0
36,0,2,0
37,0,2,0
32,2,0,0
32,1,0,0
44,0,2,1
51,1,3,1
45,1,3,0
39,1,5,1
41,1,1,0
27,3,1,0
28,2,3,0
50,1,1,1
31,1,3,1
28,2,1,0
44,0,2,0
34,0,2,0
30,0,1,0
30,0,2,0
38,0,0,0
42,0,1,0
30,1,1,0
38,2,0,0
37,1,9,2
30,1,2,0
37,1,0,0
39,1,2,0
39,1,5,0
29,0,2,0
36,1,2,0
56,0,1,1
42,0,1,1
42,0,0,0
42,0,0,1
32,0,3,0
26,2,1,0
38,0,2,0
38,0,5,0
40,1,3,0
51,0,3,1
48,1,1,0
33,1,7,0
46,0,1,0
31,1,2,0
26,0,3,0
60,0,1,0
40,0,0,0
29,1,1,0
34,1,7,0
33,1,2,0
37,1,2,1
38,1,1,0
33,0,0,0
31,1,4,2
40,1,1,0
27,2,1,0
34,0,2,0
38,1,4,0
42,3,3,0
28,1,1,0
34,2,5,0
42,1,1,0
31,1,0,0
40,0,2,0
37,1,0,0
29,1,1,0
48,2,1,1
45,0,4,0
26,1,4,2
34,0,1,0
42,1,1,1
33,2,3,1
37,0,2,1
32,2,6,1
31,1,3,1
42,4,1,0
36,0,2,0
41,2,0,1
34,0,1,0
48,0,4,2
35,0,3,0
38,0,0,0
44,0,4,0
44,0,1,0
36,1,0,0
40,1,4,0
31,0,1,0
41,0,1,0
34,1,1,1
34,1,0,0
40,0,1,0
42,0,2,0
31,0,11,1
29,1,6,1
43,1,0,0
43,0,6,0
39,1,2,0
33,3,1,1
44,1,3,0
47,1,1,0
28,1,0,0
29,3,5,0
35,1,0,1
32,0,6,0
37,1,0,0
42,1,6,1
31,4,6,0
35,0,0,0
40,0,2,0
43,1,1,0
38,1,1,0
43,1,5,2
34,0,3,2
40,0,2,0
33,3,3,1
39,3,7,0
34,0,0,0
51,1,1,0
30,0,1,1
40,3,3,1
28,0,5,0
51,0,0,0
41,0,0,0
46,1,2,0
44,1,3,0
32,1,1,1
37,0,1,0
35,0,0,1
40,0,2,0
35,1,7,0
42,1,1,0
40,1,4,1
35,0,0,0
38,0,0,0
51,1,1,0
45,0,1,0
40,2,1,0
35,0,1,0
26,3,2,1
33,2,2,0
31,0,1,0
42,2,2,0
54,3,1,0
31,1,1,0
34,0,2,1
27,0,3,2
43,1,5,0
35,0,2,0
34,3,5,1
38,0,1,0
28,1,1,0
43,3,2,0
35,0,4,0
41,0,0,0
42,0,1,0
44,2,2,1
40,1,0,1
40,0,0,0
31,1,3,0
42,0,0,0
33,2,9,0
29,2,2,0
40,0,1,0
37,1,1,0
25,1,0,1
30,1,1,0
31,1,2,0
33,0,2,0
38,0,1,0
35,3,3,1
30,0,1,0
34,0,1,0
30,1,3,0
32,2,6,1
36,0,9,0
29,0,8,0
28,1,1,0
35,0,2,0
42,0,0,0
39,0,0,0
45,1,2,0
31,1,3,0
40,1,1,1
39,1,2,0
28,1,3,1
34,0,1,0
38,0,2,0
45,0,3,0
45,0,0,0
33,3,2,0
30,0,3,1
31,4,8,3
39,1,0,0
36,1,1,0
32,1,0,1
35,2,0,0
35,2,8,0
35,1,3,1
32,0,0,2
30,1,1,1
33,2,8,1
31,0,1,0
48,0,2,0
26,0,1,1
34,0,0,1
36,0,0,0
25,1,2,1
32,1,2,0
46,0,1,0
35,1,1,0
36,1,3,1
36,0,1,0
35,0,0,1
48,0,0,0
34,2,3,1
37,2,3,3
41,0,2,0
54,1,1,0
43,1,0,1
37,1,1,0
29,0,3,1
52,1,1,0
43,3,1,0
33,0,16,0
42,1,5,0
33,1,1,1
32,1,1,1
46,0,1,1
40,0,5,1
33,0,2,0
37,1,0,0
41,0,0,1
31,0,1,0
39,1,0,0
49,1,2,0
45,1,0,0
44,1,1,0
45,1,0,0
41,0,1,0
34,0,3,3
48,1,1,0
40,0,0,1
25,1,1,0
39,2,1,1
54,2,0,0
36,0,6,1
50,0,1,0
36,1,2,0
29,0,5,0
39,0,1,1
36,0,1,0
29,0,6,0
40,1,0,0
34,2,1,0
35,0,4,1
41,0,2,1
40,0,4,0
40,2,1,0
33,1,2,0
38,3,3,0
42,0,1,0
26,1,2,2
37,0,0,0
50,0,2,1
34,0,0,0
32,2,3,0
36,4,1,0
43,0,4,0
45,0,0,0
43,1,0,0
42,0,1,1
36,1,1,0
39,0,0,1
31,1,1,0
36,1,1,0
36,1,0,0
36,0,1,0
44,0,5,0
36,0,0,0
40,1,1,1
46,1,1,0
40,0,0,0
38,0,1,0
40,0,0,0
34,1,0,0
36,0,1,0
31,0,0,0
46,0,1,0
39,0,4,0
30,0,8,0
30,0,4,0
33,0,5,1
41,4,2,1
32,1,3,0
27,1,4,2
30,3,1,0
24,0,2,0
55,2,1,0
46,0,2,0
42,4,1,0
49,0,1,0
52,1,0,1
36,1,2,0
38,2,2,0
32,1,2,0
31,2,3,0
38,0,1,0
45,2,2,0
48,0,3,0
30,3,1,1
54,1,3,0
29,7,5,0
32,1,2,0
34,0,9,1
41,1,3,3
39,0,13,3
39,0,0,0
29,1,5,2
29,2,2,0
49,0,0,1
33,0,0,0
46,0,1,0
32,4,2,1
40,0,2,0
41,0,1,0
33,0,2,0
44,0,2,1
31,1,1,0
35,0,2,1
40,0,2,0
33,2,2,0
60,0,2,0
40,2,1,0
30,0,9,0
35,1,0,0
44,0,1,0
38,0,1,1
40,1,3,0
35,0,2,0
42,1,2,0
45,1,3,0
31,1,1,0
29,0,1,0
44,0,0,0
44,0,1,0
42,1,2,0
33,1,0,0
35,2,0,0
30,0,1,0
39,0,2,0
39,2,1,0
40,1,0,1
39,1,3,0
32,1,0,0
27,2,3,0
36,2,3,0
42,2,1,0
37,0,3,1
41,0,1,0
38,2,0,1
43,1,0,0
41,0,1,0
33,0,1,0
38,0,1,0
37,2,4,3
42,1,1,0
44,1,0,0
35,1,3,0
34,0,4,2
42,1,0,0
32,2,0,0
41,0,1,0
49,0,0,0
46,2,1,0
42,1,4,1
34,2,0,0
47,0,1,0
36,0,2,0
34,2,9,2
44,2,5,0
27,2,1,0
35,0,0,0
36,0,1,0
27,1,2,0
31,1,5,2
36,1,1,0
28,0,1,0
57,1,2,0
44,2,2,0
35,1,7,2
47,0,0,0
48,1,3,0
36,1,1,0
37,0,0,1
32,1,1,0
40,1,2,0
33,1,0,0
32,2,0,0
23,3,11,0
41,1,0,0
52,1,0,0
29,0,2,1
40,1,2,1
41,0,3,1
35,2,3,0
34,0,0,0
36,0,2,0
30,1,1,0
26,1,3,0
26,0,1,0
49,0,2,0
35,0,1,0
48,0,1,0
29,3,1,1
35,0,0,1
32,5,4,0
40,0,1,0
45,2,0,0
41,0,0,0
38,0,0,0
43,0,2,0
31,0,7,1
38,1,0,1
38,1,0,0
37,1,3,0
36,0,1,0
33,1,2,0
33,5,2,0
26,0,2,0
46,0,0,0
39,0,1,0
29,0,2,0
28,0,3,1
33,1,2,2
39,0,1,0
32,1,4,0
29,0,1,1
45,0,3,0
31,2,3,0
43,1,1,0
38,0,0,0
37,2,2,0
44,0,2,0
37,0,0,0
46,1,2,0
25,4,3,0
27,0,7,1
45,0,1,1
37,1,1,0
36,2,2,0
36,0,3,0
37,2,0,0
37,2,1,0
27,0,0,0
47,0,0,0
31,2,6,1
48,1,0,1
45,1,1,0
42,1,0,0
42,2,0,0
32,0,1,0
40,1,0,0
30,0,3,0
32,0,5,1
35,5,2,0
24,1,3,1
42,1,3,0
27,2,5,0
49,0,5,0
36,1,3,0
33,1,0,1
44,0,3,0
29,1,3,0
33,0,1,0
36,4,2,0
31,0,2,3
45,0,1,0
30,1,4,0
40,1,0,0
45,1,1,0
43,0,1,0
36,0,1,0
40,1,0,1
31,1,1,0
31,1,0,0
38,3,2,0
43,1,1,1
33,2,8,2
41,3,2,0
33,0,2,0
32,0,2,0
40,0,0,0
34,0,3,0
46,1,2,1
41,1,5,1
44,0,1,0
32,1,2,0
51,0,2,0
38,2,1,2
42,1,2,0
45,0,3,0
33,0,0,0
44,0,2,0
42,1,1,0
32,1,1,0
32,0,1,0
30,0,1,0
39,1,1,0
34,2,3,0
38,0,5,0
26,1,5,1
30,1,3,1
50,1,0,0
32,1,3,0
32,0,4,1
34,0,2,0
32,1,2,1
34,0,1,0
49,0,1,1
34,1,2,0
46,0,1,0
32,0,2,0
35,2,4,3
40,0,1,0
48,0,0,0
34,1,8,0
35,1,2,0
37,1,2,0
36,0,0,0
41,1,0,0
36,0,2,0
32,2,0,0
31,1,1,0
32,0,0,1
34,0,2,0
35,0,0,1
33,0,1,0
37,1,2,1
34,0,4,1
45,1,1,0
42,0,2,0
32,0,3,1
32,1,4,0
37,0,0,0
42,1,1,0
39,1,2,0
30,1,10,0
42,1,1,0
28,1,4,1
34,2,1,0
36,0,1,0
45,2,2,0
39,0,0,1
46,0,1,0
33,0,1,0
28,0,1,1
37,2,0,0
36,1,4,0
28,5,10,1
36,1,3,1
29,2,3,1
30,1,6,1
39,2,1,0
43,0,1,0
35,1,4,0
40,1,2,1
43,1,3,0
37,1,1,1
44,0,1,0
39,2,0,1
32,0,2,0
48,0,2,0
36,3,1,0
31,1,5,1
44,1,1,0
32,1,5,0
35,1,2,0
36,0,1,0
34,1,5,1
34,0,1,1
37,2,6,1
41,1,2,0
53,0,3,1
49,0,2,1
30,2,1,1
49,1,0,1
52,2,1,0
25,0,4,1
33,1,2,1
30,0,1,0
35,0,0,0
33,1,1,0
37,0,0,1
36,3,1,0
39,1,5,2
33,1,0,0
48,0,1,1
36,2,0,0
40,0,3,0
36,0,2,0
38,0,1,0
39,0,0,0
38,0,0,0
29,1,4,2
38,1,1,0
32,0,6,1
50,1,1,1
32,0,1,0
34,1,1,0
33,0,6,0
35,2,1,0
37,0,1,0
34,2,5,2
36,0,3,0
39,5,3,1
32,0,5,0
42,0,3,0
36,1,2,0
42,1,2,1
31,4,3,1
35,0,0,0
27,0,1,0
44,0,3,0
33,2,4,0
41,1,0,1
45,2,4,0
19,6,4,1
28,3,3,3
30,0,11,0
41,2,3,0
29,0,4,0
43,2,1,0
37,0,0,0
34,0,0,0
37,0,1,0
45,1,0,0
40,1,2,1
34,1,1,0
44,0,1,0
46,1,0,0
34,0,4,0
31,0,6,0
29,1,3,0
43,0,2,0
42,1,4,1
34,1,0,0
29,3,5,3
40,1,2,1
38,1,3,0
35,0,3,0
35,1,3,0
33,3,8,1
33,0,3,0
28,3,1,2
43,1,0,0
30,1,5,2
39,0,0,0
43,1,1,0
31,1,0,0
35,0,4,0
38,0,1,0
45,0,0,0
30,2,4,1
30,0,2,0
41,1,3,0
49,1,6,0
35,0,0,0
36,0,4,0
35,0,7,3
49,0,2,0
43,0,0,1
60,0,1,0
31,0,3,0
43,0,3,0
42,1,1,0
38,2,3,3
42,2,1,0
44,0,4,0
31,0,7,1
32,0,1,0
36,1,0,0
55,2,1,0
37,0,3,1
34,1,2,0
38,0,6,0
25,0,6,1
23,2,5,2
36,0,1,0
24,0,1,0
41,1,1,0
33,0,2,0
39,2,1,0
45,1,3,0
37,2,2,0
33,1,5,0
31,1,1,0
33,1,3,0
43,1,1,0
31,1,5,0
40,1,0,0
40,0,1,0
45,1,2,0
43,1,0,0
42,3,1,0
32,1,1,0
35,1,8,0
36,1,0,0
37,0,0,0
43,2,4,0
32,3,2,0
33,4,8,2
40,1,1,0
34,0,0,0
45,0,1,1
33,2,2,0
34,2,1,0
49,1,0,0
41,2,0,0
33,1,1,0
37,0,6,0
33,1,6,2
37,0,2,0
37,1,3,1
37,1,2,1
32,0,1,0
32,1,2,3
42,0,1,0
46,1,1,0
32,0,1,0
40,1,2,0
43,2,5,0
34,3,1,0
31,3,3,0
31,2,6,1
37,2,1,0
22,1,7,1
36,1,0,1
45,3,1,0
33,0,0,0
41,3,1,0
46,1,0,1
49,0,3,0
32,0,2,2
37,1,2,0
31,1,2,0
27,1,1,0
27,1,0,0
28,0,1,0
42,1,0,0
38,0,0,0
38,0,1,0
30,0,1,0
37,0,2,0
29,1,7,0
27,0,6,1
37,1,6,0
38,1,3,0
36,0,4,0
27,0,5,0
35,0,5,1
41,0,1,0
43,0,0,0
29,0,3,1
39,2,1,0
40,0,1,0
34,0,2,0
40,0,2,0
49,3,1,0
34,0,0,0
49,1,0,0
38,0,0,0
31,0,2,0
37,0,4,0
41,0,6,1
33,0,3,0
21,3,7,0
34,0,2,0
37,4,0,0
31,0,0,0
40,0,1,0
35,0,2,1
37,3,0,1
36,0,1,0
35,2,0,0
30,3,4,0
42,2,2,1
36,1,0,0
25,2,0,0
28,1,5,0
34,0,2,0
46,0,1,0
29,0,1,0
32,0,1,0
60,1,8,0
26,1,1,1
27,0,0,0
44,2,2,0
35,2,4,1
30,1,0,0
40,1,2,0
34,0,1,0
33,0,1,0
37,0,1,1
38,0,3,0
39,0,0,0
37,1,5,1
40,0,0,0
35,1,1,0
44,1,1,0
38,1,0,0
36,1,1,0
44,1,1,0
33,0,9,0
40,0,2,0
37,0,1,0
36,1,4,0
37,2,0,1
32,1,1,2
38,1,2,1
25,3,6,3
38,1,0,0
43,0,1,0
34,0,2,1
45,0,0,0
30,0,1,0
36,1,1,0
35,2,6,1
39,1,0,0
35,0,0,0
38,1,1,0
34,0,2,0
47,2,1,0
36,0,0,0
37,0,2,1
42,1,0,1
29,0,0,1
34,2,1,0
45,3,6,1
39,1,3,1
29,0,0,1
35,0,0,0
49,0,0,1
40,2,0,0
32,2,2,0
31,1,0,0
41,2,3,1
32,0,0,0
25,0,2,0
27,0,7,0
44,0,0,0
43,0,0,1
30,1,4,1
33,1,0,1
36,0,1,0
30,0,4,1
36,0,0,0
38,0,1,0
35,1,1,0
44,2,1,0
37,0,1,1
34,3,3,1
34,1,2,1
26,1,0,0
29,1,2,1
41,1,8,0
38,1,4,0
54,0,1,0
26,1,6,0
39,3,1,0
36,2,3,0
39,0,3,0
30,0,3,0
35,2,5,1
33,4,0,0
31,2,5,0
28,1,1,0
35,4,2,1
42,2,3,0
48,0,0,0
37,0,2,0
43,0,0,1
47,2,0,0
27,1,1,0
47,1,1,0
35,2,0,0
24,1,3,2
47,0,2,0
45,0,3,0
44,1,2,0
29,0,0,0
46,0,3,1
33,1,1,1
26,1,7,0
31,1,1,0
44,0,0,0
43,0,6,0
31,2,2,0
31,0,1,0
31,3,3,0
31,1,4,0
39,2,0,0
35,2,1,0
32,2,1,0
37,1,1,0
27,0,1,0
40,0,2,0
39,1,6,2
37,2,1,1
35,0,1,1
46,0,1,0
36,2,0,0
42,0,0,0
46,0,3,0
45,1,3,0
38,3,1,0
43,2,0,0
39,0,1,1
33,2,4,1
46,0,0,0
33,1,2,0
34,0,2,0
39,2,4,3
39,0,1,0
38,1,1,1
36,0,6,1
41,1,1,0
42,0,1,0
41,0,2,0
32,3,0,0
33,0,1,0
46,1,2,1
37,0,2,0
36,0,2,0
39,1,1,0
47,1,1,0
28,1,1,0
43,0,2,1
33,1,2,0
29,1,1,1
34,3,3,0
36,3,0,0
33,0,0,0
21,1,2,1
28,1,0,1
40,1,3,1
36,0,0,0
25,0,4,2
35,1,2,0
36,2,1,0
44,1,1,0
45,2,5,1
37,0,2,0
27,1,1,1
34,1,2,0
37,3,2,1
39,1,0,0
47,0,2,0
31,1,1,0
36,0,2,0
36,4,4,1
47,1,1,0
38,0,0,0
45,0,3,0
35,0,0,0
28,2,8,0
32,0,1,0
31,0,6,1
44,0,2,0
39,0,0,0
31,1,4,0
37,1,0,0
43,0,0,0
36,1,0,2
48,0,1,0
38,1,5,0
35,2,2,1
40,1,1,0
44,1,0,0
49,1,1,0
37,0,1,0
39,1,4,2
31,0,1,0
37,4,2,0
23,1,5,1
46,0,4,0
39,0,8,2
25,0,1,0
38,0,0,0
45,1,1,0
40,4,1,0
38,0,1,0
41,0,1,1
43,1,0,0
28,0,1,0
40,0,1,0
38,0,1,0
30,0,1,0
39,2,0,0
39,0,4,1
33,1,4,3
40,2,2,0
37,1,6,0
47,2,1,0
36,0,2,0
38,1,0,0
32,0,3,1
36,2,1,0
39,1,0,0
32,1,9,3
39,1,1,0
45,0,0,0
53,0,2,0
26,1,0,0
37,1,0,0
33,0,3,0
29,0,2,0
42,2,0,0
39,0,0,0
34,2,0,0
44,1,2,1
44,0,1,0
35,1,0,0
42,3,7,0
40,0,1,0
29,0,1,1
30,2,9,0
33,1,6,0
32,1,9,2
35,3,0,0
50,0,0,0
34,0,0,0
40,1,0,0
40,2,0,1
33,1,3,0
32,0,0,0
33,0,2,0
34,0,3,0
45,1,2,0
30,0,3,0
46,0,1,0
38,1,1,0
25,0,7,0
30,0,3,0
37,0,2,0
49,0,0,0
40,0,0,0
32,1,2,0
34,4,0,0
34,1,0,0
44,1,1,1
39,0,0,0
38,1,1,0
32,3,1,0
26,1,3,1
47,0,2,0
41,0,1,0
39,1,4,1
55,0,3,0
47,0,1,1
32,0,3,0
37,3,4,2
34,1,2,4
41,6,0,0
53,3,1,1
46,0,1,0
29,0,3,1
34,0,2,0
43,1,0,0
27,0,0,0
46,2,2,0
37,1,0,0
28,0,1,0
40,4,2,0
37,1,1,0
39,0,0,1
27,0,1,0
36,0,3,0
35,2,2,0
37,1,6,0
41,0,1,0
44,3,0,0
38,1,2,0
40,0,1,2
33,3,7,0
31,0,0,0
42,1,2,0
39,1,1,0
47,0,0,1
27,3,4,0
38,1,1,0
28,0,4,1
40,0,4,0
29,0,3,1
34,1,11,2
29,0,0,0
34,2,0,0
38,0,2,0
31,1,1,0
40,0,0,0
41,2,4,0
35,1,3,0
42,1,1,0
34,0,0,0
26,1,5,0
32,2,3,1
28,0,3,1
27,0,1,0
48,1,1,0
40,0,2,0
39,3,1,1
42,0,1,1
35,0,0,0
44,0,1,0
36,1,1,0
39,0,0,0
45,1,5,1
43,1,4,0
42,2,0,0
41,0,3,0
33,1,1,0
35,0,1,0
36,1,3,0
28,2,0,0
28,0,2,0
39,2,9,0
32,1,1,0
34,2,5,0
35,0,5,1
36,2,6,0
35,3,3,0
31,0,0,0
38,4,0,0
45,0,2,1
29,0,3,0
38,0,1,0
46,1,0,0
35,1,6,1
42,1,4,1
43,0,2,1
35,3,0,0
26,0,2,0
36,0,1,1
35,2,2,2
39,0,0,0
37,2,2,0
33,2,2,0
44,1,0,0
39,0,1,0
39,1,2,0
40,0,1,0
47,0,0,0
25,0,7,0
38,1,0,0
35,1,1,1
32,0,4,0
31,2,3,1
50,0,1,1
32,0,1,0
34,1,3,0
38,1,0,1
32,2,2,0
40,1,6,2
35,1,1,0
43,0,0,1
40,1,1,0
34,1,0,2
29,0,3,0
43,1,3,0
22,2,2,0
29,0,2,0
46,2,4,0
40,1,2,0
39,3,2,0
32,2,2,0
42,1,0,1
37,0,1,0
37,0,1,0
32,0,1,0
40,0,3,0
31,1,1,0
28,4,4,1
22,1,0,0
32,0,1,1
32,0,1,0
33,3,3,1
28,2,0,0
37,2,1,0
23,0,8,1
34,2,1,0
38,2,1,0
22,1,1,0
42,0,1,0
41,2,2,0
19,0,1,0
29,0,1,0
33,3,2,1
25,0,3,1
41,0,3,0
40,1,0,0
34,0,2,0
42,0,4,0
37,2,1,0
46,2,2,1
26,1,1,1
40,1,1,1
35,0,2,0
35,0,10,0
45,1,2,0
40,0,2,0
47,0,2,0
47,1,3,0
48,1,0,1
41,2,1,1
41,0,2,0
31,1,2,0
33,1,4,0
24,3,1,0
23,2,2,0
36,1,1,0
34,1,2,0
37,1,1,0
37,2,0,0
38,0,2,0
32,0,1,0
34,0,1,0
41,3,9,0
40,0,0,0
36,1,1,1
27,2,3,1
39,1,1,1
28,0,2,0
35,1,2,0
37,1,0,0
35,0,0,0
45,0,2,0
37,0,0,1
45,0,0,0
24,0,0,1
34,2,1,1
41,0,0,1
29,3,5,0
38,0,0,0
32,1,1,0
43,1,4,1
38,1,1,0
31,1,5,2
35,0,0,0
45,0,0,0
38,2,1,0
36,0,4,0
31,1,2,1
37,2,8,0
26,0,1,0
45,1,2,0
39,1,0,0
44,1,1,0
43,1,0,0
45,1,2,1
37,0,3,0
39,0,3,0
36,1,0,1
25,0,1,0
71,1,0,1
28,2,8,0
56,3,3,1
25,1,3,1
37,0,1,0
39,1,1,1
37,3,1,1
44,1,0,0
37,4,1,0
32,3,4,0
42,0,3,1
36,0,1,0
38,0,1,0
42,0,1,0
42,1,3,0
39,0,1,1
39,0,2,0
40,0,2,0
45,0,4,0
25,0,1,1
40,1,2,0
38,0,3,0
27,1,4,1
35,0,3,0
29,1,3,0
46,0,1,0
40,0,2,0
38,0,1,0
39,2,0,2
39,1,9,0
33,1,1,1
27,0,6,0
38,1,0,0
40,0,1,0
47,0,1,0
42,0,1,0
37,0,1,0
24,0,1,1
44,2,4,0
26,1,2,1
30,4,9,1
49,5,0,0
39,2,2,0
40,2,3,1
31,1,6,0
25,2,1,0
34,2,2,1
39,1,1,0
36,1,1,0
29,2,0,0
43,2,2,1
39,1,3,0
31,0,4,0
30,0,0,0
43,0,1,0
32,1,0,0
32,2,4,3
38,0,2,0
38,1,0,0
41,0,2,0
25,1,3,0
41,0,3,0
29,0,0,0
31,2,2,3
41,2,1,0
33,0,0,1
46,0,1,0
40,1,0,0
37,2,2,0
34,0,1,0
34,2,2,0
42,1,3,0
43,0,2,1
28,1,5,2
35,1,1,0
36,0,1,0
30,2,0,0
49,0,0,0
44,2,2,1
38,1,3,0
34,0,1,0
39,0,4,1
37,1,2,0
40,0,4,1
32,2,6,3
34,0,4,0
42,0,0,1
28,2,5,0
40,1,0,0
46,0,1,0
33,2,2,0
46,2,1,2
30,3,8,0
28,0,8,3
42,1,0,0
32,0,2,0
51,0,3,0
40,1,2,2
22,3,6,0
42,0,2,0
32,2,4,0
38,1,0,1
41,1,2,0
38,0,0,0
31,0,2,0
42,2,1,1
32,6,0,0
36,2,3,0
40,2,2,0
35,1,1,2
40,1,1,0
34,1,1,0
34,3,1,0
38,1,2,0
45,1,1,0
25,2,6,1
23,1,7,0
48,0,0,0
38,0,1,0
44,0,4,0
41,2,2,0
46,2,1,0
36,0,1,0
42,1,2,0
44,0,2,0
39,0,1,0
41,0,3,1
39,0,9,0
36,0,3,1
44,1,1,0
56,1,2,0
39,1,2,0
38,5,1,1
41,0,0,1
36,1,1,0
35,1,0,0
33,1,0,1
31,0,4,0
40,1,2,0
38,1,2,0
49,1,2,0
43,2,4,1
34,4,0,1
24,1,9,0
31,0,5,0
38,0,1,0
44,2,3,0
41,2,7,2
35,0,2,0
40,0,3,0
47,0,1,0
38,0,0,1
23,1,0,0
26,2,2,0
41,0,1,1
40,1,1,0
35,0,2,0
45,2,2,1
33,2,2,2
49,1,2,0
38,1,4,1
45,1,2,0
33,0,0,0
36,1,2,2
50,0,3,0
35,1,1,0
39,1,2,0
36,0,1,0
32,2,1,0
40,0,3,0
31,1,2,0
38,0,2,0
50,1,1,0
32,0,2,0
26,0,8,0
35,0,4,0
37,0,2,0
47,1,1,0
40,1,1,0
41,2,2,1
36,0,1,0
26,0,0,0
45,1,3,0
33,0,2,0
43,1,1,1
32,0,1,0
25,0,7,0
36,0,5,1
40,0,3,0
36,1,1,1
43,0,0,0
32,3,2,0
31,2,1,1
43,1,0,1
26,0,1,0
28,0,0,0
35,0,3,2
25,0,5,0
29,1,3,0
35,4,4,1
41,0,1,0
38,1,2,0
30,1,1,0
41,0,2,0
40,0,1,0
53,0,2,0
35,1,3,1
32,0,1,0
43,0,0,1
37,0,2,0
40,1,9,3
33,1,8,1
40,2,0,1
41,0,2,0
40,0,2,0
32,1,1,2
32,1,7,1
31,1,1,0
41,0,2,0
36,1,0,0
44,0,1,1
40,0,3,1
44,0,1,1
32,0,3,1
42,4,0,1
42,0,1,0
29,2,5,3
35,1,0,0
29,1,8,0
28,2,2,1
39,0,1,0
34,2,5,0
34,3,0,0
37,1,1,0
40,1,3,0
31,1,4,1
28,0,1,1
34,0,1,0
39,3,2,0
34,2,0,0
42,0,1,0
28,2,2,2
38,1,2,2
32,1,4,0
32,0,0,0
39,0,0,0
31,1,7,1
37,0,1,0
27,0,2,0
34,1,2,0
35,2,1,0
33,2,2,0
45,1,2,1
29,0,1,0
28,2,6,1
50,2,1,0
35,3,1,1
21,1,9,1
25,2,7,1
42,0,2,0
49,2,1,0
30,1,2,0
24,2,2,0
46,0,0,1
31,2,1,0
42,1,2,0
34,1,1,0
39,0,2,0
37,0,0,0
45,0,4,0
39,1,0,0
39,0,4,0
33,0,2,0
37,0,4,1
46,0,1,0
33,1,1,1
49,0,0,0
46,1,4,0
42,1,1,0
33,0,1,0
37,1,3,0
40,0,4,0
40,0,0,0
38,1,6,2
39,2,2,0
44,1,1,1
34,0,2,0
39,1,0,0
44,0,8,1
35,2,0,0
31,0,3,0
31,3,5,1
43,0,0,0
34,0,2,0
28,0,0,0
32,2,3,1
45,0,1,0
41,1,1,0
49,2,0,0
51,0,2,0
46,0,1,1
39,3,0,0
31,0,3,0
28,1,6,1
39,2,1,0
42,0,0,0
43,0,0,0
42,3,0,1
37,0,3,1
31,1,0,0
46,1,0,1
40,2,1,0
31,1,1,0
26,1,0,1
36,1,1,0
34,1,7,0
31,2,0,0
35,0,4,1
32,0,4,0
34,1,0,0
38,1,4,1
39,0,3,0
36,0,1,0
41,1,0,1
38,2,1,0
44,0,5,0
35,0,1,0
24,2,2,0
44,1,0,0
33,0,2,0
36,1,0,0
38,0,1,0
29,0,2,0
37,0,4,0
39,0,0,0
37,0,5,0
35,0,0,0
41,0,0,1
32,0,1,0
48,0,3,0
32,0,7,0
44,0,5,0
25,1,10,2
35,3,8,0
42,1,1,1
34,2,0,0
36,0,2,1
35,0,0,0
43,0,0,0
33,0,0,0
31,0,1,0
31,0,4,0
37,0,1,1
37,0,1,0
35,2,2,0
35,1,0,0
40,0,2,0
39,0,0,0
48,0,1,0
36,0,3,0
33,0,5,0
35,0,1,0
43,1,7,2
34,0,2,0
40,1,0,0
41,0,2,1
46,1,2,0
40,1,0,0
34,0,4,1
36,1,1,0
40,0,0,0
42,0,3,0
26,2,5,2
31,0,0,0
30,0,1,0
51,0,2,0
30,0,5,0
22,1,3,0
41,0,1,0
33,0,4,0
34,0,2,0
31,1,1,1
39,1,2,1
33,4,4,1
48,0,1,0
45,1,1,0
48,2,3,0
35,2,3,0
32,3,13,0
38,1,3,1
41,0,2,0
32,1,1,0
46,5,1,0
47,3,0,2
29,2,1,0
23,0,2,0
50,1,1,0
37,0,2,0
42,2,1,0
40,1,0,0
42,0,0,1
36,1,1,0
32,1,4,0
38,1,1,0
33,3,7,0
34,3,4,0
41,0,1,1
31,2,1,0
40,0,2,0
35,3,1,0
31,0,2,0
38,1,1,0
38,1,5,1
37,0,1,1
34,0,0,0
32,1,2,0
41,1,1,0
40,1,1,0
36,1,1,0
54,0,0,0
40,0,2,0
34,1,2,0
37,0,2,1
39,0,3,0
43,0,3,0
44,0,1,1
40,1,2,0
28,0,1,0
34,2,4,0
44,0,1,0
39,2,1,0
46,0,3,0
35,0,5,0
45,3,0,0
39,1,2,0
33,0,0,0
37,2,0,0
38,2,3,1
37,0,1,0
41,1,3,2
30,3,2,1
36,1,3,0
39,2,1,0
40,1,0,0
36,2,0,0
40,1,1,0
35,0,4,0
32,0,0,0
47,1,1,1
48,1,1,0
34,3,2,1
31,0,4,1
39,1,2,1
42,0,0,0
39,1,2,0
45,1,0,0
42,1,1,0
43,0,1,0
45,2,1,0
37,3,7,1
33,0,0,0
39,1,0,0
34,0,1,0
24,2,6,1
31,1,0,0
28,3,3,0
24,1,1,1
35,1,1,0
23,2,2,0
34,2,7,1
36,1,2,1
42,1,5,2
42,0,0,1
31,1,0,0
39,1,0,0
46,2,1,0
42,3,2,0
36,3,1,2
28,1,6,3
37,0,0,0
38,0,0,0
39,0,2,0
38,1,1,1
36,1,4,0
38,2,3,1
40,0,1,0
45,1,1,0
35,1,2,0
38,2,1,0
40,0,0,0
34,3,0,0
37,0,3,0
34,0,3,0
36,1,6,0
41,1,2,0
42,0,4,0
42,1,3,1
44,1,0,0
52,0,4,0
36,2,2,0
32,0,0,0
38,1,3,0
41,0,2,0
40,1,6,0
29,0,1,0
36,0,1,0
29,0,2,1
48,2,1,0
29,1,12,2
31,1,2,2
43,1,3,2
44,2,3,0
36,2,8,3
39,2,7,2
41,0,2,0
33,0,1,0
33,0,1,0
43,0,3,0
39,0,2,0
43,3,0,0
34,0,1,0
38,0,1,0
34,1,0,0
34,1,0,2
44,1,1,0
42,1,3,0
35,2,3,0
40,0,1,0
30,0,0,0
38,1,6,0
32,2,0,0
49,1,1,0
34,1,5,2
32,1,8,2
39,1,5,0
34,0,6,2
45,0,0,0
29,0,7,0
41,0,2,0
32,2,2,0
41,0,3,2
38,3,1,0
34,2,3,0
41,2,0,0
41,0,3,0
34,1,5,0
40,2,1,0
39,0,0,1
32,0,2,0
44,0,6,2
40,0,1,0
37,2,5,2
42,0,3,0
28,1,2,0
36,0,4,0
41,1,0,0
31,0,2,0
28,0,0,0
44,1,6,1
32,0,3,0
35,0,1,1
23,0,4,0
43,0,2,0
23,1,5,0
31,0,3,0
19,1,1,0
33,0,0,0
31,0,0,0
40,1,0,1
36,0,0,0
35,1,4,1
32,2,0,0
38,0,6,1
30,2,1,0
40,1,1,0
33,1,4,0
33,1,2,0
44,0,0,0
35,0,1,1
46,0,2,0
48,1,1,0
45,2,1,0
45,1,1,0
39,0,2,1
28,0,0,0
34,4,1,0
41,1,1,0
30,1,7,0
36,0,2,1
41,2,0,0
46,1,1,0
28,2,4,0
33,0,0,0
44,0,0,1
46,1,0,0
36,1,3,0
44,1,2,0
29,1,0,1
35,1,1,0
32,1,5,1
47,0,0,0
35,0,1,1
30,1,0,0
39,1,1,0
34,2,2,1
36,1,1,0
34,1,0,0
29,1,2,0
43,2,1,0
31,0,1,0
40,0,1,0
32,0,1,0
31,0,1,0
31,0,0,0
35,1,1,0
42,1,0,0
33,0,4,0
35,3,7,1
37,1,2,2
38,3,1,0
41,0,2,0
31,0,4,2
37,2,2,0
36,3,2,0
38,1,3,0
42,0,3,2
37,1,1,0
37,1,0,0
42,0,0,0
25,2,2,1
32,1,3,0
34,0,5,1
43,2,1,0
30,1,1,0
32,0,2,0
34,2,0,0
29,0,1,0
46,1,1,0
38,0,0,0
39,1,3,0
39,0,1,0
37,1,1,0
31,0,1,1
34,2,7,1
46,0,1,0
36,1,1,0
39,3,2,0
33,1,3,0
31,0,2,2
37,1,4,0
43,1,2,1
26,2,3,1
30,0,2,0
37,0,0,0
43,1,3,1
41,0,1,1
43,0,1,0
39,1,0,0
40,1,1,1
39,0,4,1
35,0,3,1
42,0,2,0
35,1,2,0
33,0,0,0
34,2,0,0
34,0,4,2
43,1,1,1
45,0,3,0
36,0,4,0
36,0,4,0
44,0,1,0
48,0,1,0
48,0,2,0
33,0,1,0
36,0,2,0
31,0,1,0
42,1,0,0
44,0,3,1
36,1,2,1
43,2,0,0
30,0,4,0
37,1,0,0
47,1,0,0
36,0,4,0
34,2,0,0
39,0,4,2
41,0,0,2
41,4,0,0
38,1,0,0
49,2,0,0
45,1,1,1
40,6,1,0
41,1,2,0
37,2,6,2
30,0,4,0
34,1,4,0
37,2,13,0
37,0,2,0
35,0,3,0
31,0,5,0
42,0,2,1
33,0,1,0
37,0,1,0
42,0,0,0
48,1,1,0
26,0,13,1
30,0,1,1
38,0,5,1
42,0,1,0
47,1,2,0
38,1,2,0
32,1,0,0
35,0,3,1
25,1,0,0
31,0,1,0
36,1,0,1
37,0,0,0
40,0,6,0
37,0,2,0
38,2,4,0
40,1,3,0
37,0,2,0
24,3,1,1
40,0,2,0
36,1,2,2
26,2,1,0
39,2,2,0
39,0,4,3
42,0,1,0
31,2,2,0
26,3,0,0
27,0,1,0
28,1,1,0
38,1,0,0
41,1,1,0
38,0,1,0
29,1,2,0
39,1,1,1
42,3,0,0
32,1,0,1
33,1,0,0
44,1,1,0
29,0,3,3
38,1,2,0
33,0,1,0
41,0,1,0
40,0,2,1
36,0,1,0
29,0,1,0
43,1,0,0
37,0,0,1
24,2,2,0
42,1,0,0
50,0,2,0
31,3,0,0
41,0,1,0
42,0,3,0
45,0,0,0
38,0,2,0
35,0,3,1
36,0,0,0
42,0,1,0
30,0,1,0
39,0,0,0
34,1,2,0
42,2,0,0
44,0,1,0
40,0,0,0
29,1,2,0
45,0,1,0
43,3,1,0
43,2,0,0
37,2,1,1
50,3,2,0
36,3,1,2
30,1,2,0
38,2,4,1
30,0,0,0
31,2,7,2
31,0,3,0
33,1,2,0
48,0,0,0
29,1,2,0
44,0,3,0
37,0,0,0
40,2,2,0
30,0,5,0
35,0,0,0
32,0,1,0
37,0,1,0
35,4,2,0
38,1,2,0
46,2,3,1
42,0,1,0
27,1,9,1
42,2,2,1
44,0,0,1
36,2,6,0
40,0,1,1
40,2,2,0
38,3,1,0
33,0,2,0
33,1,8,1
39,0,0,0
35,0,3,0
45,0,5,0
31,1,1,0
40,0,0,0
29,0,1,0
37,0,3,0
27,1,11,1
32,0,5,0
37,0,2,0
48,0,2,2
28,3,7,2
41,1,0,0
42,0,3,0
29,1,5,0
41,1,2,0
32,3,2,1
40,0,0,0
36,0,0,0
42,2,1,0
43,0,0,1
34,2,0,0
41,0,2,0
30,1,1,0
36,1,4,1
22,1,10,0
44,1,2,0
41,0,3,1
35,0,0,0
25,0,1,0
35,1,0,0
34,0,3,1
40,1,2,2
44,2,1,0
38,1,0,0
44,1,3,0
30,4,2,0
42,1,4,0
34,1,4,1
41,1,1,0
32,2,1,2
43,0,0,0
34,0,1,0
43,0,2,0
44,0,1,0
39,0,2,0
39,1,0,0
47,2,3,1
41,1,2,0
27,0,1,0
39,0,1,1
52,1,2,0
32,1,0,0
24,2,7,0
32,1,7,0
29,1,11,1
41,1,1,1
39,0,0,0
43,1,2,0
48,0,1,0
35,1,1,0
33,0,1,0
29,1,5,2
40,1,0,1
47,0,1,0
38,0,1,0
35,6,0,0
45,0,3,0
33,0,0,0
49,0,5,0
41,0,3,0
29,1,2,0
22,0,2,0
25,0,2,0
39,1,4,0
34,0,0,0
35,0,1,0
47,0,0,0
40,1,0,0
55,1,0,0
28,2,8,1
45,0,4,0
45,4,3,0
42,1,0,0
38,0,1,0
21,1,3,4
35,0,4,1
32,1,0,0
36,2,1,0
39,0,1,0
41,0,4,3
39,1,4,0
36,0,4,2
37,0,3,0
32,0,2,2
44,0,2,0
32,3,5,0
37,0,1,1
35,0,2,1
28,0,3,0
39,0,1,0
37,0,0,0
41,0,3,0
37,4,1,0
41,1,5,0
36,1,2,0
51,1,1,0
42,2,2,0
38,5,11,0
43,1,2,0
41,1,3,0
40,0,7,1
39,1,5,1
41,4,0,1
33,2,1,0
41,0,4,0
38,2,6,0
38,6,5,0
49,1,1,1
33,1,4,1
39,1,5,2
37,0,2,0
30,3,3,0
52,1,4,0
43,1,1,0
42,2,1,1
27,0,2,0
46,1,1,0
42,1,2,1
33,1,3,1
48,0,0,0
43,0,1,0
38,0,1,0
44,0,1,0
26,0,1,0
32,0,2,0
39,1,3,1
37,1,2,0
34,0,3,0
33,0,2,0
32,0,1,1
46,0,3,0
51,0,0,0
35,0,2,0
40,0,0,2
42,3,1,0
27,0,2,1
32,0,1,0
32,0,4,0
32,1,3,0
33,0,1,0
46,0,1,0
38,1,3,1
26,0,1,0
34,1,0,0
33,0,0,2
41,0,0,0
38,1,1,0
41,3,1,0
33,0,2,0
26,1,6,2
39,1,1,0
34,2,2,0
35,0,3,0
43,0,5,1
36,1,12,2
32,0,0,0
44,0,2,0
42,1,5,1
33,1,4,1
30,0,2,0
47,0,1,0
47,0,3,0
37,0,3,0
29,0,0,0
35,0,0,0
30,0,8,1
49,1,5,0
25,0,2,0
44,1,0,2
44,0,4,0
37,1,3,0
36,0,2,0
42,1,2,0
24,3,2,1
36,0,1,0
34,0,3,2
41,0,1,0
43,0,3,0
47,2,2,0
39,0,2,1
46,3,3,0
45,0,2,0
53,0,3,1
45,1,1,0
32,1,2,0
44,0,4,0
34,0,1,1
43,0,3,1
37,0,2,0
32,3,1,0
49,1,1,1
31,1,3,0
38,0,2,1
46,0,1,0
40,1,1,0
39,0,2,0
42,0,4,0
32,1,1,0
32,1,1,0
35,0,1,0
40,1,1,0
46,0,1,0
34,1,0,0
32,0,1,0
33,1,2,0
36,1,2,1
28,0,1,0
39,2,1,0
35,0,3,1
32,1,6,0
41,1,4,0
34,0,2,0
41,0,2,0
35,1,1,0
45,2,1,0
31,1,1,0
38,1,1,0
43,0,1,1
39,0,2,0
46,0,1,1
38,0,0,0
41,0,2,0
33,2,0,0
35,1,1,0
46,0,2,0
36,0,0,0
39,0,0,0
28,1,0,2
39,3,1,0
35,0,3,0
30,4,4,0
41,1,3,0
34,0,4,0
32,0,1,1
35,0,1,1
30,1,5,0
42,1,4,0
39,0,0,0
37,0,6,0
31,0,0,0
40,0,4,0
34,1,1,0
38,0,4,0
45,0,4,0
25,0,0,0
28,1,2,0
40,1,1,0
28,3,1,1
45,1,1,0
41,1,0,0
37,0,2,0
35,0,4,0
49,2,7,1
43,0,0,0
45,1,2,0
37,0,1,1
32,1,6,1
37,2,8,0
40,0,1,0
40,3,3,0
31,1,4,0
48,0,1,0
26,2,1,1
31,4,4,0
30,2,3,0
31,0,8,0
31,0,0,0
34,0,9,1
28,0,0,0
42,0,8,0
36,0,3,0
33,3,2,0
41,0,1,0
37,0,1,0
34,2,1,0
42,1,8,1
32,0,2,0
33,1,1,0
40,1,2,0
37,0,1,0
37,1,0,0
42,0,3,1
48,0,2,0
34,1,3,0
32,3,2,0
30,0,1,1
45,0,2,1
30,0,1,0
37,1,1,0
34,0,0,0
34,1,0,0
48,2,1,0
33,1,3,0
24,0,0,0
39,1,0,0
38,0,0,2
33,1,5,1
30,1,1,0
38,0,5,1
49,0,0,0
43,1,6,1
42,1,1,0
34,0,2,1
35,2,8,2
39,0,4,1
37,2,0,0
48,0,1,0
47,2,4,2
30,1,2,0
38,1,1,1
42,2,2,1
35,0,0,0
29,1,3,1
26,0,3,1
33,0,0,1
31,1,4,0
41,3,2,0
41,0,0,1
43,0,0,0
42,0,2,2
24,2,6,1
42,1,2,0
48,1,0,0
25,0,6,1
32,0,0,0
27,2,6,1
39,0,2,0
33,1,0,0
43,2,1,0
25,1,1,0
37,1,1,1
41,0,0,0
40,0,0,0
37,0,2,0
33,0,2,0
36,2,0,0
39,1,1,0
35,1,2,0
40,0,0,0
24,1,2,0
46,1,1,0
39,1,0,0
25,3,7,0
27,0,1,0
39,0,3,0
34,0,1,0
34,0,4,0
24,3,1,0
50,0,2,0
41,0,4,0
42,1,1,0
34,1,1,0
35,0,1,0
44,0,0,0
33,2,0,0
35,1,1,0
35,2,6,0
40,1,0,0
32,0,2,1
42,1,2,0
38,2,1,0
43,1,3,0
39,3,0,0
28,3,2,0
22,0,2,0
34,1,1,0
43,1,0,1
30,0,3,0
40,2,2,1
35,0,4,0
40,4,1,1
43,0,0,0
33,0,2,0
31,0,0,0
29,0,0,0
24,1,4,1
33,1,1,0
33,0,0,0
43,4,0,0
37,0,0,0
39,4,3,0
36,3,1,1
39,1,1,0
35,2,1,1
39,1,1,0
37,2,3,0
42,5,1,0
43,4,5,1
28,1,0,0
48,2,0,0
37,0,2,0
42,1,0,0
40,0,2,1
44,1,2,0
38,0,4,1
42,2,3,0
32,0,6,1
39,0,3,0
45,1,1,1
38,1,3,0
35,1,2,0
48,0,1,1
35,1,2,0
40,0,1,0
38,1,2,0
39,0,0,0
39,0,0,0
26,2,1,0
44,1,1,0
37,2,3,0
33,0,1,1
39,3,1,2
23,1,7,1
40,1,4,1
39,0,1,0
50,1,1,2
38,1,3,0
38,0,0,1
49,0,1,2
29,0,1,1
41,2,1,0
32,1,0,0
37,0,2,1
28,0,1,2
34,3,2,0
38,0,1,0
38,2,4,1
44,1,7,1
27,3,0,2
40,0,0,2
34,0,1,0
47,0,1,0
44,3,3,0
40,0,0,0
33,1,0,0
39,1,0,0
35,3,1,0
32,0,3,0
36,0,0,0
29,0,1,0
40,4,1,1
25,2,2,0
49,1,0,0
43,0,1,0
39,0,1,0
42,0,1,0
25,1,8,1
34,1,4,1
36,2,3,0
41,0,1,0
38,1,2,0
31,0,2,0
36,2,5,1
43,1,2,0
42,4,2,0
25,0,4,0
49,2,0,0
40,0,5,0
37,3,0,1
39,0,7,0
42,1,0,1
32,0,3,1
37,1,1,0
37,1,3,1
41,0,3,0
25,2,5,0
33,1,0,0
53,0,1,0
47,1,2,0
28,6,2,1
42,0,1,1
39,0,4,1
46,1,2,1
32,0,2,0
52,1,2,0
34,0,7,0
45,0,0,1
37,0,0,0
37,0,2,0
36,0,2,0
38,1,2,0
30,0,1,0
42,1,0,0
29,0,1,0
26,2,2,0
43,0,0,0
35,1,0,0
34,0,1,0
36,1,0,0
28,1,5,0
41,1,1,0
37,1,2,0
25,0,7,0
24,1,7,0
36,0,2,0
42,0,1,0
41,0,1,0
46,2,0,0
34,1,0,0
45,0,1,0
26,0,5,0
33,3,3,0
33,0,0,0
32,1,1,0
37,1,2,1
30,4,3,0
40,3,2,0
37,1,2,0
33,1,0,0
45,0,0,0
26,4,2,0
38,1,1,1
21,1,5,2
41,2,2,0
35,1,11,0
39,0,5,0
22,1,3,2
35,0,5,0
38,2,2,0
41,0,0,0
40,0,0,0
37,0,5,2
30,1,0,0
40,0,2,0
31,2,6,1
37,0,1,0
34,0,1,0
41,0,1,0
32,1,1,1
30,2,0,0
26,0,5,1
43,1,0,0
34,0,3,0
26,2,2,1
47,0,1,0
40,2,1,0
23,0,4,0
27,0,0,0
38,1,1,0
48,1,2,0
39,0,2,1
36,0,0,0
38,1,1,0
43,1,0,0
35,2,4,0
33,0,3,1
28,0,3,0
45,1,1,0
39,0,0,1
57,1,1,1
31,1,2,0
30,1,4,0
36,0,2,0
38,1,2,0
39,0,0,1
32,0,2,0
37,0,2,0
31,2,0,0
29,0,2,0
34,0,1,0
41,0,2,1
39,2,0,1
38,2,4,0
40,0,1,0
36,1,3,0
44,0,3,0
34,0,3,0
33,1,1,1
39,0,1,0
35,1,2,0
43,0,2,0
40,1,2,0
39,1,3,0
33,2,4,0
46,0,4,0
39,0,3,1
30,0,0,0
32,0,1,1
39,1,2,0
41,2,2,0
38,2,2,0
46,1,0,0
36,0,3,0
30,0,0,0
44,1,1,1
36,3,1,0
46,2,1,1
39,0,1,0
44,2,0,0
29,1,1,0
35,1,3,1
28,1,4,0
33,2,2,0
35,0,1,0
34,2,3,1
45,0,1,0
37,0,9,3
39,0,7,0
24,0,5,0
45,2,3,0
43,0,0,0
47,1,2,0
40,2,3,2
37,0,0,0
36,0,0,0
41,0,1,0
24,2,2,0
32,1,1,1
38,1,2,0
36,0,0,0
29,1,3,2
51,0,3,0
30,0,0,0
39,0,7,1
30,4,6,2
29,1,0,0
36,0,2,0
23,2,3,0
34,2,8,2
40,1,6,0
30,1,1,1
40,1,2,0
45,2,4,0
35,0,1,0
34,1,5,3
35,3,1,0
43,0,5,1
34,1,3,0
41,1,0,0
37,1,1,0
27,0,0,0
47,0,2,0
33,1,2,0
35,1,5,0
35,0,2,0
39,2,0,0
34,1,4,0
33,1,1,0
31,1,3,0
34,0,1,0
51,2,2,0
32,0,1,1
36,2,3,0
35,2,6,1
41,0,0,0
31,1,1,0
31,0,2,0
41,1,6,0
39,1,4,0
41,0,1,0
30,1,2,0
34,0,2,0
30,0,0,0
45,0,2,0
36,0,3,1
41,1,1,1
48,1,0,0
32,1,2,0
30,1,5,0
26,0,4,0
39,1,1,0
36,1,2,0
48,1,1,0
44,0,1,0
26,0,1,0
36,1,2,3
43,1,3,0
40,1,0,0
44,0,2,0
35,0,3,0
33,0,0,1
38,1,2,0
38,1,1,0
41,0,2,0
47,1,2,0
25,0,5,0
42,0,1,0
39,0,1,0
49,1,3,0
30,2,4,0
35,0,0,0
38,2,2,0
36,4,2,0
37,0,1,0
47,0,1,1
38,2,3,1
49,2,0,0
38,0,0,0
21,1,0,0
43,1,1,0
33,0,3,0
33,1,3,0
33,0,0,0
28,0,6,0
39,0,1,0
42,0,3,1
42,2,0,0
51,1,4,1
33,1,1,0
37,1,2,2
44,1,3,0
32,1,3,0
28,4,4,2
35,0,0,0
37,0,2,0
33,0,5,1
38,2,1,0
40,0,2,0
39,1,0,0
40,0,1,0
36,0,2,0
43,0,1,0
41,2,2,0
39,1,3,1
29,0,0,0
31,1,1,0
39,1,4,1
41,0,2,0
39,0,4,0
38,0,2,0
49,1,1,0
39,0,2,1
48,1,3,0
32,0,3,0
28,0,6,0
29,1,2,0
38,0,2,0
35,0,1,0
45,0,1,0
35,1,6,0
36,3,2,0
38,1,6,0
41,0,0,1
30,1,1,0
32,1,6,0
37,0,2,1
38,0,2,0
41,3,1,0
40,1,1,0
42,0,5,0
37,2,0,0
33,1,1,1
38,2,1,0
39,0,1,0
24,0,4,2
41,0,2,0
38,0,7,3
34,0,5,2
40,0,0,0
37,1,1,1
28,3,1,0
35,0,1,1
34,0,2,0
45,0,1,0
32,0,1,0
40,1,0,0
38,1,0,0
36,1,4,0
42,0,1,1
38,0,1,0
23,1,4,0
41,0,2,0
29,1,0,0
37,1,1,0
48,1,1,0
27,0,2,0
32,0,7,0
40,1,0,1
31,1,7,1
24,1,0,0
29,0,2,0
47,0,4,1
29,0,1,1
46,3,6,1
23,1,0,1
45,2,11,0
39,1,3,0
26,1,1,0
53,2,1,0
39,1,0,0
36,0,1,0
27,0,1,0
30,5,0,0
45,2,0,0
42,1,2,0
41,2,3,0
37,0,2,1
28,0,0,0
39,1,0,1
44,1,8,2
29,1,1,0
33,0,10,0
43,0,1,0
32,0,1,0
43,0,0,0
35,0,3,0
34,1,0,0
27,0,1,0
32,1,3,0
36,0,2,0
28,2,1,1
30,0,2,0
34,1,0,0
49,1,0,1
33,0,1,2
33,0,2,0
37,1,3,0
37,1,2,0
31,2,8,0
41,0,0,1
30,0,2,0
48,0,3,1
33,3,3,1
40,0,1,1
35,0,4,0
32,0,1,0
31,0,5,1
32,1,1,0
40,0,1,0
41,0,2,0
40,0,0,1
33,1,2,0
34,0,2,1
35,3,0,0
42,1,2,0
35,0,3,2
39,0,3,0
47,2,4,0
28,1,1,0
34,0,5,0
30,0,2,0
35,1,1,0
29,1,10,1
37,1,2,1
30,0,14,3
32,3,3,1
25,0,3,0
41,0,1,2
31,1,1,0
47,0,3,0
28,2,3,0
38,2,1,0
39,3,3,0
39,2,1,0
46,0,2,0
41,1,1,0
44,0,4,2
34,1,1,0
31,1,3,2
36,0,0,0
32,1,6,0
32,1,1,0
36,0,0,1
25,2,6,1
41,0,0,0
53,0,1,0
26,0,1,0
24,0,3,0
48,1,6,0
33,3,4,3
39,0,3,0
34,2,0,0
44,2,8,0
37,4,1,0
43,0,0,0
38,2,0,0
34,0,3,0
34,0,6,0
35,0,0,0
23,0,0,0
30,2,7,0
46,1,1,0
34,0,5,2
39,1,0,0
32,0,5,0
34,1,5,0
35,0,5,0
31,1,4,1
39,0,0,0
33,2,11,2
35,3,9,1
38,3,0,0
42,1,1,0
32,5,0,0
39,2,0,0
40,0,0,0
41,0,1,0
27,0,3,1
38,2,2,1
37,4,1,0
31,0,2,0
35,2,3,0
41,1,1,0
44,0,1,0
27,4,2,1
40,1,0,0
38,1,0,0
59,1,1,0
37,0,1,0
49,0,0,0
40,1,1,0
28,0,3,0
41,0,1,0
37,0,4,0
34,1,1,0
37,2,3,0
40,1,0,0
36,1,2,1
37,1,1,1
41,5,3,1
33,1,3,0
37,0,2,0
25,0,1,0
44,0,0,0
41,0,1,0
32,1,1,0
43,1,2,0
39,1,2,0
41,0,1,1
41,2,3,0
31,0,0,0
27,1,2,1
34,1,1,0
32,2,2,0
49,1,1,1
39,1,6,0
35,3,2,0
26,2,6,0
50,1,1,0
32,0,0,1
37,0,2,0
26,0,3,1
37,0,0,1
40,2,0,0
27,2,10,1
39,0,2,0
34,2,3,0
39,2,0,1
40,1,1,0
43,0,0,0
31,1,1,0
25,2,3,0
42,0,1,0
44,1,0,1
24,1,1,1
41,1,3,1
44,2,3,0
41,2,0,0
46,0,2,0
45,0,1,0
37,1,1,1
35,1,6,0
31,0,2,0
28,1,2,0
25,2,3,0
48,0,2,1
54,0,4,0
44,1,0,0
35,0,6,1
42,1,0,0
42,0,0,0
42,1,1,0
34,1,0,0
23,2,8,1
31,3,0,0
40,0,1,1
38,0,2,0
37,2,2,1
34,2,0,0
43,0,0,0
45,0,2,0
38,0,2,0
38,0,1,0
40,0,2,0
35,0,2,0
41,1,6,0
30,1,3,0
33,1,3,0
46,3,5,0
44,0,3,1
34,0,0,0
30,0,1,0
31,0,2,0
34,0,0,0
40,1,2,0
49,1,1,0
42,0,0,1
28,0,2,0
39,2,5,0
33,0,0,0
33,0,2,0
36,2,4,0
40,2,0,0
36,1,1,0
37,0,1,1
34,0,2,0
31,1,1,0
40,1,1,0
40,0,0,0
26,0,0,0
30,0,2,0
53,1,1,1
40,2,2,0
41,1,1,0
38,1,0,0
29,1,1,0
29,4,3,0
30,0,3,0
37,0,1,0
32,1,4,2
42,0,3,1
30,2,1,0
29,0,11,0
28,3,2,0
37,1,0,0
35,1,0,0
40,1,2,1
31,2,0,0
30,0,1,0
43,0,2,0
38,0,2,0
40,1,0,0
42,1,1,0
37,1,2,0
43,1,2,0
38,1,2,1
42,0,1,0
39,0,3,0
30,3,0,0
42,0,0,0
46,1,2,0
42,0,0,0
34,2,0,1
39,1,2,0
34,1,2,0
43,1,3,0
49,1,0,0
24,0,0,0
46,0,0,0
38,3,1,0
50,0,1,0
37,2,5,0
28,0,1,0
34,1,0,0
36,2,1,0
43,2,0,0
33,2,2,0
45,1,1,0
47,1,0,0
42,2,1,0
33,1,5,4
46,0,0,1
45,0,1,0
39,0,0,0
32,2,4,1
36,2,3,0
46,1,5,0
46,1,1,0
31,3,3,1
40,1,2,2
38,0,0,0
50,0,0,0
40,2,2,0
30,1,1,0
30,0,1,0
33,1,6,3
30,5,0,1
33,1,2,1
51,2,1,0
34,2,1,2
37,0,1,0
27,2,2,0
41,1,5,2
30,2,2,0
36,2,3,0
35,2,0,0
39,0,1,1
28,0,3,2
38,0,6,0
41,0,3,1
32,0,3,0
35,2,0,0
37,1,2,3
44,2,2,0
37,0,0,0
31,0,2,0
40,1,0,0
32,3,8,2
46,0,1,0
32,1,9,0
45,0,0,0
35,0,3,0
30,0,1,0
37,0,1,0
39,0,3,0
44,1,0,0
33,1,1,0
29,0,0,0
45,1,0,0
36,2,1,1
43,2,3,0
32,2,3,2
42,3,1,0
34,0,2,0
40,0,0,0
33,1,2,0
29,0,0,0
40,2,3,1
26,1,4,0
54,0,2,0
35,1,6,2
39,0,0,0
43,3,7,1
46,0,5,0
31,0,2,0
46,1,1,0
43,0,1,0
41,0,1,0
25,1,4,0
39,1,1,1
37,1,7,0
37,1,3,0
37,0,1,0
32,0,0,0
34,0,1,0
40,0,1,1
34,0,1,0
31,1,8,0
38,0,1,0
31,2,5,0
33,0,0,0
23,3,4,1
34,0,1,0
41,1,3,0
37,0,0,0
35,1,2,0
29,3,2,1
38,1,6,0
35,0,0,1
45,0,2,0
39,0,4,0
41,2,1,0
30,2,3,0
45,0,2,0
41,0,0,1
33,0,0,0
48,3,4,0
27,0,1,0
51,1,1,0
38,2,0,0
36,1,5,0
37,1,3,1
43,1,4,0
44,0,3,0
29,1,1,0
34,0,2,1
39,0,1,0
36,1,1,0
39,0,0,0
42,1,1,1
38,0,2,0
33,1,4,0
30,0,0,0
33,0,1,0
24,1,3,0
39,0,3,0
31,5,1,0
50,1,1,0
38,1,2,0
38,2,1,1
30,0,1,0
36,0,2,0
34,0,2,0
39,1,1,0
35,0,2,0
31,1,1,0
36,0,0,1
32,1,0,0
35,1,6,0
34,0,2,0
55,0,3,0
41,2,0,0
32,0,0,1
35,1,0,0
36,0,3,0
34,0,2,2
36,1,1,0
30,4,2,1
46,0,0,1
35,2,2,0
49,2,2,0
34,1,1,0
36,1,0,0
29,2,3,0
36,2,5,0
36,1,4,0
38,0,4,1
36,1,2,1
30,0,1,1
27,1,2,0
23,1,3,1
42,0,3,0
40,2,8,1
41,1,1,1
41,0,6,1
33,1,1,0
28,0,0,0
41,3,0,1
38,0,1,0
21,0,2,0
32,1,6,0
39,3,3,0
41,1,2,0
47,0,0,0
37,0,5,1
34,0,3,0
36,0,2,0
39,2,3,0
35,0,0,0
35,0,1,0
40,0,1,0
36,1,0,0
32,2,0,0
36,1,3,0
32,2,0,0
35,4,1,0
23,2,4,3
41,0,0,0
37,0,6,0
27,0,0,0
43,1,1,0
44,0,0,0
49,0,1,0
32,0,2,1
43,0,1,0
39,0,6,0
42,0,1,0
37,2,5,2
45,0,0,1
39,0,1,0
44,2,4,1
32,1,8,1
45,1,1,0
33,0,3,0
39,1,1,1
39,1,3,0
25,0,1,1
38,0,2,0
40,1,1,0
31,1,0,0
42,0,0,0
31,1,0,0
27,0,3,1
36,1,1,0
33,0,2,1
35,0,2,0
51,1,1,0
36,0,1,1
32,1,2,0
33,0,3,0
39,1,0,0
37,0,2,0
36,1,2,0
31,0,2,0
39,1,2,0
35,0,0,0
52,0,1,0
39,3,4,3
45,1,3,0
32,1,5,0
51,0,1,0
33,1,1,0
37,1,0,1
40,2,0,0
18,0,4,1
33,1,9,2
33,1,2,1
30,0,3,1
37,1,0,1
37,3,2,3
28,0,3,0
42,2,2,0
36,1,1,0
27,1,10,0
24,3,1,0
33,2,3,0
54,1,1,0
36,0,0,0
38,0,1,1
36,1,4,0
39,0,3,1
29,1,3,1
28,1,4,1
26,0,8,3
25,0,2,0
46,0,0,0
60,2,2,0
42,1,0,0
35,0,0,0
35,1,11,4
34,0,0,0
33,3,2,0
36,0,2,0
43,0,2,0
35,0,1,0
35,1,0,1
38,0,0,1
38,0,0,1
34,1,0,0
33,0,0,0
31,0,1,0
35,0,0,0
49,1,2,0
36,1,0,0
32,1,1,0
45,0,2,0
42,3,4,0
33,3,2,2
47,0,2,0
42,0,1,1
39,1,2,2
34,0,1,0
33,1,2,0
41,0,4,0
36,0,2,0
46,2,2,0
38,0,2,0
44,0,4,0
35,0,5,1
41,3,3,1
27,1,3,0
46,0,2,0
41,0,1,0
24,1,2,0
37,1,0,1
49,1,2,0
34,0,0,0
48,0,1,0
44,0,2,0
26,0,0,0
33,1,2,0
49,2,6,1
45,0,5,0
39,2,0,0
39,0,1,0
34,0,0,1
47,3,3,0
51,1,2,0
30,0,6,1
24,2,1,0
42,0,8,0
49,0,3,1
29,3,3,1
41,0,0,0
35,1,0,0
42,2,0,0
31,0,1,1
41,1,0,0
36,1,1,0
40,1,3,0
30,2,5,0
38,2,1,1
38,0,3,1
30,1,1,1
29,2,1,0
35,2,3,0
30,0,1,1
27,2,4,2
35,1,2,1
20,1,7,1
35,1,5,0
47,0,0,1
45,1,1,0
48,1,0,0
35,1,1,0
23,2,4,0
41,1,3,0
37,1,6,2
43,0,1,0
34,1,4,1
37,1,4,0
45,1,1,0
42,0,7,1
50,0,1,0
38,0,6,0
45,0,0,0
51,1,1,1
33,0,1,0
42,0,1,0
37,1,1,0
37,0,2,0
37,0,3,0
38,1,2,0
49,1,1,0
48,1,0,0
30,2,2,0
33,0,1,0
36,1,2,2
43,0,1,0
42,0,4,0
40,3,1,2
31,0,0,2
43,1,1,0
36,0,1,0
42,0,11,0
38,0,1,0
30,0,1,0
42,2,4,3
33,1,1,0
34,0,0,0
33,0,3,1
35,1,2,0
26,3,11,2
41,1,1,0
22,3,0,1
28,1,4,1
28,0,2,0
30,0,2,1
34,1,2,0
35,0,3,0
37,0,1,1
44,5,0,0
34,2,6,0
28,4,2,0
49,0,1,0
30,2,2,1
34,0,1,0
40,0,1,1
33,1,2,0
40,2,2,0
34,2,4,0
41,3,1,1
31,2,4,0
27,0,3,0
39,0,4,1
46,0,0,0
40,0,1,1
33,0,2,0
36,0,2,0
36,1,1,0
27,0,4,0
36,1,1,0
37,1,0,1
42,0,0,0
39,0,6,1
39,0,3,0
41,0,0,0
37,0,1,0
30,0,1,1
34,1,1,0
37,1,2,0
25,0,6,0
43,0,1,0
35,1,2,0
34,2,2,0
27,0,1,0
31,2,2,0
39,4,2,0
38,0,2,0
35,1,0,0
34,0,0,0
26,0,0,1
37,0,0,0
42,0,3,0
36,2,2,0
33,1,6,0
32,1,1,0
31,0,6,0
46,2,0,0
32,0,3,0
44,2,2,0
31,0,2,0
35,2,4,0
42,0,1,0
24,2,2,1
41,1,6,0
43,0,6,2
26,1,2,0
37,1,2,0
38,0,2,0
32,1,1,1
30,1,1,2
31,0,1,0
37,0,1,0
35,0,3,0
34,0,4,0
32,2,3,0
42,1,3,1
35,1,1,0
41,0,0,0
37,0,0,0
40,0,3,1
36,0,3,0
39,1,2,0
22,0,0,0
39,0,1,0
50,1,1,1
41,0,1,0
32,1,0,1
28,0,1,0
47,1,0,0
52,1,1,0
35,1,0,0
40,1,2,0
35,0,1,0
34,2,0,0
36,1,3,0
27,1,3,0
22,0,7,2
34,3,8,1
33,1,5,0
40,1,1,0
31,0,3,0
39,1,4,0
24,1,5,5
32,1,6,1
36,1,1,0
35,0,5,0
34,1,3,1
51,1,4,0
48,3,3,0
34,0,1,0
37,1,2,0
41,1,1,0
40,2,1,0
38,2,0,0
29,1,6,1
52,1,2,0
43,0,2,0
28,2,0,0
39,1,2,0
18,3,3,2
39,0,8,1
32,0,4,1
36,1,0,0
33,0,2,0
29,0,2,1
39,0,0,0
41,0,3,0
29,0,2,1
28,1,3,2
38,0,1,0
33,1,2,0
35,1,0,0
29,1,5,2
37,1,2,3
40,1,1,0
45,0,2,0
35,4,0,0
37,0,3,0
38,1,1,0
49,0,9,2
36,0,0,0
40,0,1,0
33,0,6,3
52,0,1,0
33,1,1,0
33,0,1,0
36,0,1,0
29,1,0,0
37,0,0,0
26,1,1,0
52,1,2,0
30,1,2,0
36,1,2,0
52,0,9,1
34,0,1,1
39,0,1,0
36,4,3,0
35,0,5,0
35,0,4,0
34,1,2,0
40,3,0,1
42,0,1,0
41,0,0,0
34,0,3,0
42,1,1,0
33,2,2,0
40,1,3,0
36,1,1,0
33,3,1,1
44,0,3,0
34,0,2,0
26,0,1,0
41,1,5,1
45,0,0,0
31,1,1,1
41,0,4,1
32,1,1,1
38,2,2,0
27,0,1,0
31,2,3,0
34,0,0,0
29,1,3,0
36,2,3,2
38,2,3,0
41,1,1,0
23,2,3,2
30,0,3,1
35,1,3,5
39,2,1,0
41,1,0,1
35,0,2,0
44,0,2,0
38,2,6,0
41,2,0,0
44,1,3,0
42,2,4,2
35,0,3,0
32,1,2,0
30,2,0,0
48,3,1,0
36,0,3,0
47,0,0,0
30,2,1,0
26,2,1,0
37,1,1,0
42,0,0,0
37,0,2,0
39,0,5,1
36,0,1,0
41,1,2,1
34,0,3,0
39,1,0,0
30,0,5,0
39,0,1,0
35,0,1,0
38,0,0,0
28,1,4,0
39,0,1,0
24,1,9,3
37,0,2,0
44,1,2,0
44,2,4,0
30,2,1,0
34,0,6,1
37,2,0,0
38,0,0,0
31,0,2,0
36,0,0,0
25,2,4,0
34,3,5,1
40,2,2,0
26,1,7,0
45,3,3,3
38,0,2,0
48,1,0,0
42,2,1,0
30,0,1,0
39,1,6,1
34,1,4,0
28,1,3,0
41,1,2,1
37,3,7,0
38,0,1,0
38,0,0,0
35,0,3,0
47,0,1,0
34,0,1,0
34,1,1,0
43,0,1,0
39,0,2,0
29,2,3,0
37,0,2,0
43,1,0,0
32,2,0,0
24,4,6,0
33,0,8,0
41,1,1,0
45,1,3,0
40,0,3,0
38,1,4,2
34,3,6,0
23,0,7,0
24,0,3,0
39,1,1,1
28,0,6,0
33,0,1,2
44,1,1,0
34,2,0,1
36,2,2,0
55,0,2,0
31,0,2,1
33,1,1,1
38,0,2,1
41,1,1,0
40,0,0,0
38,3,6,0
37,1,3,0
26,0,1,0
34,1,2,0
32,0,1,0
30,3,7,0
34,1,6,2
34,0,1,0
37,1,2,0
42,1,2,0
37,1,2,0
52,0,1,0
41,0,1,0
40,1,0,0
36,2,0,0
33,1,4,0
34,0,3,0
32,4,1,0
38,0,2,0
30,1,8,0
49,0,3,1
59,1,3,0
33,0,1,0
30,0,1,0
36,0,5,1
37,1,1,0
28,0,1,1
31,2,6,1
35,0,1,0
35,1,1,0
38,0,1,0
35,0,2,0
30,1,8,2
32,2,1,1
40,0,1,0
32,0,0,0
37,0,3,0
32,1,1,0
40,0,2,1
31,0,0,0
39,0,1,0
47,0,2,0
24,0,4,1
24,0,4,2
40,1,1,0
40,0,0,1
40,0,1,0
37,1,1,0
44,1,2,0
35,0,1,0
33,1,1,0
30,1,0,0
36,1,2,1
41,1,4,1
27,0,6,1
29,0,3,2
33,0,1,0
39,1,7,2
42,1,1,1
44,1,4,1
31,0,4,1
33,1,0,0
36,0,9,0
39,2,0,1
35,1,1,0
48,2,2,0
35,1,1,0
26,2,6,1
39,0,0,0
38,1,0,0
48,1,0,0
36,1,0,0
35,3,2,0
43,0,1,1
31,1,1,0
32,1,0,1
36,1,1,0
50,1,0,0
44,0,0,0
39,0,0,0
42,0,2,0
38,3,2,0
32,0,0,0
29,3,5,0
28,2,1,0
28,1,4,1
41,1,3,0
37,1,6,0
34,1,3,0
37,0,3,0
44,2,1,0
32,2,2,0
41,0,2,1
38,0,2,0
42,2,2,0
42,0,2,0
32,1,7,0
43,1,1,0
36,3,1,0
32,0,1,1
40,2,4,0
30,1,2,1
30,1,0,0
23,1,3,0
42,1,2,0
29,1,2,0
31,0,0,0
25,0,1,0
33,0,2,0
32,2,3,2
36,1,4,0
37,1,1,1
47,1,0,0
37,0,1,0
33,4,2,0
26,1,8,1
45,0,1,0
30,1,9,0
42,0,1,1
41,1,0,0
46,1,6,0
27,1,3,0
38,0,1,0
38,2,2,0
47,0,1,0
26,0,1,0
47,0,1,0
43,2,3,0
41,0,0,0
44,1,1,0
33,4,1,1
24,2,1,0
54,0,1,0
36,1,2,1
37,1,2,0
36,1,3,2
44,1,4,1
40,1,1,1
36,0,1,0
34,2,0,0
39,2,2,0
34,2,3,0
39,2,1,0
38,0,2,0
44,0,1,0
33,0,3,0
36,0,0,0
26,3,0,0
36,2,1,0
28,0,4,0
28,0,5,0
35,2,1,0
37,0,2,1
37,2,1,0
31,1,4,1
33,0,8,1
27,0,8,0
29,3,2,0
37,1,3,0
49,1,1,0
36,2,0,0
55,0,0,1
34,0,0,0
39,0,3,0
22,0,3,2
33,1,0,1
29,2,2,0
36,0,2,0
31,0,1,0
35,1,3,1
40,1,0,1
37,5,0,0
36,1,2,0
31,3,1,0
29,2,1,0
44,1,3,0
31,2,1,0
44,1,1,2
31,1,0,1
35,1,1,1
29,2,4,0
46,0,2,0
39,1,1,0
31,0,8,0
31,1,3,1
36,0,0,1
35,0,0,0
31,1,4,1
29,1,7,0
31,1,1,0
41,1,1,0
33,2,0,1
43,1,1,0
37,0,2,0
45,5,1,0
35,2,0,0
21,1,1,0
35,2,2,2
33,1,0,0
40,0,2,0
33,2,0,0
41,0,2,0
51,3,0,0
44,1,0,0
35,0,4,1
32,0,3,0
50,1,3,0
43,0,0,0
29,0,0,0
34,0,3,1
50,2,1,0
37,0,1,0
48,0,1,1
37,2,5,0
32,1,3,0
35,0,1,0
34,2,2,0
38,2,3,1
43,0,0,0
52,1,3,0
48,4,1,0
37,0,2,0
40,0,1,1
45,0,5,0
36,2,2,0
40,1,2,1
43,0,2,0
31,0,4,0
35,1,1,0
37,0,3,1
37,2,1,1
41,0,0,0
30,0,0,0
46,1,1,0
44,0,0,0
35,2,2,0
40,0,1,0
41,3,0,0
32,1,11,4
35,1,2,0
39,1,2,0
31,4,3,0
32,0,0,0
27,0,0,0
30,2,2,0
35,2,2,1
39,1,1,0
31,0,4,0
34,3,2,0
43,0,0,0
33,1,0,1
36,0,1,0
35,1,2,0
44,1,2,1
37,1,0,0
21,0,5,2
32,1,2,0
33,1,3,1
38,1,2,0
36,1,2,0
41,0,6,0
33,2,4,0
46,0,1,0
50,1,0,0
49,0,0,0
34,2,0,0
34,0,3,0
40,1,1,0
39,0,0,0
31,3,1,1
45,0,5,1
40,0,1,0
32,0,0,0
36,0,1,0
47,1,3,3
37,0,1,0
25,1,1,0
38,0,2,0
46,2,2,0
37,0,2,0
41,1,7,0
42,0,2,1
41,0,1,0
35,2,1,0
26,0,2,0
29,1,2,0
37,0,2,0
40,2,4,0
42,0,0,1
42,1,0,2
37,1,2,0
38,2,2,0
35,3,1,0
47,1,1,0
38,0,1,1
36,0,7,1
39,1,1,0
37,3,3,0
40,2,0,0
35,1,6,3
48,0,1,0
34,2,3,1
38,1,0,1
30,1,2,0
44,1,2,0
36,1,4,0
35,2,2,0
29,1,4,0
46,0,0,0
34,0,1,1
30,0,2,0
44,0,3,0
36,0,6,3
32,1,1,0
40,0,0,0
35,1,0,0
44,2,2,0
37,0,1,0
35,1,2,0
27,1,2,5
26,1,9,1
29,0,1,0
29,1,10,0
48,1,1,0
29,2,7,0
35,1,3,1
38,1,0,0
32,0,1,0
46,0,2,1
36,3,6,1
28,0,5,1
30,0,8,1
26,0,1,0
38,2,2,1
34,0,6,0
48,2,1,0
36,2,3,0
47,0,0,1
46,1,3,0
27,3,2,1
31,0,4,0
28,2,1,0
39,0,1,0
35,1,0,0
28,4,2,0
44,0,1,0
42,0,2,1
33,1,2,0
44,0,3,0
28,1,3,1
32,2,0,0
31,1,1,1
36,0,3,0
38,1,1,0
33,1,3,2
42,1,1,0
34,3,1,2
34,2,4,0
36,0,0,0
40,0,1,0
31,0,6,0
31,1,6,0
39,1,2,0
33,0,1,0
42,1,6,1
37,0,8,0
36,0,0,0
46,1,2,0
38,0,1,0
46,2,1,0
31,0,4,2
21,1,2,1
37,0,2,0
44,2,0,0
34,0,2,0
47,1,1,0
34,2,2,1
37,0,0,0
31,2,4,0
39,0,1,0
34,0,6,2
37,0,2,0
32,1,2,0
40,1,1,0
32,2,1,0
37,1,0,0
36,1,2,0
23,1,8,2
39,0,2,0
27,0,10,1
48,0,0,0
44,0,0,0
39,2,1,1
37,0,1,0
39,2,5,0
52,1,2,0
29,2,0,0
41,0,0,0
35,3,3,2
39,0,0,0
28,2,7,0
37,0,1,0
47,0,0,0
39,0,7,1
26,2,3,0
42,0,2,2
33,0,2,0
31,1,0,0
32,0,12,0
51,1,0,0
32,1,3,0
52,0,1,0
38,0,2,0
43,1,2,1
36,0,0,0
33,2,2,0
39,0,0,0
33,1,2,0
45,0,1,0
34,0,1,0
43,1,0,0
46,0,2,0
40,0,7,0
47,1,1,0
45,0,2,0
39,1,1,0
48,0,4,0
32,2,1,0
37,1,4,0
34,2,6,0
41,0,0,0
42,1,2,0
42,0,3,0
34,0,0,0
42,1,1,0
42,0,3,1
45,0,0,1
24,3,5,0
35,0,2,1
36,1,1,0
52,0,0,0
36,1,1,0
38,0,0,0
49,1,5,1
33,3,2,0
31,1,1,0
35,0,1,0
29,2,1,1
29,0,1,0
44,0,1,0
31,0,6,0
44,1,2,0
34,2,0,0
34,1,4,1
39,0,7,1
42,0,0,0
39,0,0,0
37,1,0,0
33,3,5,1
34,1,0,0
36,2,2,0
33,1,3,0
35,2,3,1
34,0,2,1
42,1,1,1
40,1,5,1
44,2,0,0
29,1,3,0
35,0,5,1
37,1,2,0
41,1,4,2
35,0,1,0
31,0,1,0
42,0,1,1
43,0,2,0
40,0,0,0
36,0,2,2
43,1,1,0
37,0,1,0
55,2,0,0
32,1,5,0
39,0,0,0
37,1,2,0
24,0,1,0
39,3,6,0
42,1,0,0
44,1,1,0
41,1,4,0
31,1,0,0
43,2,2,1
35,0,2,0
46,1,1,0
35,1,0,0
36,0,1,0
30,0,2,0
27,2,1,1
39,0,1,0
28,2,2,0
27,0,2,0
32,1,3,0
62,1,3,0
19,0,7,0
28,0,3,0
41,1,1,0
30,2,0,0
38,3,2,0
40,0,0,0
33,1,1,0
34,2,2,0
42,6,0,0
32,1,2,0
35,1,0,0
39,0,2,0
32,0,0,0
36,1,3,0
32,0,11,0
32,1,2,0
32,2,6,0
37,0,2,0
35,1,1,0
46,1,0,0
37,0,2,0
38,0,2,0
34,1,0,0
27,1,2,0
24,0,6,0
44,1,1,0
45,0,2,0
38,0,1,0
51,0,0,0
41,0,3,1
30,0,1,0
29,2,2,0
51,0,0,0
43,1,1,0
41,0,1,0
37,1,2,0
40,0,0,0
31,0,6,0
38,0,1,0
42,1,1,0
35,0,0,0
46,1,3,0
34,1,1,0
35,0,0,0
41,0,3,3
34,1,4,0
25,1,5,1
48,1,1,0
44,0,3,1
24,1,3,1
34,0,3,0
37,1,0,0
30,0,2,0
32,1,5,0
37,2,2,0
24,0,1,0
33,1,2,0
34,0,1,1
45,1,4,0
33,0,1,0
20,3,4,1
47,2,5,0
45,0,2,0
29,0,0,0
34,0,0,1
37,0,0,1
40,1,3,0
32,0,0,0
42,2,0,1
46,1,0,0
44,0,0,0
47,0,1,0
38,2,2,0
41,2,1,0
34,3,2,1
37,1,1,0
26,0,2,1
42,1,1,0
35,0,2,0
36,0,5,2
41,0,6,0
37,2,5,0
33,1,2,0
44,1,1,0
39,2,2,0
31,1,1,0
36,1,0,0
32,1,1,0
23,1,8,0
35,0,1,1
31,0,1,0
38,1,0,0
36,2,4,0
37,0,2,0
34,0,2,0
31,1,1,0
33,4,2,0
32,0,2,0
41,1,1,0
36,1,0,0
30,1,0,0
31,0,2,0
41,0,2,0
32,2,3,0
47,1,0,0
36,0,1,0
48,1,1,1
39,3,0,0
38,3,0,1
37,2,3,1
31,0,1,1
26,1,7,0
31,2,4,1
40,0,4,1
32,1,4,0
38,1,2,0
34,0,1,0
40,1,0,0
35,0,2,0
41,1,0,1
41,1,0,0
40,1,0,0
29,2,1,0
40,2,3,1
31,1,2,1
31,4,8,0
34,1,1,0
31,0,0,0
41,1,3,0
41,0,1,0
43,2,0,0
40,0,2,0
40,1,7,0
36,1,2,0
24,1,4,1
42,0,0,0
38,0,2,0
27,0,1,0
33,0,1,0
26,0,1,0
21,3,1,0
35,4,1,0
29,0,1,0
45,0,1,0
43,2,1,1
35,0,2,0
42,3,4,0
28,1,8,1
37,3,0,0
43,0,3,1
35,0,1,0
36,1,5,3
39,1,1,0
45,1,0,0
22,0,2,0
39,0,0,0
25,1,0,0
34,0,1,0
46,2,3,1
30,4,4,1
35,3,0,1
33,1,2,0
46,0,2,1
32,0,7,0
32,0,0,1
46,0,1,0
49,2,5,0
39,0,1,0
32,0,1,0
34,1,3,0
38,0,1,0
45,0,1,0
40,1,1,0
27,1,3,0
30,0,3,0
34,1,3,0
33,0,0,0
45,0,1,0
31,3,7,0
34,0,3,0
35,0,0,2
39,1,1,0
28,0,3,0
37,2,2,0
35,2,1,2
41,1,5,1
38,0,1,0
31,0,4,1
37,1,1,2
39,0,2,0
30,1,1,0
30,0,2,0
34,0,0,0
29,2,3,2
30,3,0,0
48,0,0,1
42,1,0,0
29,0,0,0
50,0,4,0
37,2,4,1
43,1,1,0
29,0,2,1
34,0,0,0
45,1,0,0
45,1,2,1
48,0,1,0
47,0,2,0
34,1,0,2
34,0,2,0
35,0,1,0
42,0,1,0
32,3,1,1
26,0,2,3
23,0,4,2
35,0,0,0
45,1,2,2
35,1,0,0
42,3,3,0
39,1,1,0
37,2,0,0
34,0,4,0
42,0,1,0
45,0,2,1
43,0,1,2
33,0,1,0
44,1,5,0
34,1,6,0
24,1,1,2
41,1,1,1
31,1,8,1
37,0,1,0
26,2,3,0
45,1,1,0
42,0,1,0
34,0,5,0
26,0,5,1
31,0,1,0
46,0,0,0
33,1,4,0
44,0,2,0
42,3,0,0
34,0,1,0
21,1,4,0
24,1,2,1
34,0,6,0
33,0,2,0
35,2,8,0
45,1,3,0
44,0,4,0
30,2,0,2
22,2,2,0
34,0,0,0
31,0,2,1
39,1,1,0
32,1,2,0
36,0,1,0
36,2,1,0
37,0,1,0
38,1,2,2
44,0,0,0
36,1,3,1
46,2,1,0
45,0,0,0
38,3,8,0
42,0,1,0
32,0,0,0
40,0,3,0
41,0,1,0
33,2,4,1
28,1,5,0
44,2,1,0
38,3,1,0
33,1,0,0
34,0,1,1
44,0,0,0
40,0,2,0
35,0,2,0
38,1,2,0
37,3,1,0
39,0,3,1
37,1,2,0
43,1,7,1
28,2,1,0
44,1,2,0
36,0,1,0
28,0,6,0
45,1,0,1
35,1,1,1
43,0,1,0
42,0,2,0
37,0,1,0
32,1,2,0
33,2,4,0
31,2,4,0
28,5,0,0
33,1,1,0
55,1,2,0
34,1,1,0
42,1,2,1
33,0,2,0
41,0,1,0
34,1,5,0
35,0,2,0
42,0,1,0
38,1,1,0
37,1,0,0
41,1,1,0
39,3,3,0
35,0,1,0
34,1,1,2
31,1,4,1
26,2,5,3
32,0,2,0
28,0,0,0
26,1,0,0
43,1,1,0
26,1,3,0
39,0,3,0
38,4,1,1
47,0,0,0
37,0,1,0
36,1,4,0
43,0,2,2
36,1,1,0
35,0,2,1
34,1,1,0
28,0,1,0
44,1,1,0
41,0,3,1
44,1,2,1
41,1,2,1
28,0,4,1
27,0,0,0
42,1,2,0
32,0,0,0
29,0,0,0
37,1,1,1
37,1,2,0
41,1,1,0
44,1,1,0
41,0,1,0
37,0,1,0
32,0,0,0
42,0,2,0
24,2,2,0
34,0,1,2
37,0,5,0
37,0,0,0
29,0,2,0
33,0,1,0
33,1,2,0
38,1,1,1
44,3,2,0
41,1,3,0
29,3,9,0
35,0,2,0
34,0,7,0
38,0,1,0
43,0,1,0
26,3,0,0
49,0,2,0
36,0,0,0
33,4,1,0
40,1,2,0
37,1,3,0
47,1,0,0
30,1,3,0
33,2,3,1
37,0,2,0
37,1,4,0
34,2,0,0
44,0,0,0
35,0,2,3
29,0,1,0
40,0,4,0
36,1,4,0
36,1,1,0
31,1,0,0
47,3,1,0
34,2,1,0
44,0,8,2
28,1,1,0
31,0,1,0
34,1,1,0
35,0,1,0
42,0,1,1
48,1,0,0
32,2,3,0
36,0,0,0
38,0,2,0
34,1,0,0
31,1,3,0
34,0,4,2
32,0,1,1
48,1,1,0
43,0,2,1
41,0,0,0
40,0,7,1
49,0,1,0
37,1,2,0
37,1,3,0
36,0,1,0
36,3,4,0
34,2,6,1
38,2,1,0
38,1,1,0
39,1,3,1
32,0,1,1
46,0,1,1
45,1,1,1
33,1,2,1
26,1,2,0
40,2,4,0
30,1,0,0
39,1,0,0
40,5,1,1
39,0,1,2
42,2,0,0
34,1,2,1
36,2,0,0
39,0,0,0
37,0,0,0
30,0,1,0
40,0,0,0
35,0,2,1
31,2,5,2
38,1,1,0
28,1,5,2
43,1,1,0
45,0,0,0
30,1,1,0
35,0,0,0
38,1,1,1
35,0,1,0
50,1,2,0
37,0,0,0
48,1,0,0
43,1,2,0
44,0,2,0
38,0,0,0
41,1,1,0
39,0,0,0
33,2,1,0
41,0,4,2
30,1,1,0
31,3,0,0
43,1,2,0
42,0,3,2
33,0,1,0
33,2,2,0
36,1,1,0
40,1,2,0
33,1,5,1
35,0,2,0
35,0,3,1
29,3,3,0
39,1,0,0
29,0,1,0
41,0,1,0
39,1,2,0
46,1,2,1
38,1,2,0
36,0,1,0
39,0,1,0
42,2,3,0
32,0,3,2
37,1,2,0
40,0,3,0
34,1,0,0
48,0,1,0
29,0,2,0
37,1,1,0
42,0,2,0
24,0,5,1
41,0,2,0
33,0,3,0
32,1,1,1
31,1,3,0
45,0,3,0
29,2,2,1
43,0,0,0
32,2,9,3
38,1,4,0
37,2,0,0
27,0,2,1
38,0,2,0
47,0,0,0
42,1,0,1
23,2,5,0
44,1,1,0
26,3,5,1
26,1,8,1
39,1,1,0
38,1,1,1
34,0,3,1
31,1,4,0
45,0,1,1
37,0,3,1
32,0,6,1
42,1,2,0
41,0,0,0
39,1,5,1
42,3,2,0
36,0,2,0
34,1,3,1
36,0,0,2
40,0,1,0
34,5,3,0
39,0,2,0
42,1,2,0
37,0,2,0
33,0,4,0
41,1,1,0
25,1,2,0
27,5,5,1
51,1,2,0
30,0,3,0
38,3,7,0
39,0,4,0
28,1,1,0
43,0,2,0
35,1,0,1
33,1,2,0
37,1,0,0
33,0,2,0
46,1,2,0
32,0,0,1
38,0,0,0
32,1,4,1
34,1,5,0
34,0,0,1
37,0,0,1
38,1,2,1
33,1,1,0
31,3,5,1
38,1,12,0
43,0,1,0
39,1,5,0
37,1,7,0
41,0,3,0
38,1,0,0
33,1,1,0
40,0,3,0
31,3,1,0
28,1,3,0
24,2,9,3
40,3,2,0
37,0,2,0
33,0,1,0
29,1,2,0
36,0,1,0
38,0,0,0
50,0,2,1
31,0,0,0
41,1,2,1
40,0,0,0
38,0,0,1
31,1,2,0
43,2,4,0
39,2,2,0
40,1,2,0
35,1,0,1
42,0,1,0
45,1,0,0
39,0,5,0
41,0,3,0
28,0,1,0
30,1,2,0
23,2,9,3
38,1,1,0
41,0,2,1
37,2,0,0
51,0,2,1
33,1,1,0
50,1,3,0
37,4,1,1
55,0,1,0
31,0,1,0
36,1,0,1
38,1,1,0
35,1,3,1
36,1,2,0
46,1,0,2
31,1,1,0
47,0,2,0
36,0,2,0
41,0,0,0
45,1,0,0
40,2,3,0
34,0,0,0
46,1,1,0
41,0,7,0
31,1,0,0
27,0,1,0
27,0,0,0
30,0,3,0
32,1,1,0
41,0,2,0
47,1,0,0
38,1,0,0
39,3,3,3
42,0,1,0
38,2,3,0
45,1,0,0
48,0,2,0
45,0,0,0
41,2,5,1
44,1,1,0
40,0,0,0
46,0,2,0
41,1,1,0
31,0,2,0
31,2,4,2
36,1,4,0
38,1,1,0
23,1,4,2
33,0,5,1
44,0,0,0
26,1,1,0
38,0,0,1
28,1,2,0
41,1,2,0
36,2,1,0
31,0,2,0
32,1,0,0
26,0,1,0
36,0,1,0
34,3,1,0
53,0,2,0
44,0,1,0
33,1,3,0
44,1,0,0
35,1,1,0
29,2,3,0
35,1,0,0
38,0,1,0
34,1,0,0
41,2,3,0
41,1,4,1
36,1,1,0
38,0,3,1
33,1,0,0
30,0,2,0
34,2,2,2
44,1,0,0
40,0,1,0
51,0,4,0
32,1,1,0
32,1,5,1
35,0,1,0
37,1,0,0
35,3,1,0
45,0,2,0
35,0,0,0
41,0,5,0
49,1,4,0
40,0,7,1
40,0,3,0
33,1,0,0
40,1,2,0
35,1,0,0
34,0,4,0
49,1,0,0
37,1,2,1
41,1,3,0
34,0,3,0
30,1,1,0
31,4,4,1
34,0,2,0
40,0,0,0
41,2,2,1
36,3,3,0
41,1,3,0
25,2,5,1
51,1,0,0
38,1,3,0
30,1,3,1
50,0,2,0
39,0,1,0
44,2,6,1
47,0,2,0
30,0,3,0
43,1,1,0
33,1,3,0
46,0,1,0
24,2,0,0
35,1,0,0
28,3,3,1
41,0,1,0
43,1,1,0
34,0,5,0
40,2,1,2
34,0,1,0
26,0,4,0
42,0,0,0
35,1,1,1
38,3,3,3
41,0,0,0
29,0,4,1
33,0,7,2
28,4,10,1
35,0,2,0
38,0,2,0
35,1,0,0
27,3,1,0
35,3,1,0
28,1,1,0
37,0,1,0
34,2,1,0
37,1,0,0
30,0,1,0
35,0,1,0
39,0,0,0
47,0,1,1
41,0,8,0
37,2,5,2
29,1,1,0
26,1,2,0
31,1,2,0
33,0,0,0
42,0,0,0
41,0,0,0
30,0,0,0
40,0,2,0
39,0,2,0
34,1,2,0
30,1,3,0
31,0,7,0
34,0,1,0
35,1,2,0
29,0,0,0
33,1,3,0
33,1,0,0
31,2,1,0
41,0,2,0
41,2,0,0
38,2,2,0
29,1,6,0
40,1,0,0
43,0,0,0
34,2,3,0
34,1,0,0
38,1,4,0
31,1,2,0
29,1,3,0
40,0,2,0
29,1,0,0
43,0,5,0
31,1,0,0
37,0,1,0
36,4,0,0
45,0,1,0
36,4,4,0
38,0,2,0
31,1,0,0
29,0,2,1
39,0,0,0
33,1,5,1
44,0,6,0
30,1,8,0
36,0,1,0
49,2,3,1
45,1,2,0
35,0,2,2
30,4,1,0
29,1,6,2
41,2,1,0
36,0,10,0
39,0,2,0
47,0,2,0
34,0,0,0
34,0,1,0
35,3,3,3
32,1,1,0
35,0,4,0
45,1,2,0
40,0,0,0
36,0,3,0
37,3,5,0
39,2,0,0
43,1,3,1
39,1,2,1
36,0,1,0
37,0,5,0
25,0,0,0
52,0,3,1
50,0,1,0
43,0,0,0
45,1,2,2
41,0,0,0
40,0,2,0
37,2,1,0
37,2,3,0
42,1,0,0
41,0,3,0
43,0,0,0
35,1,5,0
23,1,3,0
22,3,3,1
42,0,2,1
40,0,2,0
40,1,1,1
32,1,5,0
31,0,0,0
32,0,0,0
34,0,2,0
37,0,3,0
43,1,2,1
37,2,10,0
42,2,2,0
44,2,2,1
31,1,8,0
27,1,4,0
45,2,0,0
38,0,3,1
45,1,1,0
37,0,1,0
47,2,0,0
31,0,0,0
39,0,1,1
37,2,2,0
31,0,2,0
41,1,4,0
41,0,1,0
44,0,2,0
42,0,1,0
34,1,2,0
37,0,4,0
36,0,0,0
31,0,3,0
39,0,4,1
42,0,1,0
38,0,1,0
39,2,2,0
37,0,3,0
51,2,1,0
29,0,1,0
29,1,0,0
39,3,2,1
42,1,2,0
39,0,0,0
41,0,2,1
29,0,2,0
34,0,0,0
37,1,2,1
44,0,3,1
39,0,1,0
36,0,1,0
34,0,0,0
26,0,0,1
47,2,2,0
48,1,1,0
29,1,2,0
30,3,5,1
39,0,0,0
36,0,4,0
35,0,0,0
37,3,2,0
36,1,5,1
43,0,0,0
28,0,4,2
34,1,0,0
47,1,2,0
45,3,1,0
43,2,4,0
38,6,7,6
49,0,0,0
34,0,3,0
31,1,0,0
34,0,0,3
33,0,0,0
31,0,3,3
34,0,0,1
37,1,3,0
34,1,1,0
44,1,1,0
29,0,4,0
40,1,1,0
38,0,2,0
35,1,5,1
34,2,3,0
30,0,0,1
36,0,2,0
34,0,0,0
37,1,3,1
25,1,3,2
47,1,3,0
45,0,1,0
29,0,0,1
39,0,4,1
39,1,0,1
30,0,0,0
38,0,3,0
28,0,8,2
33,2,4,1
34,0,2,0
52,3,1,0
47,1,9,0
36,1,0,1
38,1,0,0
37,0,2,0
36,1,1,0
40,2,2,0
40,0,1,0
25,2,0,0
36,0,0,1
51,0,0,1
30,0,7,1
40,0,1,0
37,0,1,0
41,3,0,0
35,0,1,0
24,2,5,0
38,1,0,1
37,3,2,0
29,0,2,0
26,4,4,0
27,2,2,1
36,2,1,0
36,1,0,0
38,0,4,0
29,1,3,0
43,0,1,0
34,0,0,0
35,1,0,0
27,1,6,2
34,1,1,0
43,0,1,0
41,0,2,1
48,0,1,0
33,0,2,1
41,0,3,0
37,0,2,0
40,2,1,4
40,0,2,0
34,0,0,0
35,1,3,0
45,0,2,0
34,1,4,0
36,0,1,0
34,1,2,0
28,0,1,0
39,0,2,0
26,3,3,0
31,2,1,0
33,1,1,0
34,1,1,0
36,1,1,1
33,1,3,0
40,2,8,0
42,1,1,0
42,1,1,0
30,0,1,0
32,0,3,1
26,2,3,0
42,1,4,0
34,1,1,0
33,0,2,0
27,1,2,1
36,3,3,1
32,1,4,0
27,1,5,0
33,0,1,0
31,1,8,1
35,0,4,0
38,0,4,1
44,4,1,2
47,0,2,0
43,0,0,0
37,2,3,1
41,1,2,0
41,0,1,0
31,5,2,1
28,0,6,0
46,0,0,1
40,2,0,1
49,0,3,2
22,0,0,0
33,7,0,0
40,0,4,1
44,0,1,0
46,1,0,0
45,1,0,0
22,0,8,3
36,2,2,0
39,0,0,0
37,2,0,1
39,1,2,0
43,0,1,0
35,0,0,0
43,1,1,0
35,0,2,0
40,0,2,0
35,1,2,0
33,1,1,0
47,2,1,1
35,2,4,2
40,1,1,1
25,3,7,1
39,1,3,0
27,3,5,1
36,1,0,0
34,0,0,0
36,1,0,0
32,0,1,0
41,2,3,1
37,1,3,0
27,1,0,1
40,1,0,1
35,3,0,0
35,1,0,0
28,0,8,0
31,1,2,0
34,1,1,1
29,2,1,2
43,2,1,0
36,1,2,0
32,1,2,0
34,2,2,2
32,1,0,0
24,1,6,1
46,1,2,0
40,0,1,0
44,0,3,0
31,0,0,0
38,2,2,0
40,1,3,0
22,0,8,1
42,1,1,0
46,3,1,0
38,0,1,0
45,1,0,0
45,0,3,0
40,0,0,0
38,0,0,0
32,0,2,0
37,1,1,0
27,2,2,1
38,0,1,1
40,2,1,0
33,0,1,1
39,1,0,0
45,0,0,0
28,1,4,2
23,0,4,1
31,0,4,2
37,3,6,0
51,2,4,0
41,0,0,1
38,2,0,0
25,0,4,3
41,1,1,0
32,2,6,0
37,0,1,0
41,1,1,0
38,1,0,0
36,1,0,0
34,0,2,0
33,1,0,0
39,2,1,0
38,1,2,0
39,0,3,1
40,0,0,0
38,1,1,0
41,1,1,2
40,1,1,0
42,0,1,0
25,1,1,0
41,0,1,0
32,2,2,0
35,2,1,1
36,1,1,0
42,0,1,0
42,0,2,0
37,0,2,0
37,0,3,2
36,3,0,0
35,3,1,0
27,1,0,0
32,1,1,0
29,2,6,2
34,0,2,0
38,0,0,0
27,0,1,0
30,2,4,2
52,0,0,0
36,1,1,1
27,2,3,2
39,0,2,1
49,0,1,0
35,0,1,0
39,2,1,1
31,0,0,0
36,0,2,0
36,0,2,1
31,1,2,0
38,1,2,0
33,0,0,0
32,2,4,1
57,1,1,0
40,2,1,0
25,1,8,2
31,0,1,0
46,1,1,1
48,1,1,0
38,1,2,0
36,0,1,0
22,0,2,1
42,1,5,3
26,0,0,0
37,2,2,1
38,3,2,0
30,0,2,0
41,1,0,0
44,1,2,0
27,0,0,0
49,0,1,0
45,2,9,1
35,0,2,0
37,0,0,0
44,0,1,0
35,1,5,2
41,1,4,1
39,1,5,2
32,0,1,0
37,1,2,0
34,0,4,1
29,2,0,0
37,0,2,0
27,2,5,0
42,0,2,0
37,2,7,3
40,0,2,0
26,5,2,2
33,2,0,0
36,0,2,0
37,0,0,0
30,0,3,0
45,0,4,0
51,2,0,0
48,0,3,1
39,0,2,0
31,0,5,1
42,0,5,0
38,1,1,0
33,1,3,0
33,0,1,0
35,0,3,0
35,1,1,0
51,0,1,0
27,0,4,0
35,1,0,1
35,0,1,0
40,2,2,0
35,0,3,1
39,0,5,0
40,0,0,0
27,1,2,1
35,0,3,0
33,2,3,2
31,0,2,0
43,4,1,0
40,2,3,1
29,0,1,0
37,1,2,0
26,0,1,0
55,0,3,1
31,1,1,1
29,3,0,1
35,3,1,0
32,1,0,0
32,0,3,0
46,2,0,1
38,0,2,0
55,1,0,0
37,2,4,0
37,1,5,3
38,2,5,0
38,0,4,0
41,1,0,0
36,2,0,0
33,0,1,0
34,0,0,0
28,1,9,0
46,1,3,0
32,0,0,1
38,1,3,1
32,3,3,0
37,0,3,0
41,0,1,1
28,1,2,0
33,1,2,0
46,0,3,1
36,0,0,0
34,2,0,1
36,1,7,3
29,3,2,1
22,3,6,0
34,1,2,1
41,1,0,0
35,0,2,0
39,4,3,1
26,0,4,2
49,0,0,0
29,0,4,1
45,1,3,1
38,0,1,0
42,0,0,0
46,1,0,0
32,0,1,0
36,0,7,0
33,1,1,1
36,0,2,0
34,0,0,0
41,1,1,0
44,0,2,0
34,0,1,1
35,2,1,1
30,0,1,1
45,1,1,0
36,0,1,1
45,1,2,0
34,4,6,1
48,1,2,1
46,0,0,0
43,0,0,0
34,0,5,0
42,3,0,0
50,1,2,1
44,1,3,0
31,4,6,0
27,1,0,0
47,1,0,1
46,1,0,1
43,2,1,0
28,2,2,0
42,1,2,0
27,2,5,3
31,1,1,0
37,0,2,2
25,0,6,1
46,1,1,0
42,1,0,1
33,0,0,0
42,0,1,0
29,0,1,0
38,1,2,0
50,1,1,0
47,1,1,0
49,2,0,0
42,0,0,0
41,0,0,2
36,0,1,0
35,1,1,1
25,1,0,0
36,0,1,0
35,2,5,0
36,0,3,1
35,1,3,0
38,0,3,0
24,1,0,0
50,0,0,0
29,2,4,2
33,1,1,2
37,2,4,1
31,0,0,0
34,0,2,0
39,0,0,0
37,1,1,0
29,1,4,0
32,2,0,0
25,0,2,0
18,1,0,1
33,0,8,0
34,0,0,0
48,1,0,0
44,0,1,0
53,0,1,0
44,2,7,2
43,0,2,0
34,0,1,0
34,0,1,0
37,1,9,1
21,2,0,1
38,1,0,0
44,1,1,0
40,0,6,1
43,0,3,1
38,1,1,0
32,0,1,0
37,2,2,0
40,1,1,0
44,0,1,0
37,0,2,0
33,3,7,0
39,1,1,0
38,1,0,0
34,1,1,0
37,2,2,1
43,0,1,0
29,1,3,0
36,3,1,0
35,2,0,0
29,1,1,0
33,2,5,0
47,2,1,0
35,1,1,1
31,0,1,0
35,0,3,0
38,2,2,0
44,1,0,0
45,0,1,0
44,0,1,0
40,0,3,0
41,1,1,0
42,0,0,0
41,1,2,1
34,0,1,0
35,1,1,0
30,0,8,1
35,0,6,1
36,0,2,0
40,1,1,0
47,2,1,0
45,1,2,0
44,2,3,0
45,1,3,0
46,0,1,0
34,2,1,0
41,3,1,0
27,0,0,0
30,2,2,2
31,0,1,0
35,1,0,0
29,0,1,0
34,2,6,1
32,1,1,1
38,1,1,0
33,0,6,0
34,0,1,0
35,1,1,1
48,1,1,1
39,0,3,1
33,3,2,0
34,2,6,2
48,1,2,0
30,0,9,0
31,1,1,2
30,1,6,1
42,0,2,0
36,0,3,0
51,0,0,0
29,3,3,0
34,2,0,0
38,1,4,0
42,0,0,1
45,1,6,0
50,1,1,0
45,0,3,0
33,0,1,0
26,2,6,0
43,0,1,0
32,0,5,0
40,0,2,0
48,0,0,0
32,2,0,0
33,1,0,1
38,1,1,0
38,2,1,0
38,0,6,2
36,0,2,0
43,0,2,0
32,0,0,0
40,3,2,1
31,0,1,0
40,0,1,0
42,2,1,0
41,1,1,0
34,2,2,0
29,0,4,0
34,1,2,0
34,0,4,0
40,1,2,0
39,0,1,0
41,0,1,0
50,2,0,0
31,3,5,1
34,1,2,0
45,1,0,0
42,0,2,0
38,1,4,0
31,1,1,0
25,2,4,0
35,0,2,0
44,0,1,0
31,0,0,1
38,2,0,0
37,0,8,0
38,0,3,0
42,1,1,0
41,2,2,0
43,1,1,0
24,0,8,1
35,0,1,0
44,1,1,1
35,1,2,1
30,2,0,0
45,0,5,1
40,2,2,0
35,0,3,0
30,2,0,0
24,4,0,0
35,0,2,0
36,2,5,0
35,0,3,0
24,2,2,0
47,2,1,0
32,1,0,0
31,5,0,0
43,1,1,0
37,2,1,0
29,1,4,2
37,0,1,0
32,1,0,1
39,0,0,0
36,0,1,0
41,1,3,0
36,0,1,0
42,1,2,0
42,1,2,0
43,0,3,0
35,0,0,0
40,3,2,0
31,2,3,0
40,0,2,0
36,1,0,0
31,5,3,0
32,0,3,0
41,1,0,0
36,0,2,0
39,2,0,0
36,0,0,0
26,1,2,1
31,2,4,1
46,0,2,1
38,1,0,1
30,0,1,0
34,1,0,0
40,2,1,0
42,2,2,0
44,1,0,0
34,1,4,3
42,1,2,0
27,4,1,1
41,1,0,0
50,0,0,0
36,0,1,0
20,4,4,0
30,1,6,1
46,1,2,0
40,1,0,0
24,0,6,0
36,0,1,0
29,0,4,0
41,0,1,1
30,3,6,1
45,0,0,1
41,0,1,0
36,2,1,0
45,1,1,1
39,0,0,0
35,0,1,0
37,1,0,0
46,1,2,0
38,0,0,1
35,0,2,0
46,0,0,1
31,0,3,0
35,1,0,0
40,0,3,0
35,1,1,0
36,0,0,0
34,1,2,0
32,2,3,0
44,1,0,1
43,0,1,0
41,1,6,0
31,0,1,1
38,1,1,0
42,1,3,0
35,0,7,0
41,0,0,0
36,0,1,0
46,0,1,0
42,1,1,0
37,0,1,0
31,2,4,3
32,0,1,0
44,2,1,1
29,1,2,0
48,1,2,0
52,0,0,0
52,1,1,0
45,0,1,1
31,1,0,0
50,0,1,0
33,0,2,0
31,2,9,0
36,2,1,0
24,0,6,2
30,0,2,0
52,1,0,1
50,1,2,0
30,0,1,0
34,2,4,0
47,2,1,0
40,1,2,0
34,0,1,0
36,1,1,0
40,3,1,0
37,1,0,0
40,2,7,2
33,1,2,0
47,0,4,0
43,1,1,0
42,1,0,0
30,0,0,0
48,0,2,0
32,2,2,0
36,0,0,0
31,1,1,0
43,0,2,0
42,2,2,1
34,1,0,0
27,1,3,0
35,0,1,0
21,2,8,0
32,0,0,0
45,0,1,0
35,0,2,0
31,0,8,0
39,1,4,1
46,0,0,0
32,0,0,1
30,1,4,1
30,0,8,1
33,0,4,0
31,1,2,0
30,3,7,0
38,0,1,0
41,2,6,1
50,1,1,0
55,0,0,1
29,0,5,1
29,1,5,0
32,0,3,0
32,0,1,0
35,0,2,1
42,0,1,0
41,1,1,0
48,0,1,0
35,0,1,0
30,2,0,0
32,0,0,0
33,0,0,0
26,2,7,0
42,0,4,0
30,2,7,2
36,1,1,0
37,1,3,0
30,0,5,0
27,0,2,0
43,1,0,0
45,3,3,0
32,2,4,2
46,0,3,1
31,0,1,0
43,0,0,0
31,1,0,1
32,0,0,0
35,2,1,1
44,0,0,0
45,0,0,0
39,1,0,0
38,0,2,0
34,2,0,0
33,1,2,1
20,2,0,0
39,0,2,0
36,1,2,1
41,0,1,0
38,1,1,0
40,1,0,0
35,0,0,0
47,3,0,0
33,0,4,1
36,0,2,0
40,2,1,0
32,1,1,0
33,1,0,0
44,1,1,0
26,1,2,0
30,0,2,0
42,4,2,1
40,1,7,2
39,0,1,0
28,1,1,0
32,2,3,0
48,0,0,0
31,0,3,0
36,1,0,0
32,2,2,0
42,2,0,0
35,1,1,1
26,1,0,0
39,2,0,1
33,0,5,1
34,2,0,1
38,1,2,1
42,1,3,0
31,0,2,1
38,0,0,1
35,1,1,0
34,2,5,0
22,0,4,1
32,2,3,1
34,0,2,0
35,1,0,0
31,0,1,0
44,4,1,0
37,3,0,0
21,1,4,1
49,1,0,0
38,0,0,0
28,1,0,0
49,0,0,0
48,0,0,0
29,1,1,1
27,1,0,0
35,1,0,0
28,1,5,2
34,0,4,0
29,0,6,1
36,1,0,0
35,1,1,0
27,3,7,1
34,2,2,0
38,0,2,0
39,1,3,0
25,2,5,1
48,0,2,0
44,0,1,0
23,2,4,1
35,0,2,1
39,2,8,1
41,0,1,0
42,1,1,0
32,2,4,2
33,0,2,1
31,0,2,0
44,0,1,0
35,1,0,2
32,1,2,0
59,0,0,0
33,2,0,1
34,0,4,2
46,2,2,0
36,1,2,0
32,0,0,0
49,1,1,0
37,2,6,1
37,1,4,1
28,0,0,0
36,1,7,0
34,2,2,0
35,2,7,0
45,0,1,0
35,2,0,1
39,2,1,0
38,2,7,0
37,0,1,0
27,1,1,0
38,0,2,0
46,2,2,0
37,1,7,1
42,0,1,1
53,0,0,0
40,0,1,0
31,0,1,0
36,0,1,0
37,0,1,0
30,0,7,0
39,1,1,0
40,1,2,1
40,0,0,0
30,0,4,0
39,1,0,0
40,1,0,0
43,0,2,0
32,3,1,1
38,0,2,0
34,0,0,0
37,0,0,0
36,1,2,0
34,1,2,0
43,0,0,0
34,0,1,1
39,0,0,0
42,0,0,0
37,0,2,0
33,2,1,0
44,0,3,0
38,0,0,0
35,1,6,1
30,2,5,1
35,0,3,0
32,3,4,1
48,1,3,0
41,3,1,0
29,0,0,1
46,0,0,1
33,1,0,0
40,0,0,0
28,0,9,1
42,1,0,0
34,0,1,0
51,1,1,0
28,1,2,0
34,2,6,2
44,1,0,0
40,0,2,1
38,0,1,0
24,1,1,0
32,1,1,2
37,2,0,0
30,1,1,0
46,1,1,0
36,1,2,0
39,3,1,0
21,0,1,0
33,1,2,0
36,0,1,0
38,1,0,0
50,1,1,0
33,1,2,1
39,1,1,0
36,1,1,1
47,0,1,0
39,0,1,0
42,0,0,0
27,4,4,3
38,1,2,1
41,0,5,0
34,0,8,1
42,0,3,1
38,0,2,0
45,1,3,0
30,3,2,0
38,0,1,0
38,0,0,0
35,2,2,1
28,2,5,0
35,2,2,0
25,2,3,0
46,0,1,0
34,3,2,0
40,1,2,0
42,1,0,0
43,1,3,0
37,2,4,0
47,1,0,0
37,0,1,1
47,0,2,0
37,1,2,0
46,0,4,0
39,0,0,0
38,0,3,1
40,2,2,0
36,3,11,3
22,2,1,0
43,0,1,0
36,3,5,1
33,0,3,0
45,1,1,0
39,1,1,1
44,1,0,1
45,4,2,2
39,0,1,0
40,0,1,0
34,1,2,0
32,0,1,0
30,0,1,0
34,2,0,0
31,2,1,2
45,0,0,0
41,0,0,0
44,1,1,1
37,0,2,0
40,0,1,2
43,0,0,0
31,2,9,0
47,0,2,1
41,0,1,0
36,1,3,1
45,1,2,0
44,0,3,0
38,1,2,0
42,0,3,0
42,0,1,0
31,1,1,0
40,0,1,1
41,2,5,0
29,0,1,2
39,1,3,0
34,1,0,0
39,0,2,0
41,0,0,0
35,2,1,0
44,0,6,0
31,2,1,1
37,1,2,0
32,4,0,0
62,0,1,0
38,0,3,0
43,0,0,0
23,1,6,2
39,2,3,1
40,1,7,0
44,0,1,0
40,1,8,1
35,0,0,0
34,4,3,1
42,0,0,0
30,1,0,0
28,1,1,0
34,0,1,0
19,1,8,1
38,1,8,0
31,2,1,1
32,1,0,1
34,3,2,0
35,0,0,1
51,0,2,0
41,1,1,0
34,2,7,0
40,0,1,0
37,0,5,0
39,0,2,0
48,0,1,0
30,2,3,0
38,0,0,0
33,0,2,0
42,0,1,0
42,1,3,0
41,0,0,0
46,2,0,1
39,2,4,2
39,2,2,0
34,1,1,0
42,1,1,0
44,1,2,0
32,0,1,0
33,0,0,0
40,1,2,0
39,1,0,0
35,3,1,0
44,0,2,1
31,1,2,1
37,1,2,0
34,0,1,0
37,3,0,0
42,0,1,0
27,2,0,0
39,1,1,1
37,3,4,1
27,1,3,0
42,0,1,1
35,0,4,0
43,2,2,0
26,1,1,2
38,2,0,0
33,2,0,1
37,0,0,0
41,0,3,0
35,0,1,0
34,0,3,0
42,1,3,0
32,0,1,1
29,1,4,0
34,0,0,0
36,1,0,0
41,2,3,1
39,0,1,0
30,0,2,0
38,0,2,0
30,0,2,0
47,1,3,0
45,4,2,0
38,0,6,0
37,0,4,3
36,2,2,0
36,2,3,0
44,0,2,0
35,0,4,0
31,1,1,0
47,0,0,0
35,2,0,0
30,0,2,0
35,0,2,0
41,0,1,0
39,1,2,0
36,2,1,0
36,3,7,1
39,2,0,0
28,1,0,0
35,0,3,0
38,0,2,1
29,0,6,0
38,3,1,1
32,0,3,0
42,1,0,0
38,0,0,1
39,1,1,0
41,0,0,0
37,1,0,0
41,1,1,0
46,0,3,0
33,1,5,0
25,1,1,0
45,2,1,0
29,0,5,1
38,6,0,0
36,1,0,0
29,0,0,1
37,0,0,0
34,0,1,0
33,3,1,1
41,1,2,1
33,1,1,1
40,1,1,0
36,0,1,1
31,3,1,0
43,2,1,0
47,0,2,0
39,3,2,0
46,1,1,0
39,0,2,0
38,1,0,1
36,0,1,0
29,1,0,0
35,0,2,0
36,2,3,2
36,1,3,0
38,0,2,1
31,1,0,0
28,0,1,0
38,1,6,3
46,2,0,0
47,0,3,0
41,2,2,0
38,1,3,0
26,1,6,2
42,1,3,1
33,0,2,1
41,0,2,0
37,2,1,1
54,0,3,0
30,0,4,1
47,1,2,0
30,3,5,1
46,0,1,0
36,1,1,0
39,1,1,0
49,0,0,0
31,3,2,0
45,0,2,0
51,0,2,0
33,1,0,0
37,1,3,0
35,0,0,0
47,0,1,0
41,0,2,0
41,1,2,1
34,1,0,0
35,1,2,0
38,1,1,0
38,0,0,0
38,0,1,0
29,2,0,0
34,1,3,0
31,1,5,0
38,0,5,1
30,2,0,0
23,2,1,1
25,1,8,1
37,2,5,2
29,1,0,0
42,2,4,0
31,2,10,2
42,1,1,0
36,2,1,0
40,2,1,0
38,1,3,0
37,1,1,0
33,1,3,1
30,0,4,2
34,0,1,1
34,1,1,0
37,0,2,1
40,1,3,1
31,0,0,1
42,0,1,0
40,1,2,0
33,0,0,0
31,2,1,0
29,1,8,0
40,2,3,0
36,1,1,0
33,0,1,0
33,0,1,0
42,0,4,1
36,0,0,0
51,3,0,1
43,0,2,0
53,0,1,0
41,3,1,0
34,0,1,0
35,0,1,0
39,0,1,0
36,3,0,0
41,2,0,0
37,1,0,2
36,0,1,0
42,1,3,0
37,0,0,0
37,0,0,0
26,1,3,1
38,0,1,0
31,0,1,0
36,1,1,0
47,4,3,0
44,0,1,0
35,0,0,0
41,0,1,0
50,1,2,0
23,1,0,0
26,1,4,3
40,0,0,2
26,4,3,1
35,1,2,0
19,1,14,3
39,0,2,1
42,1,0,0
39,0,3,0
34,0,3,1
43,0,1,0
28,0,7,0
38,0,2,0
43,0,1,1
25,5,1,1
28,0,2,0
28,0,1,0
36,0,1,0
39,0,1,0
42,2,1,0
30,0,1,0
44,0,5,2
42,1,4,0
33,1,9,2
25,0,2,1
41,1,1,0
40,0,3,2
37,2,2,0
36,2,0,0
38,2,1,0
31,0,2,0
33,1,0,0
39,1,0,0
43,1,0,0
52,1,1,0
28,1,2,0
34,0,3,0
30,1,0,1
35,0,9,0
31,0,3,0
31,0,10,2
33,0,3,0
34,2,1,0
44,2,1,0
47,1,0,1
26,0,2,0
41,1,1,0
40,2,6,0
25,2,5,0
40,6,2,1
22,2,2,0
42,0,1,0
41,0,1,0
38,1,1,0
34,1,4,0
31,0,0,1
29,5,5,1
47,0,1,0
34,1,7,0
33,0,1,0
38,0,2,1
33,1,6,0
27,2,1,0
42,2,0,0
44,0,0,0
37,1,1,1
40,0,0,0
31,0,0,0
40,0,0,0
37,0,1,0
42,2,1,0
34,2,1,1
39,0,6,0
35,1,2,0
34,2,0,0
30,1,0,0
32,0,2,0
40,2,1,0
23,0,7,4
40,0,4,0
36,0,1,1
34,1,0,0
37,1,3,1
30,1,1,1
42,0,1,1
36,1,2,0
27,2,13,1
35,1,0,0
19,0,2,0
47,1,1,0
41,1,1,0
35,1,4,0
47,1,2,2
36,0,4,0
47,1,0,0
35,0,2,1
41,3,0,0
30,0,4,1
29,0,0,1
34,2,2,0
40,1,2,0
28,1,4,0
29,0,2,0
29,0,0,0
39,1,6,1
32,0,2,1
48,1,0,0
35,0,2,0
47,0,7,0
37,0,3,0
29,0,1,1
36,1,1,0
48,1,1,0
34,2,2,2
41,1,2,1
28,2,1,0
34,0,6,0
33,1,1,0
26,2,1,0
31,1,1,0
29,0,1,0
45,1,10,0
48,0,1,2
28,0,6,1
24,1,4,1
49,1,0,1
45,1,0,0
29,1,0,0
31,2,4,1
33,1,2,1
33,0,0,0
35,1,3,0
45,1,2,1
34,0,1,0
40,1,1,0
32,1,4,1
38,1,3,0
42,0,0,1
40,1,1,0
36,3,3,0
36,3,6,1
36,3,2,0
25,1,0,0
40,1,1,0
45,2,0,0
36,1,1,0
30,3,3,0
40,1,0,0
27,1,1,0
43,0,0,0
29,3,4,0
33,0,6,0
40,0,2,0
24,2,4,1
35,3,0,1
42,1,2,0
27,2,1,0
30,4,1,1
37,2,1,0
45,0,0,0
27,1,4,1
45,1,1,0
38,0,0,0
26,0,2,0
33,1,1,0
28,0,3,1
29,1,0,0
42,1,2,0
33,1,1,0
36,1,11,3
25,1,3,0
36,1,3,0
41,1,3,0
35,3,6,2
32,0,1,0
33,0,0,1
34,2,3,1
34,1,4,1
30,1,6,0
30,2,7,0
52,1,2,0
34,0,2,0
40,0,2,0
40,2,2,0
35,0,2,0
34,0,1,0
24,1,7,1
47,3,0,0
35,0,4,0
38,0,3,0
37,0,1,1
43,1,1,0
33,0,2,0
29,0,0,0
37,0,2,0
31,2,8,0
36,0,0,2
41,0,4,0
42,2,4,0
38,1,4,0
34,1,0,0
23,0,5,0
45,2,0,0
46,5,5,0
38,0,1,1
36,1,0,1
32,3,0,0
42,0,1,2
30,1,3,0
36,3,5,2
36,0,4,0
38,1,4,1
30,1,3,1
30,1,0,0
28,3,6,0
28,1,0,0
36,0,2,0
25,1,0,0
36,0,0,0
37,0,0,1
37,1,5,0
38,0,4,0
36,0,0,0
35,0,0,0
33,1,2,0
35,1,5,1
38,1,1,0
33,0,6,1
20,1,8,2
33,1,1,0
33,2,0,0
34,0,1,0
46,0,0,0
39,1,0,0
40,0,0,0
31,1,3,0
31,0,2,0
27,1,2,0
36,0,0,0
48,0,0,0
32,3,2,0
33,1,4,0
43,0,2,1
39,1,0,2
35,1,8,0
38,1,1,0
26,1,8,3
32,2,1,1
37,0,0,0
33,1,3,0
43,0,0,1
39,0,0,0
35,0,1,0
37,0,2,0
29,0,0,0
38,2,0,0
32,1,0,0
48,0,2,0
39,0,1,0
35,0,6,1
35,0,0,0
37,0,1,0
36,1,4,0
28,0,2,0
29,1,1,1
41,2,1,0
36,0,2,0
33,1,3,0
46,3,4,0
40,0,1,0
34,0,2,0
44,2,2,0
25,3,2,0
41,0,0,0
32,0,1,1
31,3,2,0
30,1,2,0
27,0,1,0
44,1,2,0
36,1,2,0
36,1,1,0
34,1,2,0
22,0,1,0
56,0,2,1
35,0,6,1
29,1,2,0
30,0,2,1
40,1,2,0
36,2,0,0
45,1,1,0
34,0,3,1
35,2,6,0
25,3,4,2
29,2,1,0
41,0,3,2
30,1,2,0
48,0,0,0
29,0,0,0
41,1,6,1
38,1,2,0
35,0,2,2
40,1,0,0
46,0,0,0
47,1,1,0
34,0,1,0
39,0,2,1
33,1,6,0
41,0,2,0
34,1,2,0
33,0,0,0
37,1,1,0
38,1,2,0
36,0,3,0
38,2,1,0
24,1,0,0
36,1,1,0
40,0,1,0
37,0,3,0
35,0,0,0
44,0,2,0
44,0,1,0
50,3,1,0
30,0,1,0
36,1,1,0
38,3,0,0
36,0,1,0
34,0,0,0
31,1,2,0
28,1,2,1
36,0,11,0
33,1,6,3
32,1,1,0
31,3,2,0
47,1,1,0
37,2,1,0
38,0,3,0
32,2,6,2
46,0,3,0
36,0,4,0
28,0,2,0
42,1,2,0
33,1,3,0
44,0,2,0
35,2,6,0
38,1,3,0
31,0,1,0
42,2,2,0
19,5,6,0
32,0,1,0
41,0,1,0
31,0,2,0
32,2,6,1
37,0,3,0
36,2,2,0
47,5,2,0
47,1,0,1
47,0,2,0
40,1,2,1
41,1,3,2
36,0,2,0
32,2,2,0
30,1,0,1
36,0,0,0
43,0,1,0
37,1,0,0
27,0,3,0
26,0,1,0
33,1,6,0
29,0,1,0
30,1,5,0
28,4,1,0
30,1,1,0
39,0,1,0
38,0,2,1
34,0,0,0
43,1,0,0
34,1,2,0
36,0,1,0
42,0,1,0
15,2,6,1
28,0,1,0
32,2,1,0
28,0,2,0
37,2,3,0
39,1,1,0
36,1,1,0
41,0,2,0
51,0,1,0
36,0,2,1
41,1,1,0
37,0,1,0
46,1,4,0
37,2,0,0
37,0,0,0
40,1,1,0
40,1,1,0
32,2,2,0
39,0,0,0
47,1,1,0
38,0,0,0
39,3,1,0
41,0,3,0
37,1,3,1
41,0,0,0
37,0,1,0
44,0,0,1
32,0,1,0
45,0,0,0
30,2,6,1
39,0,3,0
37,2,2,2
27,1,4,0
48,0,2,1
37,1,3,0
31,1,1,0
39,1,1,0
34,3,3,1
40,0,1,0
35,0,1,1
38,1,2,1
33,1,1,0
36,1,0,1
40,1,2,1
31,0,4,0
30,0,1,0
40,1,0,0
41,0,3,1
38,3,0,1
24,2,4,2
47,0,2,0
50,0,1,0
28,1,2,0
31,1,1,0
41,0,0,0
40,1,3,0
31,0,4,0
39,0,0,0
38,3,9,2
27,2,8,0
38,0,1,0
55,2,1,0
29,1,1,0
29,0,1,0
47,0,1,0
36,0,4,1
45,0,1,0
37,1,0,1
47,1,3,0
41,0,2,0
43,0,1,0
49,0,2,0
31,1,0,0
36,1,1,0
31,0,6,0
28,0,2,0
41,0,2,0
35,1,1,0
46,1,1,0
33,0,1,0
39,1,2,0
46,0,3,1
36,1,1,0
44,1,3,0
32,1,0,1
40,0,2,0
42,2,0,1
42,2,1,0
43,4,2,1
38,1,2,0
27,1,1,0
39,3,1,1
36,2,6,4
40,1,0,0
34,1,1,0
29,0,3,0
27,0,3,0
40,0,1,0
37,0,3,0
39,0,4,0
31,2,4,0
28,0,1,0
35,0,2,0
37,0,1,0
29,0,7,1
51,1,1,0
43,4,9,1
34,2,2,0
35,0,1,1
40,0,0,0
27,0,7,1
33,0,0,1
43,1,5,0
27,0,5,1
33,0,0,0
46,1,3,0
34,0,4,1
41,0,3,0
39,2,1,0
48,0,1,0
39,1,0,0
37,1,4,0
30,1,6,1
37,1,1,0
39,0,5,1
35,0,3,0
40,1,2,0
47,0,2,0
33,4,0,0
35,2,1,0
51,0,1,0
35,0,0,0
43,0,3,0
33,0,1,0
38,0,0,0
39,0,1,0
38,3,1,0
48,0,2,0
31,0,2,0
38,2,3,0
41,1,2,0
41,0,0,0
22,2,9,3
32,2,2,4
32,1,0,1
30,0,2,0
35,0,0,0
32,0,2,0
31,1,2,0
39,1,1,0
34,0,6,1
32,0,1,1
53,0,2,0
33,1,1,0
44,0,1,0
44,0,1,1
29,0,0,0
34,1,1,0
39,2,2,0
43,2,3,1
35,0,0,0
28,0,1,0
39,0,0,1
24,2,5,2
43,2,1,0
30,0,1,1
52,1,1,0
41,1,2,0
47,0,1,0
31,1,3,0
41,1,1,1
31,0,2,1
28,1,2,0
29,0,0,0
30,1,0,0
35,2,3,1
40,1,1,0
40,2,0,0
42,1,1,0
30,0,7,0
39,2,5,0
27,0,5,1
37,0,1,0
41,0,1,1
33,0,6,0
39,0,2,0
35,1,0,0
31,1,4,0
44,1,2,0
31,0,3,0
38,0,1,1
35,0,1,0
36,0,0,0
44,1,3,1
33,1,1,0
48,1,2,0
39,2,2,1
44,0,0,1
38,1,3,0
36,1,2,0
37,0,0,1
29,0,7,1
40,0,1,0
33,0,5,0
20,0,1,1
34,2,1,0
44,0,0,1
32,1,0,0
30,2,5,1
36,0,0,0
38,1,0,0
37,1,4,1
29,0,2,1
29,0,4,0
32,2,1,1
27,1,8,2
35,1,0,0
34,1,0,0
48,0,5,2
35,0,3,0
39,1,1,0
31,1,1,0
36,1,2,0
44,2,1,0
35,2,3,0
34,0,1,0
36,2,2,1
38,2,0,0
28,0,0,0
38,0,3,2
32,1,0,0
42,0,1,0
35,0,1,0
32,1,1,1
39,3,7,1
28,1,0,0
36,1,7,2
31,1,1,0
41,0,2,0
23,2,1,0
29,1,0,1
42,0,2,0
32,0,1,0
42,3,0,0
31,2,6,1
35,0,2,0
26,2,1,0
38,0,2,0
21,1,2,2
50,2,1,0
28,2,4,2
30,0,2,1
42,2,0,1
37,3,4,1
36,0,1,1
33,0,0,0
42,2,1,0
35,0,1,0
37,0,2,1
37,2,11,1
49,0,3,0
38,2,1,0
50,2,2,0
49,0,4,0
34,0,3,0
36,0,1,0
33,1,2,0
36,0,3,0
40,0,1,1
45,1,0,0
36,0,0,1
33,2,6,0
52,0,1,0
34,3,1,1
32,1,5,0
32,0,0,0
40,1,2,0
33,1,1,0
42,0,4,1
38,0,1,0
34,1,1,0
40,1,4,0
39,0,2,0
41,1,5,1
42,1,1,0
28,2,2,1
47,3,5,0
38,0,1,1
43,1,3,0
40,1,3,0
32,0,1,0
35,6,1,1
29,1,5,1
39,1,2,1
35,0,4,0
43,0,3,0
41,1,0,0
34,1,0,1
35,1,3,0
38,1,4,0
37,0,1,0
41,0,0,1
34,0,1,0
49,0,0,0
35,0,0,0
27,1,9,2
40,1,1,0
30,0,5,0
41,1,0,0
45,1,2,0
42,0,0,0
32,4,1,0
45,1,1,0
41,1,5,1
31,0,2,1
34,0,0,1
31,2,0,0
42,0,0,0
34,1,0,0
44,1,2,0
36,2,2,0
33,1,1,0
41,1,1,0
33,0,0,1
37,0,4,0
43,0,3,1
43,1,2,0
44,1,1,0
35,0,2,0
30,4,5,1
36,1,3,0
36,1,7,2
24,0,7,0
27,1,2,0
33,2,0,2
38,3,2,2
32,0,0,0
33,0,3,0
36,1,0,0
33,2,1,1
42,0,1,0
34,2,2,0
33,1,1,0
38,2,1,0
41,0,0,0
38,0,4,1
52,1,5,1
41,1,0,0
33,1,0,0
43,1,0,0
40,0,2,1
29,2,6,1
30,2,0,1
35,1,2,0
35,0,2,0
37,2,0,0
36,1,0,0
38,4,5,3
41,0,1,0
26,0,3,0
36,0,0,0
31,0,3,0
37,5,0,1
42,1,2,0
51,2,0,1
45,0,1,0
35,1,1,0
38,5,0,0
32,1,2,0
27,0,8,0
30,1,2,2
48,2,1,0
29,1,5,0
35,1,0,0
42,0,2,0
36,1,1,0
38,2,4,0
35,0,1,0
33,1,3,0
43,1,0,0
42,0,0,0
30,1,3,1
34,0,0,0
34,4,7,2
36,2,1,0
38,1,2,0
28,2,0,0
21,0,8,1
51,0,1,0
39,2,1,0
30,2,10,0
37,0,9,1
33,0,0,0
38,2,5,1
39,1,0,0
36,0,3,1
40,2,1,0
48,1,2,0
37,1,3,0
36,4,1,0
33,1,1,0
26,0,0,0
33,1,7,1
36,0,0,1
39,1,2,0
30,1,7,2
33,2,6,0
35,1,2,0
38,0,3,0
29,1,1,0
43,0,0,1
40,1,3,0
35,0,1,0
34,0,4,1
32,3,8,0
43,1,1,0
37,1,0,0
47,1,0,0
39,1,2,0
31,1,2,0
39,1,1,0
28,2,8,1
41,1,1,0
32,0,4,1
48,0,1,0
42,1,1,0
32,2,6,0
40,1,4,0
42,1,1,0
46,0,1,0
54,0,2,0
32,1,0,0
26,1,3,0
31,0,0,0
34,1,1,0
41,1,0,0
28,0,5,1
40,1,4,0
34,0,2,0
38,1,1,2
48,1,0,0
38,0,0,0
33,2,1,0
35,3,0,0
25,1,0,0
40,0,0,0
47,1,2,0
37,1,3,0
42,1,2,0
46,0,1,0
39,1,4,2
33,1,1,0
36,0,1,0
32,0,2,0
28,1,1,0
37,0,0,1
27,1,0,0
33,4,2,0
36,0,0,0
35,0,3,0
35,1,2,0
34,0,6,0
37,1,1,0
32,0,1,0
26,2,7,0
40,2,1,0
29,2,7,1
41,1,4,0
34,1,4,0
28,1,4,0
33,0,1,0
41,0,0,0
27,0,1,0
36,0,0,0
31,2,1,0
29,0,4,0
46,1,0,0
31,1,2,1
38,1,2,1
29,0,6,0
40,2,2,0
32,1,2,0
42,0,0,0
33,0,1,0
35,0,4,0
37,0,1,0
26,0,0,0
47,0,0,1
47,1,1,0
42,1,1,0
25,0,0,0
39,1,1,0
26,0,1,0
38,1,0,1
42,0,0,0
38,2,1,1
45,1,3,0
40,1,1,0
45,0,3,1
34,1,0,0
34,4,2,1
29,1,1,1
38,0,1,0
52,1,3,0
41,1,1,0
39,1,0,0
31,0,3,1
31,0,0,1
30,1,3,2
36,2,1,0
35,2,1,0
33,1,2,0
47,2,0,0
40,0,1,0
34,2,2,2
42,2,3,1
26,1,1,0
46,1,1,0
49,0,0,0
28,1,2,0
34,2,0,0
40,0,1,0
31,1,0,1
50,0,1,0
51,0,1,0
38,3,0,0
28,0,0,0
36,2,8,0
40,3,0,1
30,1,4,0
41,0,0,0
28,1,1,0
39,1,1,2
43,0,2,0
47,0,2,0
37,1,4,0
37,0,2,1
18,1,4,0
43,0,1,0
55,0,0,1
22,2,3,1
41,1,0,0
26,1,2,1
35,0,1,0
41,1,2,0
37,0,0,0
43,0,3,0
52,1,1,0
49,0,0,0
34,0,2,1
30,1,2,0
33,0,1,0
27,1,4,0
41,0,2,0
36,0,1,0
26,2,3,1
34,1,1,1
31,0,1,0
36,3,2,0
32,0,2,0
30,0,1,0
48,3,1,0
29,0,0,0
39,1,1,0
48,0,2,0
38,0,0,0
39,1,2,0
31,0,3,0
30,1,2,0
22,0,1,0
37,1,1,0
39,0,4,1
32,1,1,0
43,1,2,0
45,0,0,1
32,0,2,0
29,1,4,1
30,0,2,0
44,5,0,0
22,2,10,1
40,0,0,1
32,0,1,2
37,2,3,0
31,0,7,0
34,0,3,1
36,1,5,0
38,0,1,0
28,1,0,0
32,2,5,0
35,0,2,1
44,2,0,0
30,1,1,0
44,1,1,0
49,0,1,0
36,1,0,1
36,3,5,1
25,1,2,0
35,0,2,1
39,3,1,0
44,0,0,0
40,0,1,0
38,3,2,2
44,1,2,0
27,0,0,1
33,0,5,0
35,1,3,1
38,0,0,0
36,1,2,0
43,0,0,0
38,4,0,0
38,2,2,1
40,0,1,0
36,2,1,0
40,0,3,0
45,1,0,0
37,1,1,0
33,0,12,0
39,0,0,0
33,0,1,0
24,1,6,0
25,1,2,0
30,0,7,0
32,1,0,0
33,1,2,0
30,2,3,1
39,3,2,0
37,1,1,0
43,1,1,0
29,0,3,0
31,0,4,0
33,0,1,0
30,0,1,0
40,1,2,1
34,1,1,1
31,5,7,0
23,0,1,0
35,0,0,0
40,0,2,0
35,2,4,0
41,2,2,0
42,2,4,0
39,1,1,1
32,1,4,0
30,0,4,0
39,0,0,0
45,0,0,0
40,0,1,0
34,1,3,0
31,0,0,0
30,0,1,0
35,3,0,0
30,1,7,0
31,0,3,0
38,0,0,2
37,1,0,0
34,4,8,1
38,2,2,1
40,0,8,1
29,0,3,0
31,1,3,0
29,1,2,0
37,1,3,1
34,0,0,0
38,1,2,0
45,1,1,0
38,1,2,0
39,1,1,0
38,0,0,0
45,2,0,0
30,0,2,0
31,1,0,0
34,1,0,0
34,1,4,0
36,1,1,0
53,1,2,0
37,0,1,0
31,1,0,0
38,1,0,1
45,0,0,0
29,2,0,0
42,0,1,0
25,1,1,0
35,0,1,1
39,0,3,0
37,3,5,1
46,1,2,1
44,3,8,1
39,1,2,0
35,4,2,0
34,0,0,0
31,3,4,1
28,0,4,0
36,0,2,0
43,2,2,0
39,0,2,0
39,0,2,1
40,2,0,0
31,0,1,0
33,1,1,1
32,0,0,1
32,2,4,2
38,0,4,1
38,1,1,0
39,1,1,0
39,1,1,0
38,0,3,0
30,3,10,0
41,0,2,0
35,2,12,1
26,3,1,0
43,0,2,0
29,1,0,0
40,2,1,0
42,1,0,0
35,0,0,1
30,0,1,0
24,1,4,1
44,0,2,1
37,0,2,0
43,0,0,0
38,2,2,1
42,0,2,1
28,2,5,1
43,0,4,0
40,0,1,0
28,0,1,0
29,2,5,4
28,1,1,3
30,0,1,0
28,0,1,0
32,1,0,1
33,0,0,0
44,1,1,0
36,0,3,0
36,0,5,0
37,0,2,0
39,2,3,0
42,1,1,0
34,1,4,1
36,1,4,0
35,1,0,1
37,1,3,1
45,1,1,0
29,4,1,0
38,1,3,0
39,0,3,1
40,2,2,0
42,0,3,0
44,1,1,0
42,0,1,1
40,0,4,0
39,2,2,0
29,0,1,1
30,0,1,0
36,1,3,0
29,0,0,1
35,1,0,0
39,0,0,2
34,0,5,0
50,0,0,0
40,1,2,0
41,2,1,0
35,0,0,0
33,1,5,0
40,0,3,1
35,0,0,0
37,1,0,1
26,2,6,0
42,2,1,0
26,0,1,0
37,2,0,1
34,0,2,1
35,1,4,0
47,2,1,0
42,3,1,0
42,0,3,0
42,0,2,0
31,0,1,0
42,0,2,0
42,1,3,0
35,0,0,0
33,0,0,0
21,0,3,0
40,2,4,0
33,0,3,0
29,0,2,0
31,3,5,2
42,0,4,0
35,1,1,0
46,0,0,0
42,0,3,0
31,0,4,0
34,0,6,2
27,2,5,2
28,2,8,1
33,4,1,0
37,1,0,0
31,3,0,0
52,0,1,0
40,1,2,0
54,0,0,0
39,1,5,0
49,0,0,0
28,3,1,0
40,2,2,0
36,1,2,0
35,2,1,0
38,1,5,1
46,1,1,0
40,0,3,0
32,1,2,0
37,1,7,0
42,0,5,0
29,2,5,0
39,0,1,0
29,0,1,0
40,0,2,0
43,2,0,0
38,2,5,0
37,0,1,0
40,0,1,0
32,1,3,0
39,2,7,3
31,1,0,0
45,1,4,0
28,3,2,0
35,0,1,1
28,0,2,1
41,0,0,1
26,2,7,0
33,0,2,0
34,0,1,0
24,3,12,1
33,2,5,1
39,0,0,0
38,0,0,1
29,0,1,0
21,0,2,0
39,1,0,0
40,1,1,0
42,1,1,0
29,1,2,1
41,3,0,0
26,1,3,0
24,1,3,0
41,0,0,0
25,2,3,3
38,0,4,0
46,0,1,0
32,0,1,0
33,0,2,0
32,2,3,0
31,0,1,1
26,0,1,0
43,1,0,1
28,1,3,1
41,0,3,0
34,1,0,0
30,3,1,0
36,1,0,1
40,2,4,0
39,2,2,0
44,1,2,0
34,2,6,3
41,2,0,0
38,0,0,0
33,1,2,0
34,0,3,0
34,0,1,0
29,0,7,2
37,1,1,1
28,0,2,0
33,0,7,0
27,0,2,2
49,0,4,2
32,0,1,0
38,1,0,0
41,0,0,0
32,1,0,0
47,0,0,0
38,0,1,0
33,2,1,0
31,0,2,0
42,0,1,0
42,1,3,0
35,1,1,1
37,0,1,0
28,0,5,0
37,1,0,0
36,1,3,0
45,1,1,0
49,1,2,0
38,1,1,0
45,1,0,0
33,2,1,2
42,0,4,0
29,1,3,1
34,0,3,0
50,0,2,0
38,1,0,0
35,1,1,0
45,0,0,0
31,0,1,0
43,0,2,0
46,0,1,0
42,0,0,0
33,0,0,0
31,0,1,0
34,0,2,0
40,0,2,0
33,2,1,0
36,0,3,1
31,0,1,0
31,0,1,0
39,1,0,0
28,0,1,0
39,1,4,1
36,2,2,0
35,2,1,0
32,0,5,1
24,1,1,0
37,0,1,0
24,2,8,1
35,1,2,0
46,0,1,0
33,0,3,0
38,0,1,0
31,1,0,1
37,0,1,0
44,1,2,0
39,0,4,3
37,1,1,0
25,2,4,2
27,0,1,1
28,2,10,3
40,1,4,1
39,1,1,0
23,1,2,0
41,0,6,0
39,3,0,1
36,3,11,0
39,0,0,0
25,0,2,0
44,0,5,1
41,2,1,1
42,1,2,0
29,2,1,0
39,1,1,0
33,1,5,0
33,0,0,0
49,4,2,0
30,1,5,0
41,0,1,2
40,0,1,0
39,3,3,0
25,0,2,0
30,4,4,3
34,0,2,0
24,1,6,1
49,0,2,0
32,1,2,0
36,2,3,1
40,0,3,0
33,0,0,0
32,1,0,0
37,2,2,0
31,5,2,1
37,1,1,1
35,0,2,0
43,1,1,1
30,0,1,0
36,0,1,1
36,0,6,0
37,1,2,1
34,1,0,0
33,2,1,0
32,1,0,0
37,2,8,0
32,1,0,0
40,4,1,0
36,0,2,1
28,1,0,0
36,2,3,1
40,2,0,0
38,0,3,0
40,0,2,1
37,1,5,0
36,1,4,0
38,0,0,0
28,2,1,0
39,1,7,0
44,2,0,0
38,0,1,0
30,0,2,0
42,0,1,0
22,3,5,2
45,0,1,0
37,1,1,0
45,0,0,0
27,1,4,1
35,0,3,0
36,0,1,0
34,0,2,0
36,0,2,1
34,0,0,0
38,0,2,0
42,1,1,0
37,0,1,0
30,1,1,0
41,0,0,2
34,0,5,1
38,0,1,0
31,2,2,0
42,2,4,0
36,2,2,4
36,0,1,0
42,1,2,0
33,1,7,0
35,0,0,0
26,0,0,1
33,1,4,0
37,2,1,0
43,0,2,0
33,4,1,0
35,1,8,0
29,1,1,0
42,0,1,0
41,0,0,0
31,0,0,0
44,0,0,0
45,0,1,1
40,1,0,0
34,0,0,2
52,1,2,0
38,1,2,0
34,0,4,1
46,0,2,0
47,1,1,0
25,2,3,0
48,0,2,0
34,3,4,1
33,0,7,2
30,1,0,0
29,1,5,0
34,0,1,0
41,1,3,0
39,0,5,0
38,0,1,0
46,1,1,0
32,1,1,0
44,0,1,1
36,2,3,1
40,1,3,0
41,0,1,0
29,0,1,0
43,1,7,1
28,1,0,0
43,1,1,1
28,0,2,0
35,0,7,1
43,4,0,1
41,1,1,0
40,2,1,0
53,1,3,0
32,0,3,2
49,1,1,0
35,1,1,1
28,0,2,0
33,0,1,0
31,0,2,0
38,1,5,0
39,0,4,0
32,0,0,1
45,2,4,0
49,3,0,0
46,1,2,0
35,2,8,0
32,3,10,0
29,2,4,2
29,0,0,1
36,0,2,0
32,1,2,1
35,0,1,0
29,1,2,1
31,0,0,0
34,1,1,0
44,1,2,0
19,0,8,1
49,2,0,0
40,2,3,1
37,0,3,0
44,1,3,0
34,0,3,0
32,1,0,0
42,0,3,0
36,0,3,1
38,1,6,2
34,0,0,1
45,1,1,0
42,1,2,0
44,0,2,0
36,3,3,1
45,3,1,1
28,1,5,0
40,0,11,0
38,0,2,0
42,0,3,1
38,1,0,0
35,2,1,0
36,0,2,1
43,2,1,1
27,1,11,3
28,0,2,0
37,0,3,0
35,0,1,0
36,1,1,0
32,0,0,0
28,2,5,0
38,0,8,2
32,0,3,1
27,0,5,0
31,0,3,0
30,0,8,2
33,0,2,0
32,2,5,1
43,0,1,0
26,1,1,1
31,1,1,0
32,0,1,0
31,0,2,0
29,0,9,0
37,0,2,0
34,2,4,1
26,0,2,1
40,1,2,0
36,1,2,0
35,1,0,0
28,0,2,0
46,0,2,0
41,1,0,0
40,0,5,0
39,1,1,0
53,1,0,0
35,0,2,0
37,0,2,1
28,5,2,1
38,1,0,0
43,0,3,0
38,2,0,0
44,0,1,0
39,2,2,0
39,1,0,0
33,0,1,0
31,1,4,0
37,4,2,0
39,2,1,1
47,0,6,0
47,1,1,1
34,0,1,0
46,0,1,0
50,1,2,1
41,0,0,0
49,0,1,0
28,0,1,0
50,0,2,0
38,1,1,0
29,1,2,0
35,2,4,0
30,3,2,0
40,0,1,0
36,0,0,0
41,3,1,0
33,3,5,2
22,0,4,0
38,1,2,0
39,1,0,1
36,1,4,0
32,0,1,0
23,0,3,0
51,2,0,0
38,0,1,0
49,1,2,0
36,1,0,0
33,1,3,0
31,0,2,0
38,1,0,0
28,0,3,0
28,0,6,0
34,0,1,0
44,0,2,0
42,0,1,0
47,1,1,0
33,4,3,1
39,1,1,0
28,6,4,1
36,1,3,0
36,3,4,1
38,1,2,0
42,0,1,0
44,0,1,0
29,1,3,1
30,2,0,0
32,1,1,0
46,0,2,0
46,2,0,0
32,1,4,0
38,4,1,0
37,1,0,0
37,0,1,1
32,0,2,0
25,1,3,2
47,0,1,0
35,1,0,0
34,3,1,0
33,1,0,1
39,2,0,0
27,2,1,0
35,0,8,0
35,0,4,1
31,0,3,0
29,1,4,3
37,0,1,0
44,0,2,0
30,2,5,2
39,0,2,0
34,1,4,2
44,0,1,0
36,0,1,0
35,0,5,0
55,2,2,0
27,3,6,0
40,2,3,1
33,1,2,1
40,0,2,0
35,1,3,0
35,0,5,1
40,3,1,0
37,0,1,0
28,3,4,0
40,0,0,0
35,2,2,0
32,2,2,1
34,0,3,0
34,0,1,0
28,0,5,2
46,1,1,0
35,0,5,0
37,2,0,0
43,0,1,0
33,2,0,0
38,3,1,0
47,1,1,0
38,2,0,0
35,0,2,0
40,4,0,0
41,0,2,0
36,0,1,0
27,1,2,2
22,2,1,0
32,0,2,0
32,1,0,0
28,2,6,0
42,0,2,0
42,0,0,2
36,0,1,0
45,2,1,0
26,1,2,0
36,0,2,0
39,0,0,0
26,3,0,0
36,0,2,0
36,1,1,0
53,0,2,0
33,1,2,0
30,1,0,0
24,0,1,0
31,0,4,4
33,0,2,1
40,1,5,2
33,0,1,0
30,1,2,0
35,0,1,0
37,1,2,0
25,0,0,1
34,1,0,0
41,1,1,0
34,0,0,0
38,0,1,0
43,1,1,0
40,1,2,1
40,0,1,2
29,1,5,0
37,1,2,0
27,0,4,0
37,1,2,0
40,2,5,1
40,1,1,2
29,1,0,1
26,0,0,0
34,1,0,1
38,0,3,0
39,1,3,0
33,0,0,0
41,0,1,0
49,0,3,0
44,1,1,0
45,0,1,0
48,1,2,1
37,1,1,0
30,0,3,1
37,1,5,1
35,2,1,0
25,0,1,0
39,2,0,0
27,1,6,0
35,0,0,0
33,0,0,0
39,1,3,0
32,0,6,0
42,0,1,0
45,0,0,1
29,0,0,0
41,1,3,0
49,3,2,0
41,0,3,1
39,0,1,2
36,2,1,1
29,1,1,0
29,2,1,0
34,1,1,0
37,1,2,0
43,1,2,1
38,1,3,0
43,0,3,0
43,3,2,0
41,1,4,0
35,0,0,0
35,0,1,0
43,0,3,0
40,2,0,0
31,0,1,0
35,2,1,1
30,2,0,0
29,0,7,1
37,0,2,0
32,0,2,0
34,0,4,0
38,2,1,0
31,0,6,2
33,0,1,0
38,1,0,0
38,0,2,0
29,0,2,0
41,4,1,0
31,0,4,0
40,0,1,0
29,1,2,0
34,1,7,2
46,0,9,0
35,2,0,0
30,1,1,0
39,3,0,0
39,1,3,1
41,1,0,0
38,1,0,0
41,1,0,0
48,0,2,0
29,0,2,1
31,0,9,0
39,1,0,0
32,2,2,0
42,0,3,0
35,1,0,0
43,1,4,1
47,0,3,1
36,0,1,0
45,0,1,0
43,1,0,0
45,0,2,0
39,0,1,0
51,0,0,0
36,0,1,0
40,1,5,0
34,2,0,0
36,1,3,0
30,0,0,1
35,2,5,5
50,0,2,0
47,0,1,0
33,0,1,1
32,1,2,0
44,1,1,0
37,1,1,0
31,2,1,0
43,1,2,0
41,1,0,0
30,1,3,1
46,0,0,0
43,0,2,0
47,0,2,0
39,2,2,1
34,0,0,0
33,3,6,0
36,1,3,0
38,1,1,0
35,0,1,1
41,1,1,0
38,0,2,0
41,0,0,0
33,0,1,0
39,1,0,1
33,1,1,1
28,0,5,1
34,1,1,0
25,1,11,0
32,1,5,1
37,2,1,0
35,2,3,0
46,0,1,0
51,1,1,0
40,2,1,0
34,0,1,0
45,2,4,0
44,0,1,0
27,1,0,0
43,2,3,1
35,2,9,2
30,2,1,1
32,0,0,0
41,2,2,0
52,0,1,0
32,0,0,0
46,0,2,0
31,0,7,2
34,1,1,0
39,0,1,0
35,2,0,0
37,1,1,0
55,0,1,0
42,1,2,0
38,0,0,0
41,0,1,0
37,1,2,0
39,2,5,0
39,2,3,0
44,0,1,0
39,0,0,0
44,0,1,1
37,0,0,1
29,1,12,1
39,2,2,0
35,2,7,1
30,2,0,0
36,0,3,1
35,0,3,0
43,1,1,0
40,1,1,1
42,1,1,0
33,2,2,1
33,2,3,0
40,1,0,0
34,0,1,0
36,0,1,0
37,4,1,0
32,3,4,2
25,1,8,0
32,0,1,0
32,1,1,0
27,0,0,0
30,0,2,0
37,0,1,0
35,1,1,0
33,0,2,1
38,5,0,0
30,0,0,0
43,1,2,0
36,2,4,0
28,0,3,0
41,2,1,0
41,2,2,0
35,2,0,0
44,0,1,0
27,0,2,1
39,2,1,0
42,1,2,1
35,0,1,0
31,0,0,0
45,0,8,1
26,2,3,1
30,2,2,0
46,1,2,0
37,1,1,0
34,0,0,0
31,3,2,2
49,0,4,0
31,0,4,2
35,0,2,0
42,1,2,1
46,1,6,0
28,1,5,2
37,1,1,0
39,0,1,1
33,1,3,0
46,1,0,0
33,2,1,0
29,1,3,2
46,3,1,0
33,0,1,0
33,2,3,0
42,3,1,0
45,1,0,0
25,0,2,1
34,2,4,0
31,0,1,0
48,1,3,0
26,2,6,3
38,0,3,0
43,3,1,0
32,1,0,1
38,1,7,2
23,2,4,0
37,1,1,0
37,3,2,0
39,0,3,1
39,2,4,1
47,0,0,0
49,0,1,0
28,0,2,1
28,1,0,0
31,5,1,0
37,1,1,1
46,1,1,0
30,1,1,0
32,1,0,0
36,1,1,0
38,0,3,0
37,0,7,0
42,0,0,0
43,0,0,0
35,3,1,0
25,0,0,1
55,3,2,0
31,0,1,0
40,0,0,1
39,1,1,2
31,0,2,0
36,2,2,1
40,0,1,2
27,2,3,1
33,1,2,0
30,0,0,0
42,0,0,0
35,0,0,0
32,0,0,0
20,0,1,0
44,1,2,1
47,0,1,0
39,0,1,0
31,0,6,3
30,1,2,0
35,1,2,0
38,0,1,0
31,0,0,0
32,0,10,2
31,1,1,0
45,2,1,1
30,1,4,0
33,1,1,0
39,0,0,2
41,1,3,0
38,0,2,0
36,1,4,0
26,1,5,0
39,0,1,0
37,0,2,0
33,0,2,0
33,0,2,0
40,0,3,0
32,3,1,0
42,2,1,0
40,1,0,0
42,1,2,0
43,0,1,0
40,1,4,0
30,2,6,0
39,4,1,1
46,3,5,1
32,1,1,0
26,0,3,0
43,2,2,1
39,1,3,1
36,2,2,0
34,1,1,0
43,4,1,0
29,2,3,0
37,1,0,0
44,2,0,0
48,2,4,0
40,2,1,0
38,0,0,0
34,1,0,0
47,0,2,1
44,1,1,0
56,0,2,0
43,3,3,0
36,1,4,1
38,0,2,0
31,1,4,0
43,1,12,1
41,0,4,1
34,1,9,0
40,1,3,0
29,0,4,1
41,1,2,0
36,2,2,0
33,0,2,1
37,1,1,0
37,1,3,1
24,2,6,1
38,0,0,0
32,0,1,0
40,1,1,0
33,1,1,0
38,2,0,0
31,0,0,0
41,0,3,0
31,1,2,0
41,1,2,0
49,0,1,1
34,1,1,0
34,1,2,0
42,0,1,0
44,1,0,0
36,2,3,0
30,0,0,0
40,0,3,0
37,0,2,0
36,3,1,0
37,0,2,0
38,2,7,1
39,0,3,0
39,0,1,0
36,0,1,0
29,1,2,1
36,2,7,1
41,1,0,0
44,2,1,0
53,1,1,0
33,0,1,1
41,1,4,0
36,0,0,0
31,0,2,0
56,2,0,0
36,1,3,0
41,0,0,0
34,1,8,1
39,0,1,0
35,0,5,0
37,1,1,0
32,0,1,0
37,1,6,2
39,1,3,0
27,0,0,0
39,1,3,1
32,0,1,0
38,0,1,1
33,1,1,0
35,0,0,0
39,1,8,0
27,1,6,0
36,2,3,0
21,0,13,1
35,3,2,3
44,1,1,0
38,0,2,0
32,1,2,1
27,0,2,0
30,2,1,1
33,0,1,2
41,2,1,0
32,2,0,0
35,4,5,0
41,0,1,1
36,1,1,0
35,2,3,0
46,0,1,0
42,0,1,0
31,0,0,0
36,0,4,0
35,0,2,0
44,1,2,1
41,2,1,0
26,2,3,2
29,0,6,0
30,0,5,1
41,2,0,0
32,2,4,0
35,0,0,0
27,1,0,0
40,4,2,1
34,1,1,0
35,1,2,1
43,1,4,0
32,0,5,1
46,0,0,0
31,3,3,0
37,0,6,0
37,0,2,0
29,1,1,0
33,0,0,0
32,2,0,1
39,1,1,1
35,0,0,0
37,1,0,0
39,1,0,1
48,0,4,0
34,0,3,0
36,0,3,0
36,0,1,0
39,3,1,0
46,1,4,1
37,0,2,0
37,3,0,0
23,3,3,1
37,2,0,0
36,1,2,1
41,0,2,0
41,0,1,0
36,0,0,0
38,0,2,0
27,2,3,0
33,2,4,2
38,1,1,0
35,2,0,0
37,0,1,0
39,0,0,0
38,1,2,1
41,0,2,0
36,1,0,0
47,0,1,0
35,2,2,1
42,1,2,0
27,1,0,1
34,1,2,0
34,0,1,0
28,0,1,0
44,0,0,0
42,0,2,0
42,1,4,1
25,0,1,2
36,2,7,0
24,3,3,1
39,2,1,0
31,0,2,0
37,1,1,0
37,0,1,0
31,3,0,0
29,0,3,0
40,0,1,1
38,1,4,3
34,2,5,0
33,1,3,0
43,2,1,0
34,0,2,0
34,1,1,1
35,2,3,0
32,0,2,0
43,2,1,0
37,0,2,0
38,1,3,0
47,0,2,0
42,1,7,0
32,0,4,0
41,0,1,1
31,0,0,0
38,0,2,0
37,2,1,0
43,0,3,0
35,0,0,0
36,0,1,0
34,0,3,0
38,1,1,0
36,1,2,1
43,3,1,0
44,0,3,1
30,2,4,1
34,2,4,1
34,0,2,0
39,0,1,1
28,2,6,2
45,0,0,0
41,2,2,1
28,1,1,0
38,2,1,0
43,0,1,0
32,1,0,1
51,2,2,0
45,1,1,0
37,1,1,1
41,1,1,0
43,2,0,0
34,2,0,1
42,1,1,0
40,1,2,0
41,1,3,2
37,5,5,0
37,1,3,0
47,0,1,0
39,1,1,0
36,0,1,0
49,1,1,0
34,1,2,1
35,4,10,0
33,1,8,0
29,0,2,0
35,1,6,0
35,0,2,0
47,1,4,0
33,1,2,0
33,0,2,0
22,0,5,0
41,1,4,1
40,1,1,0
41,1,2,0
29,1,2,0
44,1,2,0
35,0,2,0
38,1,0,0
38,2,0,0
36,0,1,0
46,0,1,1
37,3,1,1
37,0,1,0
28,1,0,0
30,1,2,0
33,2,2,0
41,1,1,0
37,2,4,1
44,0,0,0
30,0,1,1
28,0,1,0
36,3,2,0
41,0,0,0
34,1,0,0
45,0,5,0
33,0,1,0
44,1,2,0
28,1,2,2
28,1,3,0
35,0,6,0
40,1,1,1
43,1,0,0
36,1,7,1
41,3,2,0
42,2,2,0
33,1,0,0
42,0,1,0
31,0,2,0
30,2,3,1
37,0,1,0
30,1,0,0
25,3,1,1
33,2,4,3
39,0,1,0
35,1,2,0
35,2,2,0
36,0,3,0
42,0,0,0
21,1,1,0
26,1,0,0
33,0,3,0
34,3,3,1
31,0,8,3
41,0,1,2
33,5,3,0
39,0,1,0
41,2,1,0
28,0,4,0
36,1,2,0
36,0,5,1
38,3,0,0
31,1,2,0
39,1,2,0
34,2,1,0
28,4,3,0
28,2,3,0
35,1,1,0
39,3,0,0
40,1,1,0
25,1,4,1
33,0,5,0
34,1,6,0
26,2,5,1
39,0,1,0
42,0,1,0
46,0,2,1
38,1,5,1
33,0,0,0
27,0,5,0
26,1,0,0
35,0,5,0
37,0,0,1
36,0,4,0
37,0,0,0
35,0,0,0
34,0,5,0
34,1,2,0
42,1,0,0
38,1,1,1
32,2,3,0
36,1,0,0
40,0,1,1
37,0,1,0
46,2,1,0
36,0,0,0
49,0,2,0
39,1,1,0
47,0,0,0
38,0,1,0
39,1,1,1
32,3,0,0
42,0,3,1
44,0,3,0
41,2,0,0
30,2,7,4
41,4,1,0
45,0,0,0
42,1,0,0
33,2,3,0
41,1,1,0
27,0,1,0
41,1,1,0
48,1,0,1
33,1,3,0
36,1,2,0
33,0,2,0
40,0,2,0
42,0,4,0
45,1,0,0
46,0,1,0
32,1,0,0
30,2,3,0
30,1,1,2
40,0,0,0
40,0,8,3
38,2,11,0
49,1,1,1
34,0,0,1
30,2,6,1
28,2,6,1
28,1,0,0
21,2,2,0
42,2,0,0
33,0,2,0
35,2,1,0
20,0,1,2
38,1,0,0
30,1,4,2
32,0,7,1
45,1,4,1
44,1,5,0
37,1,1,0
41,0,0,1
45,0,0,0
44,0,2,0
34,1,5,0
35,1,2,0
38,0,4,0
33,3,1,1
39,0,1,0
28,1,3,0
35,1,0,0
31,1,0,0
39,0,1,0
41,2,1,0
41,1,0,0
40,0,0,2
31,0,3,0
33,1,2,0
40,0,0,0
27,1,0,1
46,1,5,0
37,0,1,0
46,1,8,0
32,0,1,0
40,4,1,0
36,0,2,0
35,0,3,0
37,0,2,0
36,0,5,1
35,0,0,1
41,0,1,0
40,2,0,0
35,2,1,0
38,1,1,0
44,0,1,0
33,0,0,1
34,2,2,0
36,2,6,1
39,1,0,0
38,3,0,0
32,0,0,0
37,0,2,0
36,1,4,1
35,0,0,0
34,0,3,0
40,0,2,2
39,1,1,0
49,0,1,0
30,0,4,0
32,4,6,1
50,0,0,0
50,1,2,0
42,0,4,0
28,3,3,0
33,2,1,0
60,2,0,1
39,3,2,0
33,1,8,1
30,3,2,0
39,0,2,0
41,0,3,0
42,0,0,1
41,2,2,2
31,2,2,0
25,0,2,0
42,3,2,0
43,2,2,1
34,0,6,0
29,1,2,0
47,0,4,1
26,0,7,1
47,0,2,0
36,0,1,0
40,4,2,0
27,0,0,0
36,2,6,1
34,0,1,0
50,1,0,0
45,0,1,0
37,1,0,0
36,1,7,1
37,2,4,0
30,1,1,1
31,0,2,1
34,0,6,1
44,1,3,0
36,2,6,2
43,4,1,0
19,0,0,0
37,0,0,0
42,1,0,1
36,0,4,0
36,0,2,0
31,1,5,0
39,3,3,0
46,0,0,2
35,0,3,0
45,1,3,0
27,0,2,0
45,1,2,0
46,1,4,1
31,2,0,0
38,1,0,0
30,2,2,1
37,0,2,0
39,0,1,0
38,1,1,0
38,0,3,1
31,0,0,0
33,1,0,0
36,0,2,1
33,2,2,0
36,1,0,0
40,2,4,0
39,0,0,0
37,1,2,1
43,0,1,0
33,1,0,0
38,0,0,0
39,0,1,0
45,0,5,0
40,0,1,0
39,2,1,0
26,1,5,0
51,1,3,0
37,1,4,1
26,0,1,0
32,0,2,1
28,1,5,1
33,3,3,1
35,1,6,0
34,0,1,1
38,0,1,0
38,0,8,0
38,1,2,0
34,0,3,1
43,1,4,0
29,3,3,0
30,1,5,0
39,2,0,0
38,0,1,0
34,1,1,0
32,0,7,0
45,0,0,0
29,1,1,0
35,1,1,1
45,1,0,0
39,0,2,0
36,0,1,0
38,1,0,0
35,0,0,0
38,1,1,0
34,4,3,1
46,0,1,0
40,2,1,0
34,1,1,0
41,0,2,0
27,0,0,0
39,1,2,0
29,0,2,0
34,3,2,0
34,1,2,1
37,2,3,1
49,0,3,0
34,1,2,1
40,0,4,0
33,1,6,2
34,0,1,0
41,0,0,0
26,3,0,1
43,1,0,0
41,0,2,1
37,3,3,0
39,1,0,1
33,3,2,0
29,0,0,0
40,0,0,1
34,0,2,0
26,1,2,0
39,1,1,0
44,2,1,0
32,2,1,1
39,1,1,0
44,0,4,1
26,4,6,1
42,0,0,0
46,0,0,1
37,0,3,0
34,2,1,0
31,3,0,1
34,1,1,0
34,0,4,0
38,1,0,0
36,0,2,0
36,0,7,1
26,1,4,1
45,1,0,2
30,0,1,0
44,1,0,0
43,1,0,0
36,2,2,0
29,3,3,2
39,0,2,0
31,1,2,0
42,0,2,1
35,1,4,0
39,2,2,1
41,1,2,0
33,1,2,2
30,0,0,0
39,0,1,0
38,1,0,0
38,0,2,0
25,1,1,1
38,2,1,0
31,0,0,0
39,0,1,0
43,1,1,1
24,1,4,0
46,2,2,0
39,1,1,0
36,0,2,0
32,2,6,1
35,2,9,0
31,2,9,0
39,1,1,0
42,0,0,0
37,1,0,0
47,2,2,1
27,0,0,0
44,1,2,0
45,1,3,0
41,1,2,0
40,1,0,0
41,2,1,2
35,0,1,0
19,1,4,1
48,2,3,0
40,0,0,0
34,2,0,1
36,0,3,1
45,0,1,0
38,0,0,0
38,0,2,0
33,0,5,1
46,0,1,0
31,0,2,2
36,1,1,0
39,1,1,1
42,1,1,0
36,1,1,0
22,0,2,0
36,1,3,1
35,2,2,0
44,0,0,0
37,2,2,0
28,0,0,0
45,0,0,0
52,2,2,0
36,1,5,1
44,0,2,0
32,0,3,0
37,1,1,0
32,0,0,1
36,0,4,0
59,0,1,0
22,1,3,0
34,0,0,0
30,1,4,0
43,2,0,1
40,0,1,0
44,1,0,0
35,3,4,1
49,2,1,0
23,0,7,0
43,0,2,0
35,5,5,1
34,0,0,0
35,2,6,0
33,2,7,3
41,1,2,0
29,0,4,0
30,0,0,0
43,0,2,1
22,0,3,0
45,3,2,1
40,1,8,0
38,1,2,0
37,0,2,0
41,2,2,0
29,0,1,0
40,0,2,0
31,0,2,0
27,2,6,0
43,1,1,1
39,4,1,0
34,0,1,0
35,1,2,2
38,1,0,1
36,3,0,0
50,4,2,0
34,0,0,0
37,0,0,0
42,0,1,0
25,1,0,0
28,1,3,0
42,1,1,1
29,2,1,0
42,0,0,0
33,4,4,0
39,0,0,0
32,1,12,0
38,1,3,0
29,0,2,0
39,1,3,0
43,1,0,0
38,0,0,0
42,1,1,1
34,1,2,0
32,4,4,2
48,0,0,0
40,4,7,0
29,0,4,1
42,1,5,0
50,0,0,0
35,1,1,1
50,3,1,0
43,1,1,0
50,0,2,0
42,1,2,0
33,0,0,0
31,0,0,1
37,3,1,0
29,1,4,0
33,0,1,0
33,2,9,0
42,2,2,0
34,1,2,1
32,1,1,2
38,2,1,0
32,1,2,0
42,1,0,0
32,1,0,1
52,0,1,0
28,1,3,3
35,2,7,1
41,3,2,0
34,1,2,0
37,1,3,0
45,0,0,0
42,3,0,0
32,2,5,1
26,2,2,1
44,1,0,0
41,0,1,0
37,0,5,0
32,2,2,1
45,2,1,0
30,1,3,0
34,1,2,0
37,0,3,3
28,2,0,1
35,1,5,0
41,2,0,0
29,2,1,0
37,1,0,1
44,0,4,0
32,1,2,1
44,0,3,0
26,2,1,0
38,0,3,0
30,2,0,0
35,0,0,1
34,0,0,1
37,0,1,0
36,1,1,0
31,4,3,1
30,1,4,1
27,2,6,3
37,2,3,0
24,0,1,0
46,1,1,0
44,0,2,0
29,0,1,0
28,0,2,0
35,1,1,0
39,0,0,0
37,0,1,0
33,1,0,0
41,0,0,1
43,1,1,0
34,1,2,0
31,2,1,1
32,0,0,0
40,1,1,0
42,0,4,0
33,0,2,2
42,1,1,0
36,1,2,0
33,2,1,0
35,2,0,0
39,1,0,0
33,1,0,0
26,0,2,1
42,7,0,0
35,1,1,1
40,0,2,0
34,2,1,0
44,0,3,0
45,0,1,1
41,2,2,0
30,0,1,0
32,0,0,0
30,2,4,0
41,1,4,2
52,0,0,0
32,2,3,2
43,0,1,0
39,0,2,1
34,2,6,1
48,1,2,0
34,1,2,1
35,2,0,1
46,1,2,0
28,0,0,1
42,0,2,0
28,1,2,0
35,0,2,0
32,0,3,0
40,0,5,0
51,1,0,0
40,1,0,1
35,1,9,0
40,1,2,0
38,0,1,1
49,0,0,0
25,1,3,0
41,1,0,0
36,2,1,0
30,0,1,0
28,1,1,0
30,2,2,3
34,2,4,0
38,1,2,1
38,0,11,2
36,0,2,0
34,0,4,0
35,0,0,1
40,3,1,0
41,1,1,0
46,1,0,0
30,0,1,0
30,0,2,0
37,4,2,0
37,1,1,0
31,3,1,0
30,0,0,1
38,0,2,0
38,0,0,0
41,1,0,1
24,1,5,0
39,0,2,0
38,1,0,0
40,2,0,0
31,1,2,0
28,1,0,0
40,0,1,1
29,0,0,0
39,1,2,0
35,0,0,0
40,2,7,2
35,1,5,0
37,3,1,1
37,3,4,0
45,0,1,1
34,0,3,0
37,0,3,0
35,0,0,0
43,0,2,0
32,2,5,0
27,1,1,0
36,2,1,2
41,0,1,0
34,1,2,0
38,0,0,0
36,3,2,1
46,2,4,0
34,1,1,2
30,3,5,0
34,1,1,0
26,0,2,3
40,1,1,0
28,1,1,0
40,1,2,1
46,0,1,0
42,1,1,1
31,0,0,0
35,2,0,0
43,1,0,0
24,1,1,0
36,0,0,0
31,1,2,0
33,1,0,0
39,1,0,0
33,0,3,1
33,0,0,0
47,1,3,1
28,2,0,0
28,1,3,0
32,1,0,0
41,0,0,2
34,2,1,1
48,2,0,0
37,0,1,0
43,1,1,1
32,0,2,0
34,2,3,2
31,2,6,0
38,0,1,0
29,0,13,0
43,1,3,0
29,1,1,1
39,2,4,0
52,1,3,0
37,0,0,0
34,0,0,0
32,0,0,0
28,3,1,4
34,2,3,0
43,1,0,0
35,1,3,0
46,0,2,0
41,0,0,0
31,2,8,0
29,1,3,0
36,3,1,0
39,0,2,0
41,1,0,0
40,0,0,0
42,1,0,0
44,2,0,0
33,0,1,0
55,0,1,1
35,1,0,1
46,0,2,0
45,1,1,0
40,4,1,0
40,0,4,0
28,1,1,0
40,0,0,0
36,0,3,1
29,1,1,2
37,1,5,1
31,3,3,0
25,2,3,2
43,0,7,3
40,1,1,0
37,0,0,0
25,0,1,0
25,0,5,0
27,1,1,2
35,1,0,0
30,0,8,0
42,2,2,0
43,1,1,0
44,0,1,1
30,0,2,1
53,0,1,0
32,1,3,1
38,2,1,0
35,0,0,0
34,0,6,0
33,0,3,0
27,2,2,0
42,1,2,0
31,1,0,2
43,1,0,0
37,2,2,0
47,2,1,2
37,2,0,0
46,1,4,0
28,0,5,1
30,0,0,0
35,0,1,0
35,0,12,0
37,0,4,0
34,0,2,0
28,1,3,0
25,1,4,0
41,0,2,0
48,0,1,0
32,3,2,0
41,2,5,0
42,2,5,0
45,1,0,1
39,1,0,0
36,1,5,2
37,0,2,0
34,0,0,0
44,1,6,0
26,2,1,1
42,0,1,0
36,0,2,0
41,1,0,0
25,0,8,2
33,0,1,0
40,0,0,0
25,0,2,2
32,1,1,0
35,1,4,0
33,0,3,0
34,1,6,0
36,0,0,0
32,0,3,0
46,1,0,0
34,2,1,0
38,2,6,0
32,2,2,0
28,1,3,0
44,0,1,0
29,0,3,0
38,0,1,0
47,0,0,2
39,1,2,0
38,0,2,0
36,1,1,0
41,0,2,0
35,1,1,0
43,0,0,0
23,0,9,1
38,3,2,0
47,1,2,1
40,1,2,0
27,0,5,0
43,0,1,1
43,1,0,0
35,0,1,0
33,2,6,1
44,2,3,1
39,0,1,0
37,0,2,0
37,0,0,0
38,0,0,0
30,1,1,0
34,0,1,0
53,1,3,0
33,0,2,0
42,0,1,0
30,0,1,0
55,2,1,0
30,1,4,1
30,1,5,0
33,0,5,1
39,1,2,0
34,0,5,0
34,1,2,0
34,0,3,0
33,0,0,0
34,2,2,0
42,1,2,0
39,1,4,0
26,0,5,1
35,0,2,1
35,2,1,1
40,0,1,0
48,0,2,0
36,0,1,0
34,0,4,0
47,0,1,0
39,0,0,0
46,1,3,0
37,3,1,0
37,2,0,0
50,2,2,0
44,0,2,0
32,1,4,0
38,2,1,0
39,2,2,0
29,2,1,0
38,1,2,0
37,0,1,0
44,2,4,1
51,2,4,0
40,1,2,0
35,0,1,0
36,2,0,0
30,0,0,2
26,3,6,0
39,0,2,0
33,0,0,0
42,1,0,0
35,0,1,0
38,1,0,0
39,1,2,1
29,0,0,0
34,2,1,3
37,0,0,0
31,2,1,0
38,1,3,0
48,0,2,1
26,0,10,1
41,0,2,0
28,0,2,0
40,5,4,2
41,1,0,0
34,1,3,0
39,0,1,0
45,2,1,0
36,0,0,0
46,0,1,0
37,1,1,0
26,2,4,1
37,3,1,0
33,0,3,0
45,1,3,0
41,0,1,0
38,0,0,0
26,2,5,1
39,1,3,0
36,0,2,1
49,1,1,0
35,1,5,1
40,2,1,0
25,2,4,0
33,0,4,1
38,1,0,0
35,2,0,1
40,0,2,0
30,2,3,1
27,1,1,0
42,2,0,0
44,0,1,0
39,0,0,0
43,0,3,0
41,2,1,0
43,6,1,0
34,2,0,0
36,1,2,1
40,0,1,1
37,3,8,2
28,1,1,1
38,0,1,0
42,1,0,0
39,1,1,0
31,2,7,2
37,0,0,0
44,2,1,0
44,1,0,0
32,2,4,0
35,2,1,0
37,0,0,0
24,0,11,0
51,0,2,0
45,0,4,0
45,1,3,0
36,1,1,0
42,1,2,0
36,1,0,0
45,3,1,2
40,1,0,0
36,2,0,0
48,0,1,0
42,1,1,1
36,2,0,0
40,2,4,1
30,1,0,0
36,0,0,0
41,1,3,2
39,4,2,2
28,0,2,1
50,2,0,0
43,2,0,0
44,0,1,0
30,0,1,0
37,1,0,0
38,2,0,0
45,0,1,0
42,1,2,0
47,0,1,0
33,0,11,0
30,0,1,0
35,0,1,1
32,0,1,0
41,1,0,0
28,0,1,0
41,2,1,1
32,2,1,0
36,1,0,0
35,1,1,2
48,1,1,0
36,0,2,0
40,0,2,0
36,1,5,0
45,1,1,0
50,0,3,0
32,1,0,0
39,0,1,0
35,1,3,0
34,1,8,1
31,2,4,1
33,3,4,1
25,1,4,1
35,0,1,1
35,1,7,0
33,1,1,0
53,0,2,0
23,1,1,0
41,1,2,0
38,0,0,0
45,1,1,1
34,2,1,0
44,1,3,0
42,2,0,0
38,1,3,0
34,2,2,0
29,1,7,1
45,1,1,0
40,1,1,1
37,0,0,0
40,0,4,0
33,2,2,1
41,0,5,0
41,5,2,0
46,0,1,0
37,1,1,0
38,1,1,0
42,2,1,0
34,1,6,1
31,1,2,2
41,0,0,0
32,3,2,0
38,4,4,3
31,3,1,0
44,1,0,1
33,2,2,1
40,1,2,0
48,0,1,0
42,0,3,0
36,2,3,2
36,1,1,0
35,2,2,0
39,0,1,0
33,1,1,0
40,5,1,1
36,1,2,0
35,0,0,0
31,1,0,0
33,1,0,0
35,0,1,0
36,0,0,0
44,1,4,0
46,0,0,0
27,0,2,0
44,0,1,0
37,0,2,1
40,0,0,2
38,0,0,0
29,3,3,0
44,2,3,2
39,0,1,0
45,0,3,0
34,0,1,0
38,0,5,0
32,0,2,0
38,0,1,0
29,3,1,0
31,0,3,1
34,1,0,1
42,1,5,0
37,1,1,0
34,0,0,0
39,0,1,0
28,1,0,0
34,0,1,1
33,1,10,1
41,1,1,0
36,2,2,0
52,1,1,0
31,1,0,1
36,1,0,0
26,3,1,1
32,0,1,1
36,0,5,0
33,2,1,0
45,1,3,0
40,0,5,1
24,2,4,0
46,0,3,0
38,0,1,0
33,1,2,0
33,1,1,0
49,0,0,0
57,0,2,0
42,1,1,1
42,0,1,0
42,5,5,1
41,1,2,0
36,0,0,0
35,0,1,0
49,1,3,0
45,0,3,0
31,0,1,0
34,2,3,2
31,1,1,0
43,0,1,0
27,0,5,1
36,0,1,0
41,0,1,1
46,0,1,0
28,2,0,0
29,1,0,1
33,3,0,0
42,1,3,0
36,0,0,0
34,0,3,0
29,0,2,0
37,0,1,0
30,2,5,0
36,2,5,1
31,2,3,2
50,0,2,0
27,1,0,1
35,1,3,0
43,1,0,1
35,1,6,0
36,0,1,0
37,0,1,1
33,0,0,0
36,0,0,0
38,0,11,1
36,0,2,0
36,0,0,1
30,0,4,0
35,6,2,0
45,0,5,3
35,1,5,0
34,1,4,0
29,0,3,0
25,0,2,0
37,1,2,0
43,0,3,1
38,1,0,0
39,1,1,0
28,0,2,0
42,0,2,1
32,1,2,0
41,0,1,0
35,1,1,0
40,0,2,3
37,1,4,0
48,0,1,0
33,1,2,0
30,0,1,0
39,1,2,0
33,1,3,1
40,0,1,1
24,2,1,0
26,0,1,2
32,1,4,3
32,0,0,0
34,4,1,0
33,0,3,2
24,1,3,1
36,0,7,0
36,3,4,2
35,2,1,0
46,0,5,1
42,3,2,1
25,1,1,0
35,0,0,1
30,1,5,0
26,3,6,1
35,0,1,0
36,1,0,0
36,1,3,0
42,0,0,1
27,0,1,0
36,2,0,1
31,0,3,0
39,1,2,0
37,1,5,1
31,1,2,1
46,0,1,1
39,1,3,0
25,1,1,1
27,0,5,1
36,0,1,0
41,1,0,1
39,0,1,0
49,0,5,0
34,1,3,0
47,1,2,1
35,0,5,1
32,0,5,1
33,1,1,0
42,0,1,0
28,0,4,0
36,0,0,0
35,1,0,1
38,1,0,0
47,1,2,0
32,1,0,0
36,2,1,0
39,0,1,0
38,0,1,1
36,0,2,0
43,0,0,0
36,0,1,0
38,1,3,0
37,0,1,0
40,1,3,0
37,0,2,0
34,2,0,1
35,0,0,1
39,0,1,0
36,0,0,0
35,1,2,0
38,1,5,0
35,0,1,0
42,0,4,0
34,2,1,0
39,1,1,0
37,0,0,0
38,0,1,0
25,1,1,0
40,1,2,0
36,0,0,0
35,0,6,0
28,4,1,0
37,1,1,0
29,2,3,0
41,0,3,1
31,1,6,2
39,1,3,2
37,2,4,2
37,0,4,0
32,2,1,1
39,1,1,0
39,1,0,2
34,0,1,0
34,1,2,0
24,0,4,1
32,0,0,1
50,1,2,0
42,2,1,0
40,3,0,1
36,0,5,1
35,0,1,0
34,2,2,0
29,2,0,0
43,0,1,0
47,0,3,0
29,1,2,0
35,1,1,0
44,1,0,0
41,0,1,0
43,1,0,1
43,1,0,1
47,0,4,0
40,0,0,1
39,1,1,0
28,1,5,1
35,0,2,0
47,0,2,0
44,1,3,0
34,0,4,1
41,1,2,1
29,0,2,1
37,0,1,0
37,1,2,0
39,1,2,0
42,1,6,1
38,1,3,0
50,0,1,0
35,0,0,0
37,0,3,0
37,2,0,1
34,2,4,0
34,1,7,2
30,0,10,2
41,0,2,1
50,0,3,0
35,0,2,0
39,0,0,0
31,0,1,0
36,0,6,1
34,1,5,0
35,0,1,0
45,1,0,0
34,0,0,0
52,0,1,0
35,1,1,0
43,0,1,1
35,0,1,0
33,1,4,1
37,0,5,0
32,2,1,0
31,4,3,0
35,3,2,0
33,2,0,0
36,2,0,0
36,0,4,0
44,0,1,0
43,0,4,0
24,1,1,2
39,1,0,0
43,0,1,0
39,0,0,0
36,1,0,1
28,3,3,0
24,0,2,0
42,0,1,0
23,1,2,1
50,0,1,0
34,1,0,0
36,0,1,0
31,0,1,1
32,2,4,0
35,1,2,0
30,0,1,0
36,2,1,0
33,0,0,0
48,4,2,0
41,0,2,0
27,2,4,0
37,0,0,0
35,0,2,0
31,0,1,0
22,1,2,0
40,0,7,0
48,2,0,0
54,1,4,0
40,2,2,0
38,1,1,0
41,0,1,1
31,1,3,0
33,2,0,0
37,0,2,0
40,0,1,0
42,0,2,0
24,1,2,3
37,1,2,0
50,1,1,1
34,1,0,0
38,0,2,2
37,1,0,0
34,0,3,0
27,0,1,1
34,1,0,1
35,4,1,0
34,2,0,1
34,1,2,0
47,1,1,0
41,0,0,1
27,0,3,0
43,1,4,0
37,2,2,0
36,0,1,0
39,1,2,2
32,0,1,0
32,2,3,3
33,1,4,1
37,1,1,0
42,0,2,0
44,1,1,0
38,2,0,0
33,0,2,0
37,3,0,0
45,0,2,0
33,1,2,0
29,5,1,2
31,0,4,0
31,1,0,0
25,1,1,0
43,0,1,0
39,1,2,0
28,1,3,0
29,1,2,0
31,2,0,0
45,0,3,0
41,1,0,0
42,2,2,0
34,0,1,0
27,0,2,0
33,0,0,0
38,2,0,0
46,1,4,0
29,0,5,1
39,3,0,0
43,0,0,0
23,0,5,0
30,3,2,0
37,0,1,0
33,0,2,0
36,3,0,0
41,1,0,0
42,1,1,0
33,1,0,0
38,0,3,0
39,0,0,0
39,0,2,0
34,1,0,0
44,0,1,1
34,1,4,0
28,3,5,1
35,1,0,0
40,2,1,0
39,0,0,0
36,1,2,3
37,1,3,1
49,1,1,0
36,1,4,0
40,1,1,1
29,3,1,0
34,0,3,0
35,0,3,0
41,2,3,0
38,2,2,0
35,1,2,0
44,3,3,1
32,1,5,0
40,0,0,0
23,1,2,1
38,2,0,2
36,0,2,1
34,0,3,0
37,2,1,0
31,0,1,0
46,2,0,0
42,1,1,0
38,1,4,0
24,0,2,0
40,0,1,0
40,1,1,1
23,0,1,0
39,1,3,0
44,2,0,0
43,4,1,0
31,1,1,0
34,1,2,2
39,0,0,0
37,2,1,0
26,1,1,0
32,3,0,2
27,1,1,0
49,1,0,1
39,1,0,0
43,0,1,0
35,1,2,0
40,0,0,0
19,2,8,1
34,1,1,0
38,1,2,0
37,0,4,0
27,3,5,2
38,0,0,0
46,0,1,0
31,1,6,1
32,0,2,0
38,2,4,3
45,1,1,0
32,0,1,1
35,2,2,0
34,0,0,0
46,1,0,1
36,4,3,0
42,1,1,0
28,0,7,3
40,1,4,0
40,1,1,0
37,0,2,0
42,1,0,0
40,2,7,0
42,0,0,0
34,0,1,0
35,2,2,0
34,1,1,0
45,1,1,0
34,1,2,0
43,0,0,0
41,0,0,0
32,1,0,0
42,1,0,0
41,2,0,0
41,0,0,1
32,0,3,0
43,0,0,0
35,1,4,0
33,1,7,0
32,3,4,0
36,1,2,1
29,0,0,1
38,0,1,0
41,1,3,0
34,3,2,0
43,0,2,0
34,2,9,0
33,3,2,0
50,1,0,0
34,1,1,2
43,2,2,2
47,2,0,0
41,0,2,0
39,1,1,0
44,0,1,1
46,1,1,1
48,1,1,1
37,1,0,0
39,1,0,0
32,1,0,0
29,1,1,0
45,0,2,0
35,0,0,0
39,0,0,0
31,0,2,0
33,1,3,1
46,1,1,0
42,0,2,0
30,2,6,0
33,0,0,1
39,1,1,1
31,0,1,0
39,2,4,1
42,0,0,0
39,0,0,0
36,0,1,1
17,1,4,0
36,2,2,0
34,1,4,1
45,1,5,0
32,0,1,1
36,2,0,0
38,1,2,0
45,2,0,0
30,1,0,0
40,0,6,0
37,2,4,3
34,0,1,0
44,1,4,0
33,4,4,2
50,0,0,0
36,0,4,1
36,1,1,0
40,1,0,0
32,0,0,1
42,0,2,0
30,0,8,2
36,0,3,0
41,0,1,0
50,3,1,0
42,0,2,0
43,0,6,0
40,1,2,0
41,0,1,0
35,1,2,2
43,2,1,1
36,1,2,0
34,2,3,2
31,1,0,0
37,1,1,0
30,0,2,0
37,0,2,0
33,0,0,0
41,1,1,0
42,1,1,1
34,1,1,0
28,2,5,0
31,0,2,0
32,1,1,0
35,0,1,0
34,0,1,0
41,0,3,1
32,1,4,0
33,3,3,0
32,1,1,0
27,1,6,2
25,0,0,0
38,0,0,0
33,0,2,0
45,1,5,2
39,0,2,1
34,1,1,0
42,1,3,0
44,0,1,0
36,0,2,0
42,0,1,0
37,0,3,0
38,0,1,0
42,1,1,0
43,1,0,0
38,0,0,0
32,1,0,0
38,1,1,0
37,1,3,1
34,0,6,1
44,1,2,0
48,1,0,0
35,0,0,1
40,0,0,0
40,0,4,0
31,0,2,0
36,0,2,0
36,1,0,0
49,3,1,0
30,0,2,0
43,2,2,0
28,2,5,1
40,1,1,0
36,0,1,0
30,2,1,3
42,0,3,0
35,0,1,0
33,2,6,1
30,2,11,0
41,0,3,0
47,2,1,0
34,1,0,0
40,0,1,1
44,1,0,0
39,1,1,0
40,1,0,0
34,5,0,0
37,0,3,0
44,0,0,0
42,0,1,0
40,1,3,1
28,4,2,0
38,2,6,0
22,0,2,0
44,0,0,0
36,1,0,0
36,0,6,1
40,1,1,0
39,1,3,0
45,0,1,0
50,0,0,0
28,2,4,2
52,0,1,2
38,2,1,1
39,1,0,0
28,0,0,0
46,1,6,0
37,0,1,0
30,4,5,1
39,1,0,0
42,1,3,0
27,0,1,0
50,0,0,0
36,0,1,0
24,1,0,0
31,1,5,1
35,1,3,0
35,0,0,0
43,0,0,0
31,1,0,2
36,1,1,0
38,0,7,2
28,1,1,0
32,0,2,4
43,0,0,0
47,0,1,0
34,0,2,0
28,0,3,1
35,1,0,1
37,0,2,1
34,3,0,0
38,1,0,0
46,0,0,1
27,2,5,0
41,1,4,0
39,4,3,0
27,0,3,0
40,0,0,0
25,0,0,0
23,2,2,0
29,0,4,0
40,1,2,0
34,1,0,1
43,0,2,0
42,0,2,0
33,0,1,0
35,0,2,0
42,1,2,0
33,1,1,1
35,1,1,0
37,2,0,1
38,1,0,1
35,1,1,0
35,2,1,0
38,1,8,1
29,0,1,0
34,2,0,1
35,2,0,0
36,1,3,0
45,2,3,0
37,0,1,0
35,1,1,0
34,0,4,1
31,1,1,0
52,1,0,1
38,1,3,0
46,2,5,0
42,0,3,0
37,1,1,0
37,0,0,0
32,3,7,2
46,0,1,0
27,0,5,0
53,0,1,0
39,1,2,0
40,0,1,0
38,2,0,0
30,1,0,1
36,0,1,0
34,1,1,0
42,0,1,0
51,0,0,0
30,1,3,1
33,2,2,0
49,0,1,0
46,1,3,1
44,0,2,0
30,1,1,0
27,1,2,2
32,2,4,2
36,1,1,1
27,1,5,0
46,0,2,0
29,0,1,1
31,0,1,0
37,2,1,1
40,1,2,2
41,0,2,1
42,0,2,0
30,3,1,0
36,0,0,0
38,0,1,0
41,1,0,2
30,1,4,1
44,0,2,0
35,1,1,0
35,1,2,0
26,3,1,1
44,3,0,1
36,2,1,0
32,0,3,0
31,2,3,1
34,0,2,1
37,1,1,0
35,3,1,0
38,0,0,1
29,0,0,0
34,1,0,0
38,1,0,0
33,0,0,0
41,2,0,0
44,1,0,0
49,0,2,0
32,0,0,0
45,0,3,0
36,1,2,0
33,0,0,0
28,3,1,1
32,0,4,0
30,1,2,0
37,3,3,0
38,0,0,0
36,0,0,0
34,1,4,0
40,0,2,0
50,1,2,0
33,1,1,0
33,1,4,0
42,1,0,0
35,2,2,0
42,1,2,1
55,1,3,1
40,0,1,0
34,0,0,0
20,0,8,0
33,0,1,0
42,1,1,0
32,2,2,0
32,1,3,1
35,3,3,0
39,0,3,0
31,1,0,0
47,2,1,1
38,2,0,0
37,4,6,3
37,3,4,0
29,0,1,0
29,0,6,0
30,0,4,0
33,0,0,1
38,1,0,0
32,2,4,0
51,0,0,0
26,0,1,0
37,0,5,1
35,2,1,0
41,0,0,0
41,2,2,2
29,1,3,0
38,2,2,0
33,0,0,0
33,1,6,0
45,0,1,1
27,0,4,1
46,2,2,0
41,0,1,0
35,0,0,0
37,0,0,0
33,2,1,0
36,1,2,0
25,2,7,0
28,4,3,0
34,3,1,0
41,0,2,0
29,0,2,0
45,0,0,0
30,1,0,0
34,1,2,1
51,2,1,0
46,0,0,0
38,0,4,1
27,0,8,0
30,0,1,0
44,0,0,0
28,1,7,0
34,0,1,0
40,1,1,0
22,6,0,1
37,0,2,0
42,0,2,0
24,1,4,0
44,2,2,0
36,3,3,1
46,0,3,0
37,1,2,0
43,2,1,0
36,1,3,0
42,0,4,0
50,0,2,0
37,0,0,0
32,1,6,0
44,3,5,0
34,0,9,0
42,1,1,1
38,0,0,0
36,1,2,1
34,1,1,1
33,0,0,1
34,2,1,0
45,0,2,0
42,0,3,0
27,0,7,0
40,0,2,1
33,0,3,1
30,0,3,2
26,2,11,3
47,1,2,0
27,1,9,1
46,2,0,0
42,0,2,0
25,0,1,0
51,1,1,0
32,2,1,0
41,0,3,0
36,0,2,0
48,0,0,1
45,1,1,0
38,0,0,0
32,3,4,1
40,0,0,0
39,0,0,1
45,0,0,1
30,2,2,0
23,0,7,2
39,0,1,0
40,0,1,0
44,0,2,0
39,0,2,0
44,0,1,0
29,0,1,0
43,1,1,0
41,1,3,0
43,2,1,0
45,0,0,0
40,1,1,0
47,0,2,2
33,1,3,0
46,0,4,0
32,0,1,0
38,4,1,0
16,1,3,1
43,0,2,1
40,3,3,1
39,1,0,0
38,1,5,0
37,2,2,0
35,1,1,0
24,2,5,1
36,0,5,0
40,2,1,0
25,1,2,2
27,0,0,0
43,1,0,0
47,0,0,0
16,1,5,2
46,0,0,0
31,1,1,0
42,1,0,0
35,0,1,0
25,0,0,1
26,0,7,1
51,1,2,0
37,0,1,1
37,0,5,0
44,0,4,0
33,2,2,0
47,0,0,0
39,0,3,0
39,2,1,2
37,1,1,0
43,0,1,0
40,1,1,0
49,2,1,0
37,3,4,0
40,0,2,0
46,1,0,1
23,2,5,1
43,0,1,1
41,0,3,1
42,0,0,1
39,2,2,3
40,0,2,1
43,1,0,0
37,0,0,0
42,0,1,0
43,1,0,0
41,0,1,0
49,0,3,0
32,1,2,0
38,1,1,0
34,1,6,1
39,1,2,0
27,0,1,0
17,0,1,0
36,0,2,0
42,2,1,1
40,1,3,0
37,4,0,0
28,0,2,0
30,3,6,2
27,0,1,0
37,2,1,0
36,2,0,0
32,0,2,0
47,1,0,0
35,1,5,2
38,0,0,0
40,0,3,1
48,1,1,0
33,0,2,0
26,0,10,1
33,0,2,0
47,0,0,0
27,0,6,0
40,0,4,0
38,1,2,1
35,1,0,0
25,1,1,0
39,0,0,0
45,2,2,0
44,1,2,1
31,1,3,0
34,1,1,0
44,0,0,0
32,0,2,0
36,1,1,0
47,0,2,1
35,0,2,0
44,0,1,1
40,0,4,0
46,0,2,0
35,2,1,0
40,0,2,0
36,1,1,0
41,2,1,0
41,1,0,0
35,0,1,0
29,2,1,0
44,2,1,0
42,0,0,0
47,1,1,0
30,0,1,0
36,1,2,0
36,0,1,0
41,0,0,0
38,1,0,0
31,1,1,0
35,0,1,1
38,3,2,1
35,2,1,0
34,0,1,0
25,0,3,1
41,3,1,0
34,0,1,0
24,0,1,0
30,0,2,0
36,1,2,0
42,1,4,0
31,0,1,0
32,0,4,0
35,0,1,0
32,1,0,0
34,1,3,0
47,0,0,1
33,1,1,0
44,1,1,1
44,1,2,0
38,0,1,1
31,0,8,0
34,3,7,0
42,1,1,2
44,0,0,0
43,0,1,0
43,1,3,0
30,1,5,2
30,2,1,0
45,0,0,0
49,1,2,1
35,0,0,0
41,1,0,0
32,1,2,0
30,1,0,0
39,0,2,0
27,1,1,2
29,1,2,0
30,2,6,0
15,0,2,1
34,0,0,0
30,2,0,0
39,0,2,0
39,1,0,0
33,1,1,0
28,0,1,1
48,1,0,0
44,1,1,0
41,0,1,1
38,1,11,0
31,1,0,0
33,0,0,0
45,0,2,1
32,1,1,0
39,1,2,0
30,3,1,0
50,2,1,0
33,2,6,0
31,1,1,1
26,1,1,1
40,0,0,1
36,3,1,2
40,0,2,0
42,1,1,0
56,0,1,0
39,5,3,0
43,0,3,0
42,1,2,0
33,2,1,1
35,0,1,0
51,1,4,0
37,1,3,0
32,1,0,0
42,0,1,0
46,0,4,0
28,1,1,0
35,0,2,0
37,1,0,0
32,2,3,0
41,1,3,0
36,0,1,1
33,0,1,0
52,0,1,0
51,2,1,0
40,1,4,0
46,1,1,0
40,0,3,0
25,0,6,0
43,0,1,0
35,0,3,0
35,1,5,0
46,0,1,0
29,0,3,0
30,0,3,2
30,3,1,0
28,0,3,0
34,2,4,0
41,0,1,0
25,2,5,1
31,0,2,1
42,0,2,1
43,1,0,0
27,0,1,0
34,1,2,0
37,4,0,0
25,2,4,1
41,0,0,0
37,0,7,1
36,1,5,1
36,1,1,0
25,0,0,0
35,2,3,1
35,0,4,0
43,0,1,0
40,0,2,1
35,0,1,0
30,1,2,0
35,4,1,0
24,0,0,0
34,0,3,1
49,0,4,1
32,2,2,0
36,2,5,2
39,0,0,1
49,0,1,1
49,2,2,0
28,1,1,1
28,2,5,0
42,2,2,0
47,1,0,0
36,0,3,0
35,1,5,1
45,1,4,0
47,0,0,1
51,1,1,0
34,2,1,1
34,1,1,0
49,0,2,0
36,0,1,0
38,0,1,0
45,2,1,0
39,0,3,0
38,1,4,0
35,0,1,0
34,1,1,0
43,0,0,0
32,5,1,0
34,0,1,1
37,0,1,0
31,2,2,1
37,0,1,1
34,2,6,2
41,1,0,0
31,0,1,0
25,1,1,0
38,1,1,0
34,4,3,3
30,0,0,0
43,2,0,0
33,0,10,1
37,2,5,1
42,2,4,0
40,4,0,0
43,0,2,0
41,1,4,2
32,0,2,0
40,1,0,0
51,1,3,0
36,0,2,0
36,0,2,0
35,1,4,0
40,0,1,0
34,4,2,1
42,1,0,0
37,0,3,1
38,2,0,0
30,0,0,0
35,1,0,0
41,0,2,0
30,0,4,0
24,3,9,2
22,1,3,0
47,0,0,1
31,1,4,1
39,0,3,0
29,1,0,0
34,0,1,0
58,0,4,0
48,1,2,0
37,1,4,1
43,1,0,0
44,1,2,0
35,1,1,0
38,1,0,0
39,1,0,0
45,0,2,0
46,0,0,0
31,1,2,0
40,0,2,1
46,0,1,0
38,1,2,0
42,0,1,0
45,1,1,1
39,0,0,0
29,1,3,0
32,2,2,3
38,1,2,1
37,1,5,0
43,5,4,0
39,1,1,0
23,1,10,1
45,0,1,0
26,3,7,3
31,0,2,0
38,0,0,0
34,1,0,0
27,1,1,0
37,0,2,1
55,1,3,1
31,0,1,1
54,1,2,0
37,0,3,0
41,0,2,0
38,1,1,0
42,0,2,0
46,3,5,1
39,1,1,0
35,2,3,1
41,0,0,0
40,0,1,0
39,1,3,0
41,0,0,1
32,0,1,0
25,1,0,0
44,1,3,0
49,0,0,0
37,1,0,0
28,1,2,1
35,0,0,0
29,0,3,0
31,3,2,0
35,0,0,0
33,2,1,0
41,0,0,2
44,1,1,0
36,1,2,0
41,1,4,0
32,1,0,0
41,0,1,0
32,3,1,0
52,0,1,0
36,1,1,0
35,0,0,1
46,0,1,0
36,0,1,0
39,1,3,0
37,0,2,0
45,1,0,0
34,0,1,0
38,1,1,0
37,0,6,2
32,0,2,0
54,2,2,0
33,0,1,0
37,1,1,0
31,1,2,1
39,0,1,0
29,0,3,0
40,1,3,0
40,1,0,0
45,1,1,0
38,2,3,0
34,2,1,0
31,2,1,0
53,0,7,0
44,1,2,1
36,0,1,0
37,0,5,1
37,1,7,0
47,0,1,0
31,3,8,2
35,0,10,0
46,0,1,0
26,2,0,0
49,1,0,0
33,0,4,1
45,2,0,1
34,1,1,1
31,1,3,0
27,0,3,0
53,2,1,1
41,0,0,0
39,1,1,0
34,3,0,0
37,0,3,0
33,0,3,0
40,1,1,0
33,1,2,0
36,1,1,0
29,0,1,0
34,3,3,0
41,2,1,2
31,1,8,0
37,1,3,0
30,1,2,0
42,0,1,0
44,0,6,0
48,1,1,0
49,0,0,0
47,3,4,0
35,2,1,0
34,0,1,0
27,0,1,1
39,0,5,1
34,0,0,0
42,0,0,0
48,1,0,0
47,0,1,1
42,1,2,0
35,1,3,0
33,1,0,0
43,1,3,1
34,3,5,1
35,1,1,0
26,2,3,0
43,1,3,1
32,2,7,2
31,0,3,0
34,0,1,0
26,0,6,0
38,3,2,0
36,1,1,0
36,2,3,2
43,0,3,0
33,1,3,1
35,0,1,0
35,2,7,1
30,1,0,0
26,1,1,1
41,1,1,0
43,0,1,0
39,0,1,0
28,1,2,0
27,1,4,1
50,1,1,0
30,0,0,0
46,0,0,0
32,0,0,0
27,1,5,0
32,0,1,0
38,2,2,1
44,1,3,0
36,1,1,0
37,0,1,0
38,1,3,0
26,0,0,1
34,1,9,1
30,0,1,0
36,1,2,0
42,1,1,0
45,1,1,0
34,0,2,0
37,0,2,0
41,1,0,0
26,0,0,0
43,1,1,0
37,0,1,1
46,0,1,0
40,1,2,0
44,1,2,0
46,1,0,0
26,0,3,0
31,0,3,1
37,0,2,0
32,1,1,1
48,0,1,0
48,0,1,1
42,1,0,0
25,0,8,4
40,0,1,1
30,0,4,1
36,3,6,1
39,1,1,0
33,1,8,1
31,0,6,1
20,0,1,1
35,1,3,0
37,0,4,1
25,1,4,0
34,2,1,0
44,1,0,0
49,0,3,1
33,1,5,0
37,0,2,0
30,2,5,0
19,0,0,0
23,2,3,0
40,1,1,0
38,0,1,0
39,0,1,0
35,2,10,2
33,0,0,1
39,1,0,0
30,0,0,0
44,1,0,0
37,2,2,1
40,2,0,2
28,2,2,0
49,1,3,0
43,2,3,0
33,0,0,0
28,1,3,0
29,0,0,0
35,1,1,0
39,0,3,0
30,1,2,1
39,1,3,0
45,0,0,0
41,2,0,0
38,0,5,0
40,2,0,1
28,1,4,0
38,0,0,0
45,1,1,0
31,0,5,0
43,1,1,0
28,1,1,1
36,0,4,2
51,1,2,0
41,2,4,1
39,0,4,0
31,0,0,0
45,0,0,0
37,1,1,0
35,0,1,0
33,3,0,0
41,0,2,0
42,0,3,0
27,1,1,0
35,1,0,0
31,4,1,0
48,0,2,0
41,1,2,1
31,1,0,0
32,0,4,2
29,0,0,0
45,0,2,1
38,0,1,0
44,1,1,0
32,0,3,1
24,0,1,0
34,2,2,0
42,0,0,0
40,1,4,1
34,1,2,0
45,1,0,1
36,0,2,0
34,2,1,0
34,0,1,0
27,1,0,0
31,1,3,0
34,0,1,0
38,2,2,0
29,2,6,1
38,0,0,0
28,2,4,0
40,0,8,2
29,1,4,1
28,1,7,2
48,0,1,0
45,1,0,0
32,0,6,0
38,0,1,0
47,0,2,0
36,1,1,0
22,1,3,0
38,0,1,1
31,1,0,0
33,1,0,0
45,0,2,0
42,3,7,2
37,2,5,3
31,0,3,0
45,4,2,0
39,2,2,1
42,2,2,0
37,0,0,0
34,2,2,0
29,1,2,0
27,1,1,0
32,0,0,0
33,1,1,0
33,1,1,0
31,1,1,0
39,1,4,2
32,0,2,1
45,4,1,0
35,0,1,0
30,1,2,1
29,2,6,1
31,0,1,0
42,0,4,2
39,0,2,0
28,0,2,2
35,0,3,0
40,0,3,1
28,0,6,1
33,4,0,1
44,0,2,1
41,1,1,0
38,0,1,0
40,1,2,1
41,2,0,0
46,0,0,0
35,1,1,0
34,2,3,1
43,2,3,0
48,0,2,0
31,1,2,0
37,1,1,0
37,2,2,2
27,1,2,0
38,0,3,0
17,2,6,0
27,2,3,0
35,0,2,0
37,0,0,0
31,4,1,0
38,0,0,0
44,0,1,0
41,1,0,0
38,0,1,0
38,1,2,0
43,4,2,1
40,0,1,0
36,0,2,0
35,0,2,1
40,0,2,0
41,1,0,1
47,0,1,0
36,0,1,0
43,0,3,0
27,0,1,0
29,1,6,2
33,0,2,2
38,1,1,0
38,1,2,0
29,1,1,0
29,1,3,0
42,1,2,0
37,0,2,0
28,1,1,0
28,1,1,0
32,0,1,0
35,1,0,0
27,0,4,0
27,0,1,0
40,2,1,0
29,0,4,0
38,0,2,0
40,1,0,0
32,1,0,1
28,0,1,1
36,0,4,1
37,0,0,0
29,1,3,0
28,2,1,1
54,0,1,2
39,0,2,1
40,3,2,2
35,1,1,0
33,2,1,0
38,0,0,0
38,4,0,1
43,1,1,1
41,1,0,0
31,0,5,0
32,0,4,0
32,2,5,1
43,2,4,1
42,1,0,1
32,1,3,0
26,0,6,2
40,0,0,0
29,0,2,1
35,3,6,0
42,1,2,0
33,0,0,0
40,1,10,1
32,0,1,1
36,0,1,0
40,0,2,0
35,1,2,0
31,3,5,1
36,5,0,1
38,0,1,0
48,0,1,1
33,3,3,0
37,0,1,0
51,0,1,0
43,1,9,0
35,1,1,0
37,0,2,0
36,0,2,0
37,0,0,0
40,2,1,0
43,1,4,1
40,1,0,1
31,0,4,0
40,0,0,1
51,2,2,0
26,1,2,0
39,0,0,1
31,4,1,2
41,0,6,0
42,1,2,0
42,0,2,1
47,1,1,0
48,1,1,0
43,0,1,0
27,2,2,0
37,0,3,0
32,0,0,0
42,0,7,1
37,1,1,0
37,0,0,0
36,0,0,2
37,0,1,0
37,0,3,1
34,0,0,1
43,1,1,0
38,0,2,0
44,2,0,0
30,0,2,0
47,0,1,0
39,1,1,0
34,0,0,1
38,0,0,1
40,0,1,0
43,0,3,0
32,0,2,0
42,2,2,0
31,1,5,1
47,0,2,0
29,0,1,0
47,1,1,0
33,0,0,0
24,1,7,0
41,0,1,0
42,3,0,1
31,1,1,1
53,1,0,0
30,3,5,2
44,1,1,1
34,3,1,1
35,2,0,0
31,1,1,0
37,2,1,0
30,2,0,0
34,0,2,0
31,0,1,1
31,1,1,0
42,6,1,0
29,1,1,0
42,0,0,1
43,0,2,0
34,0,2,0
31,2,6,0
39,1,4,0
34,1,1,0
38,2,4,0
22,0,7,0
34,1,2,1
37,0,1,0
33,1,2,1
34,0,2,0
38,1,4,2
30,4,6,2
44,1,0,0
33,0,10,0
32,1,0,0
45,2,3,0
28,0,7,2
35,1,0,1
38,2,0,0
44,0,0,1
35,0,3,1
39,1,0,0
30,1,3,0
31,1,1,2
43,0,2,0
36,0,0,0
37,1,5,0
44,1,2,0
41,0,1,0
32,1,1,0
29,0,2,0
35,0,1,0
25,0,1,0
35,1,1,0
34,0,0,0
32,2,1,0
26,1,8,1
36,0,2,0
42,1,3,1
38,0,4,0
44,2,4,1
23,0,1,0
41,1,3,0
37,0,2,0
32,0,2,0
35,1,0,0
29,2,4,0
42,1,1,0
34,1,1,0
25,1,0,0
40,0,1,0
46,0,2,0
40,0,0,0
48,1,1,0
42,0,8,1
37,1,2,0
35,2,4,3
45,0,2,0
35,0,4,0
33,0,4,0
37,2,3,0
24,1,1,0
35,0,0,0
33,0,0,0
31,2,4,0
28,1,0,0
36,0,0,0
47,0,1,0
35,2,3,0
30,1,1,0
37,1,0,0
44,0,0,1
26,1,1,0
33,1,3,0
37,0,5,2
41,1,3,0
37,2,2,0
33,0,3,0
35,1,0,0
38,3,1,0
35,0,2,0
41,2,2,0
41,0,0,0
32,1,3,1
42,0,2,0
50,1,2,0
27,2,2,1
32,0,5,1
32,0,1,0
28,0,8,3
30,1,5,0
44,0,1,0
50,1,0,0
32,1,1,0
30,0,0,0
36,0,1,0
38,3,3,0
30,0,1,1
36,1,0,2
34,0,1,0
39,0,0,0
32,1,1,0
29,2,0,0
44,0,2,0
43,0,2,2
48,0,1,0
31,2,1,0
51,1,3,1
28,1,1,0
36,0,0,0
33,0,1,0
38,0,1,0
37,1,1,0
45,0,2,0
37,1,0,1
39,2,0,0
35,3,4,0
45,0,2,0
42,1,3,0
51,1,1,0
38,0,1,0
30,2,4,0
41,0,2,0
39,0,3,0
30,1,1,1
36,1,3,0
33,1,0,0
52,0,2,0
33,2,4,3
26,2,3,0
39,0,1,1
40,0,0,0
27,3,0,0
29,0,2,3
48,1,0,0
39,0,4,2
48,1,1,0
36,0,3,0
29,2,4,0
30,1,5,0
35,2,0,0
45,2,1,1
33,1,1,0
46,0,1,0
38,1,2,1
23,1,1,0
29,3,1,0
45,0,3,0
40,0,0,0
36,0,3,0
39,2,0,0
41,1,2,0
37,1,0,0
40,0,0,0
31,0,5,1
38,2,2,0
33,0,0,0
42,1,6,0
39,3,1,0
31,1,3,1
38,0,2,0
33,0,2,0
38,0,2,0
29,1,2,0
27,1,1,0
33,1,2,0
35,0,0,0
36,1,2,1
36,2,0,0
38,2,2,1
43,1,3,0
40,0,1,0
38,0,1,0
38,0,1,0
41,0,3,0
33,0,5,2
41,1,2,0
44,2,1,0
41,2,0,0
38,2,1,0
38,1,2,0
41,0,3,1
38,0,1,1
33,3,0,1
45,0,0,0
32,0,1,1
31,0,0,0
37,1,0,0
44,0,1,0
30,2,6,4
30,0,5,2
34,0,0,0
32,1,2,0
45,0,2,0
35,1,0,0
35,0,0,1
40,1,1,0
37,2,0,1
43,2,3,0
42,0,5,1
27,4,1,0
23,1,5,0
31,0,1,0
29,2,1,0
41,2,1,0
37,1,4,0
38,1,1,1
44,1,0,2
36,0,6,1
33,3,2,2
44,3,0,0
40,1,0,0
34,0,0,1
38,1,2,1
31,0,3,0
51,1,0,0
38,1,2,0
31,2,1,0
32,0,2,0
37,2,0,0
35,1,2,0
51,0,1,0
40,0,8,0
51,1,4,1
34,1,5,1
37,0,0,0
36,2,4,1
29,0,5,0
34,1,4,0
51,0,1,0
39,1,1,0
57,1,1,0
48,1,0,0
39,2,2,0
28,1,1,0
33,0,2,0
37,3,0,1
41,0,0,0
40,1,1,0
36,0,1,0
44,0,0,1
44,1,0,0
35,0,8,1
32,0,5,0
32,0,0,0
53,0,1,0
31,2,3,0
32,0,1,0
44,0,1,0
36,1,0,0
31,1,4,1
29,0,9,1
47,0,0,0
25,3,8,1
41,1,2,1
39,0,1,2
45,0,4,0
30,0,0,1
28,1,2,0
38,3,1,0
39,1,4,2
42,0,1,0
38,1,1,2
38,0,3,0
35,1,1,0
28,0,6,0
52,0,0,0
45,5,2,0
39,1,4,2
39,0,1,0
45,0,0,0
40,0,0,0
42,0,1,0
37,0,3,0
53,1,2,1
34,2,1,0
33,0,0,1
40,0,1,0
38,0,1,0
34,1,0,0
47,1,0,0
46,3,1,1
43,3,1,0
27,2,1,1
32,2,3,0
32,1,5,0
19,1,0,0
33,0,0,0
41,1,2,0
43,0,0,0
31,1,2,1
38,1,2,0
29,0,2,0
34,1,0,0
48,4,1,0
30,0,2,0
33,1,4,1
30,0,1,0
41,1,2,0
33,1,0,0
39,0,2,0
44,1,3,0
47,0,1,0
34,1,1,0
42,2,3,2
37,1,0,0
26,1,1,1
51,0,1,1
32,1,5,2
43,2,2,1
33,0,7,1
38,4,2,0
26,0,3,0
35,0,2,0
44,2,3,0
31,2,7,2
27,0,0,0
26,0,1,0
30,1,1,1
41,1,10,2
31,1,0,0
30,2,2,0
40,0,1,0
32,0,4,0
42,0,1,0
36,0,0,0
48,2,2,1
30,2,5,0
44,1,0,0
43,0,1,0
46,0,1,0
42,2,2,0
40,0,2,0
37,2,5,1
38,1,2,0
23,2,3,1
42,2,2,0
42,0,2,0
35,1,6,2
36,3,7,1
40,0,0,0
33,0,0,1
43,0,1,0
37,6,0,0
32,0,8,0
45,0,1,0
41,0,2,0
36,2,5,0
35,0,0,1
40,0,0,0
45,1,0,0
36,1,1,0
34,1,1,0
43,2,2,1
33,1,1,1
37,0,1,0
45,1,1,1
41,2,2,0
38,1,2,0
39,2,0,0
37,0,3,0
34,2,2,0
38,0,4,0
35,1,0,0
43,0,1,0
37,0,1,1
48,1,6,2
43,4,1,0
39,1,5,2
38,1,0,1
41,0,1,0
25,3,1,2
31,0,6,1
51,0,0,0
38,1,2,1
33,0,2,0
36,0,0,0
37,0,3,1
39,0,0,0
45,1,2,0
44,1,2,0
44,0,1,0
34,1,3,0
26,2,7,1
34,0,0,0
34,1,0,1
26,0,1,0
41,4,1,0
46,0,1,0
40,0,3,0
26,1,4,0
40,3,0,0
42,0,1,0
37,1,1,0
44,2,0,0
45,0,1,0
37,2,2,0
38,2,2,0
38,0,1,0
30,0,1,0
38,0,7,3
42,0,0,0
34,0,3,0
47,1,1,0
44,0,1,1
41,1,1,1
32,0,2,0
38,1,1,0
41,1,1,1
46,0,0,0
29,1,1,0
43,1,2,0
37,0,6,0
43,1,0,1
34,0,3,0
35,1,3,1
49,3,0,1
33,0,5,1
34,0,0,2
24,1,2,0
31,0,2,1
32,1,3,0
35,2,1,0
46,0,2,0
30,0,1,0
50,1,1,0
42,2,5,2
31,1,5,0
45,0,1,0
39,0,0,0
35,0,3,0
29,0,0,0
35,0,1,1
41,1,0,0
38,1,0,0
44,1,0,0
39,1,4,1
37,1,2,0
33,1,0,0
43,2,5,0
45,0,1,0
27,0,2,0
41,1,5,0
50,0,1,0
28,0,2,1
43,0,3,0
55,0,3,0
35,1,2,0
43,1,1,0
41,2,1,0
38,1,1,0
38,2,2,0
37,1,1,0
35,2,1,0
40,0,2,0
34,0,4,1
41,2,3,1
37,0,1,0
30,0,1,0
38,2,0,0
42,1,2,0
42,0,1,0
46,2,3,0
45,0,1,0
35,0,1,0
33,1,0,0
44,1,2,0
34,0,0,0
31,2,0,0
44,0,1,0
35,0,2,0
41,0,2,0
38,2,2,0
37,0,2,0
27,2,0,1
34,2,1,0
39,0,4,1
34,0,4,2
34,0,0,0
42,0,1,0
31,0,1,0
27,1,2,0
39,3,5,2
38,0,0,0
43,0,1,0
36,0,8,1
34,0,1,0
50,0,1,1
25,2,3,2
40,0,2,0
44,1,1,0
43,1,0,1
36,1,2,0
40,1,0,0
38,3,2,0
27,0,3,0
27,0,1,0
36,1,2,0
47,1,2,0
34,1,2,0
35,0,2,0
34,0,0,1
35,3,1,1
45,2,5,1
45,0,1,0
35,0,2,0
42,1,1,1
47,1,1,0
38,3,5,0
34,1,1,0
39,1,0,1
34,3,4,1
33,0,2,0
35,0,2,0
36,2,2,0
38,0,0,0
40,0,5,1
34,1,2,0
36,1,0,0
32,1,1,0
28,1,6,1
48,2,1,0
39,1,3,1
36,1,0,1
42,2,0,0
37,0,0,0
38,0,2,0
45,1,0,0
40,2,1,0
31,1,1,0
38,0,1,0
35,0,0,0
28,0,1,0
45,0,1,1
32,0,6,1
34,0,2,0
35,0,2,0
35,0,1,0
40,0,1,0
29,0,4,0
35,2,5,0
44,0,0,0
33,0,1,0
34,1,1,0
41,2,2,1
41,0,1,0
39,1,0,1
24,0,0,2
40,0,1,1
42,1,5,0
41,1,1,0
34,0,0,0
39,0,1,1
46,1,3,0
38,0,0,0
32,2,2,0
35,1,1,2
38,2,2,0
41,0,4,1
30,1,3,0
44,1,0,1
25,4,7,1
35,2,3,0
41,1,0,0
27,2,4,1
38,0,1,0
30,1,4,0
44,1,2,0
33,0,3,0
42,2,3,0
39,2,3,0
42,0,0,0
38,1,1,0
39,3,5,0
42,1,0,0
35,0,1,0
37,2,5,1
39,1,1,0
40,0,0,0
31,0,2,0
30,0,9,0
44,0,2,0
29,5,2,1
39,0,1,0
33,0,0,0
34,1,1,0
41,1,2,0
45,1,1,0
25,1,4,0
34,2,8,0
44,2,2,0
46,4,4,1
38,1,3,0
32,2,5,0
37,1,2,0
31,1,0,2
50,0,0,0
28,1,5,1
35,0,1,0
51,2,2,1
38,1,2,0
29,5,1,0
39,0,7,0
26,0,1,1
34,1,7,2
37,2,1,0
40,2,1,0
31,2,0,0
37,0,3,0
41,0,0,0
25,0,1,1
45,3,0,0
39,0,1,0
43,0,4,0
29,0,0,0
38,1,5,0
33,1,1,1
48,2,2,0
38,2,2,1
38,0,2,2
33,1,2,1
25,0,2,0
28,0,3,0
29,0,1,1
43,1,1,0
42,1,3,2
38,2,2,0
33,0,2,0
39,3,0,0
42,0,1,0
36,0,1,1
33,0,0,0
34,2,0,0
49,0,0,0
36,1,2,0
29,0,2,0
40,0,2,0
34,3,7,2
40,3,3,0
34,1,0,0
37,0,6,0
31,1,0,0
40,0,3,0
42,2,2,0
23,0,5,0
36,2,0,0
30,1,10,2
42,1,2,0
38,2,4,0
40,1,1,0
33,1,0,0
28,1,11,1
42,0,2,0
28,2,3,0
45,0,2,0
39,0,6,0
31,0,1,1
24,3,6,3
48,4,2,0
34,1,1,0
47,1,2,0
46,0,2,0
40,2,2,0
43,2,2,1
41,1,2,0
35,0,2,0
42,2,1,0
31,0,1,1
49,0,0,0
39,0,1,0
34,1,1,0
37,0,1,0
34,0,1,0
28,2,2,0
40,0,0,0
36,0,1,0
26,0,1,0
37,1,1,1
42,1,1,0
28,0,0,1
35,3,3,0
27,3,10,1
33,1,0,1
43,0,2,0
37,2,2,0
35,0,1,0
35,2,0,0
37,1,1,0
33,0,2,1
46,1,2,0
31,0,3,2
40,2,2,1
53,2,1,0
32,2,2,0
44,1,2,0
26,1,3,0
37,0,0,0
36,1,0,0
43,0,3,0
48,0,1,1
45,1,7,1
28,0,3,0
41,0,3,0
41,0,2,1
41,2,1,0
40,0,0,0
36,1,1,0
45,2,3,1
36,2,1,0
33,0,0,0
37,1,5,0
31,2,1,0
28,0,1,0
38,2,3,0
51,1,1,0
46,2,0,0
31,0,6,2
34,0,2,0
36,3,4,1
34,1,2,0
32,0,3,2
28,0,1,0
37,0,6,1
35,1,0,0
41,0,1,0
42,2,3,0
42,0,0,0
35,0,2,1
37,0,1,0
38,1,2,0
25,3,4,2
34,0,2,0
31,0,4,0
38,0,2,0
41,1,4,2
30,1,0,0
45,3,0,0
37,2,2,0
32,0,3,1
30,0,1,0
37,3,2,0
37,1,1,0
42,1,1,0
36,1,2,0
36,0,1,0
38,3,1,0
48,0,3,0
35,1,1,0
44,0,0,0
33,1,0,0
36,1,1,1
47,1,2,0
47,0,1,0
41,0,1,1
37,1,3,0
45,0,2,0
32,2,0,0
34,2,1,2
30,0,3,3
31,1,5,1
30,0,3,1
44,0,2,0
41,0,1,0
37,1,3,0
41,1,2,0
45,1,2,0
41,0,6,1
31,0,2,0
53,0,0,0
35,3,1,0
33,0,1,0
50,0,0,0
41,0,0,1
31,4,0,0
30,0,1,0
40,1,1,0
32,1,6,0
37,2,1,0
42,1,0,0
41,1,0,0
34,1,0,0
46,3,8,2
34,1,0,0
39,0,1,0
38,0,1,0
34,0,6,1
45,1,1,0
33,0,1,1
40,1,0,0
41,1,1,0
38,1,2,0
38,2,2,0
36,0,1,0
41,0,2,0
36,0,3,0
49,2,4,1
28,2,5,1
41,1,0,0
36,1,4,0
31,0,7,0
21,0,1,0
39,0,1,4
29,1,2,0
34,0,2,2
47,1,1,0
39,1,0,0
29,0,0,0
34,1,7,0
30,1,10,1
29,0,6,0
33,2,1,0
41,2,1,0
32,0,1,0
40,3,2,2
30,2,0,0
40,1,2,0
31,1,2,0
35,1,1,0
35,1,0,0
39,0,3,0
46,1,3,0
26,1,1,0
45,0,4,0
38,1,0,1
45,0,0,0
34,2,3,1
38,1,2,0
28,0,3,0
38,0,4,2
32,0,1,0
39,0,2,1
32,2,5,0
44,1,1,0
36,1,1,1
32,1,5,2
33,1,1,0
32,0,0,0
24,0,4,0
49,0,1,0
38,1,1,0
35,0,0,0
42,1,2,0
33,0,1,0
24,1,3,2
34,1,5,1
46,1,1,0
41,1,1,1
33,0,5,0
39,0,1,0
33,0,2,0
42,2,2,0
39,1,0,0
37,2,0,1
35,1,11,0
41,0,1,0
36,1,1,0
42,2,1,0
33,0,2,0
38,1,1,0
45,0,0,0
26,1,3,0
44,1,1,0
43,1,2,0
29,0,1,0
29,1,4,0
40,2,1,0
39,1,1,0
50,1,2,0
40,0,1,0
42,0,1,0
32,2,0,0
45,0,1,1
37,0,1,0
45,1,0,0
31,0,1,0
49,0,1,0
26,0,3,2
34,2,3,2
38,1,4,0
49,2,0,1
38,0,0,0
46,1,0,0
36,0,1,0
45,1,0,0
38,0,1,0
41,0,2,2
31,1,3,0
35,0,1,0
39,0,1,0
38,0,4,2
35,1,2,0
51,0,2,0
34,2,0,1
44,1,5,0
28,2,3,0
35,2,1,0
47,1,2,0
38,3,1,1
38,0,1,0
37,2,0,1
42,1,1,0
35,0,1,1
35,0,1,0
38,1,2,1
35,0,1,0
31,1,1,0
36,0,0,2
41,1,0,0
40,0,4,0
41,2,5,1
42,0,4,1
33,2,1,0
36,1,2,1
43,0,2,0
39,0,1,0
47,0,2,0
33,0,0,0
33,3,5,0
32,0,1,0
32,0,3,0
41,0,4,0
40,2,0,0
30,0,12,1
42,0,1,0
42,5,0,0
37,1,0,0
30,2,11,1
35,1,0,0
36,1,0,0
39,1,7,0
35,1,1,0
42,0,0,0
38,5,1,0
40,1,0,0
49,1,2,0
36,2,3,0
31,2,4,1
46,1,1,0
32,0,0,0
34,1,3,0
30,2,3,0
35,0,0,0
38,2,2,0
41,0,3,3
41,1,7,2
45,2,5,0
40,0,2,0
48,1,1,0
24,1,2,1
43,0,4,0
40,0,0,0
35,5,0,1
39,0,0,1
42,2,3,2
34,2,2,0
42,0,1,0
34,5,4,2
47,0,1,0
37,0,1,0
39,2,3,0
42,1,2,0
40,1,5,0
44,1,3,0
39,0,3,0
42,1,0,0
38,1,1,0
42,0,1,1
39,0,1,0
39,2,5,0
37,1,2,1
34,2,2,0
46,0,0,0
46,0,0,1
51,0,1,0
59,0,1,0
37,1,0,1
33,0,2,0
25,1,1,1
40,0,0,0
39,1,1,0
36,1,3,0
41,1,3,0
35,2,0,0
32,2,2,0
40,0,1,1
32,0,0,0
36,2,1,1
32,1,3,0
39,0,0,0
38,0,1,0
36,0,1,0
38,2,0,1
43,0,0,0
33,2,7,1
25,2,6,0
33,0,2,0
21,1,1,1
51,0,0,1
43,1,1,0
29,2,10,1
46,1,0,0
40,1,1,0
39,0,0,0
30,1,0,0
47,1,1,0
48,2,2,0
47,2,1,0
34,1,5,3
39,0,7,0
31,2,1,0
31,1,4,1
37,0,2,0
41,2,0,0
48,2,1,0
43,1,3,0
36,0,1,0
49,1,0,0
33,2,3,0
22,0,1,0
43,0,1,0
41,0,0,0
29,2,0,0
36,1,3,0
43,2,3,0
26,2,3,0
33,0,3,1
34,0,7,0
33,1,5,1
29,0,3,1
34,2,1,0
33,2,1,0
35,0,0,0
18,0,8,0
35,1,1,0
30,2,1,3
39,2,1,0
43,1,1,0
36,1,1,0
40,0,0,0
37,1,3,0
48,0,0,1
45,1,1,0
39,0,1,1
43,3,4,0
38,1,0,0
40,1,2,0
37,1,0,0
28,1,5,0
43,2,2,0
23,2,3,1
31,0,4,1
39,1,1,1
35,3,1,1
39,0,7,3
24,1,1,0
31,1,4,2
45,1,1,0
36,1,1,1
44,0,4,0
46,1,1,0
25,1,6,1
38,1,1,1
36,0,0,1
36,0,4,0
43,0,1,0
31,1,1,0
29,1,2,0
39,0,2,1
48,2,0,0
35,1,0,0
36,0,1,0
35,1,0,0
38,1,0,0
40,1,1,0
28,0,0,0
39,0,1,1
38,0,1,0
43,6,2,0
38,0,2,0
38,1,3,0
38,1,0,0
31,0,2,0
49,1,3,0
39,0,1,0
43,0,1,0
52,0,1,0
32,2,1,0
37,0,0,0
36,0,3,0
41,4,0,0
28,0,2,0
35,0,4,0
33,1,1,0
45,1,0,2
47,0,1,0
34,0,1,0
30,2,0,0
39,1,2,0
28,0,8,0
40,0,3,1
48,0,1,0
41,0,3,0
40,1,1,0
37,0,1,0
36,1,2,0
27,1,2,0
28,0,2,0
38,2,1,0
43,5,0,0
31,0,3,2
43,0,2,0
43,0,1,0
38,1,3,0
22,5,5,1
34,1,7,3
31,0,2,0
23,2,9,0
38,1,2,0
29,2,3,0
30,1,0,0
38,0,2,0
43,2,0,0
36,1,2,3
30,0,2,0
23,0,3,0
39,0,1,1
33,2,4,0
30,1,3,1
42,2,4,1
41,1,0,0
39,1,6,0
38,4,0,0
37,0,0,0
33,1,1,1
36,1,0,0
43,1,0,0
24,0,1,0
37,1,1,0
37,0,1,0
26,2,1,0
46,1,0,0
25,0,2,0
32,1,1,1
42,1,2,0
30,2,5,2
42,1,4,0
36,0,1,0
34,1,6,0
51,1,1,1
47,1,1,2
40,3,1,0
38,0,0,0
31,2,3,0
37,1,1,1
32,2,2,0
32,3,3,2
43,0,3,0
30,4,3,1
29,1,3,1
48,0,1,0
41,1,0,0
37,1,0,0
25,1,4,0
40,0,0,0
36,1,1,0
36,1,6,0
35,3,2,0
30,3,1,0
37,1,0,1
37,0,2,0
31,0,0,0
33,0,1,0
39,0,4,0
40,2,1,0
37,0,2,1
31,0,1,0
33,0,2,0
29,0,3,0
44,1,1,0
31,1,0,0
43,2,3,0
32,2,2,0
29,2,6,0
42,1,1,0
31,0,1,0
42,0,2,0
52,2,0,0
43,1,2,0
37,0,1,0
37,5,5,2
36,0,2,0
38,0,0,0
43,2,0,0
42,0,3,0
32,2,5,3
45,0,2,0
36,0,3,0
31,0,1,0
27,0,0,0
34,2,4,0
35,0,0,0
39,0,0,0
33,0,0,2
37,2,2,0
39,1,0,0
27,1,4,0
30,1,0,0
35,1,2,0
40,1,3,1
36,0,4,2
32,1,1,1
44,0,0,0
37,2,2,0
33,0,0,0
41,0,0,1
51,0,4,0
40,0,3,0
41,1,0,0
32,2,8,0
28,0,2,1
30,1,2,0
47,0,5,0
43,0,3,4
36,2,2,0
44,1,0,1
39,1,1,0
29,0,1,0
26,0,7,0
37,1,1,0
28,1,1,0
36,0,0,0
27,4,1,1
47,1,0,0
33,0,1,0
34,0,0,0
30,0,4,1
31,1,1,1
39,0,1,1
34,1,2,0
38,0,2,0
43,0,0,0
38,2,3,0
29,2,1,0
38,1,1,1
36,0,0,0
41,0,5,2
25,1,0,0
39,1,3,0
41,0,4,0
34,1,5,1
44,4,3,0
35,0,4,1
37,1,3,1
39,1,11,4
36,1,1,1
38,1,1,0
55,2,0,0
39,2,1,0
30,3,0,0
40,0,1,0
35,3,3,1
33,0,1,1
36,2,8,1
36,0,3,0
41,0,0,0
28,1,0,0
44,2,1,0
41,0,1,0
44,1,4,1
30,0,2,0
31,0,0,0
48,0,2,0
22,1,0,0
38,0,1,0
40,0,4,0
39,0,2,0
31,1,4,1
39,1,0,0
24,0,3,0
41,3,1,0
32,0,1,0
45,2,1,0
34,1,1,1
43,1,2,1
32,4,5,2
43,0,3,0
30,1,13,0
40,2,2,0
37,1,2,0
50,5,5,0
27,0,7,0
40,0,2,1
28,2,3,0
39,1,0,0
35,0,1,0
45,0,1,0
35,0,2,0
44,0,1,2
41,0,0,0
25,0,3,1
38,0,1,0
29,0,5,1
41,0,2,0
34,0,3,0
33,2,7,1
39,1,5,3
31,0,1,0
31,1,2,0
38,1,0,0
36,1,1,0
38,1,1,1
35,0,3,0
31,1,1,0
28,2,5,2
44,0,1,0
31,1,1,0
29,1,0,1
38,1,0,0
31,0,0,0
38,1,0,0
36,1,1,0
40,1,1,0
41,1,1,1
38,0,1,0
49,0,0,0
40,0,2,0
40,0,3,1
32,3,1,0
39,0,5,1
32,1,3,0
36,0,6,0
43,2,0,0
30,0,1,0
36,0,0,1
53,1,1,1
41,1,3,0
31,1,1,0
34,0,1,0
31,0,0,0
40,0,1,0
28,1,1,0
37,0,0,1
32,0,3,1
41,1,0,0
33,0,7,2
40,0,3,0
29,2,3,1
23,0,2,2
44,2,2,1
58,0,0,0
35,0,5,1
26,0,0,0
40,0,0,0
52,3,1,1
37,2,3,0
33,0,2,0
36,1,4,0
29,1,0,0
54,0,0,0
33,1,6,0
32,0,1,0
50,0,4,1
29,1,1,0
31,1,2,0
31,0,0,0
44,0,1,0
32,1,2,0
36,0,2,1
38,0,2,0
33,0,1,0
26,0,1,0
33,1,0,1
29,2,4,1
41,3,0,1
34,0,6,1
34,0,3,0
28,0,1,0
35,1,1,0
39,1,0,0
41,0,1,0
27,0,0,1
47,1,0,0
30,3,4,0
32,1,2,0
29,0,2,0
31,3,4,0
35,1,3,0
35,3,2,0
42,0,1,0
41,1,1,1
41,1,0,0
44,1,1,0
41,1,2,0
30,1,1,1
30,1,4,1
33,0,4,0
38,0,2,0
37,0,0,0
42,1,1,1
32,0,0,1
38,1,2,0
22,3,2,0
36,1,2,0
37,1,0,0
41,1,1,0
35,2,2,0
41,0,0,0
33,3,4,1
32,0,4,1
34,0,0,0
44,0,1,0
30,0,2,0
34,0,2,0
41,1,3,0
40,0,1,0
31,0,0,0
31,1,0,0
35,0,0,1
36,1,1,0
49,0,1,0
42,2,0,0
32,1,1,3
34,3,2,0
41,0,1,1
28,2,6,0
36,0,1,0
36,0,4,1
28,0,1,0
35,0,2,0
34,1,4,0
32,3,2,0
46,0,3,0
40,0,1,0
30,0,2,0
46,1,4,0
30,0,0,0
35,0,3,1
38,0,0,0
36,0,2,0
29,0,0,0
34,0,3,0
36,1,2,0
33,2,0,1
50,0,0,0
43,3,0,0
30,1,2,0
42,0,5,1
33,0,1,0
39,2,0,1
33,5,5,3
42,1,1,3
37,1,2,0
36,0,1,0
45,0,1,0
35,1,5,1
40,0,1,1
50,1,1,2
37,1,1,1
38,0,0,0
36,1,1,0
38,0,1,0
47,0,2,0
23,2,3,2
33,0,2,0
38,1,2,0
47,1,1,0
40,1,1,0
41,1,1,0
36,0,1,0
29,0,0,0
27,0,2,1
33,1,5,0
31,1,1,0
38,2,5,0
39,0,2,2
36,3,4,2
42,0,1,0
36,0,0,0
38,1,1,0
43,0,2,0
39,1,3,1
26,1,1,0
49,2,3,0
45,1,6,1
37,1,2,0
29,0,4,1
27,2,1,0
35,1,2,0
41,3,1,0
41,1,0,0
43,0,0,0
27,3,2,2
28,2,7,0
33,0,4,0
40,1,3,0
36,0,0,1
48,0,0,1
29,2,3,0
34,2,1,0
38,0,4,0
40,1,1,0
45,1,0,1
37,0,2,0
41,1,1,0
42,0,2,0
40,1,0,0
24,2,2,0
42,0,1,0
46,1,1,0
33,2,1,0
42,0,3,0
32,2,1,0
42,2,1,1
47,0,2,1
33,0,3,1
31,2,1,1
34,0,2,0
41,0,3,0
35,1,0,0
44,1,1,0
44,1,1,1
31,0,5,1
36,3,1,0
37,2,0,0
37,2,3,1
26,2,4,2
44,2,2,0
42,1,0,0
31,2,3,1
50,0,3,0
34,0,4,0
33,0,1,0
41,1,5,2
40,2,0,0
42,1,2,1
33,0,2,0
42,1,0,0
50,0,0,0
34,1,2,0
37,2,1,0
40,2,1,0
35,0,0,0
50,0,1,0
38,1,0,0
49,1,1,0
34,1,3,1
38,0,2,0
26,1,1,1
35,0,5,0
50,0,1,0
38,0,1,0
35,3,6,1
34,0,2,0
42,0,0,1
38,1,7,1
38,1,2,0
42,1,0,0
33,0,0,1
31,1,0,0
34,2,7,0
44,1,1,0
43,1,4,1
33,0,2,0
32,1,0,0
44,0,2,0
45,0,2,3
56,0,1,0
40,2,0,0
29,1,0,1
40,0,2,0
37,1,3,0
41,0,2,1
26,0,1,0
37,1,7,1
29,0,1,0
28,0,2,0
28,1,1,0
39,1,5,1
34,0,8,1
34,0,4,2
29,1,3,0
37,2,2,1
43,3,3,1
36,1,0,0
34,0,1,0
40,0,2,0
36,0,1,0
46,1,9,2
35,0,2,0
40,3,7,1
42,2,6,0
32,0,3,1
37,1,1,0
42,1,3,1
34,1,1,0
44,0,0,0
42,1,2,0
31,4,11,0
33,2,1,0
35,0,0,0
29,2,2,0
31,0,0,0
31,1,1,1
53,2,6,0
32,0,0,0
42,1,3,0
29,2,0,1
44,2,1,0
29,1,0,1
36,0,1,0
42,1,0,1
28,0,0,0
38,1,1,1
39,1,0,1
30,1,1,1
28,1,5,0
32,0,0,0
32,1,2,0
33,2,2,1
24,3,6,1
26,0,7,0
43,0,5,0
26,0,1,0
38,2,2,0
37,2,4,1
36,3,6,0
35,1,0,1
32,1,5,2
34,2,7,0
41,1,3,1
42,0,1,0
29,1,3,0
41,1,2,0
33,1,5,0
36,1,1,0
38,3,1,1
45,0,1,1
41,2,0,0
47,0,0,0
29,0,4,0
29,0,1,1
36,0,2,0
42,2,2,0
35,0,1,0
36,1,8,5
40,3,8,1
28,1,2,0
33,0,5,1
28,0,5,0
36,3,3,0
26,0,4,1
31,0,2,1
39,0,1,0
38,2,2,0
39,2,3,2
31,2,5,1
37,0,0,0
39,1,1,0
30,0,0,1
40,0,2,0
32,1,0,0
42,1,2,1
42,1,2,0
37,0,1,1
39,1,2,0
39,1,1,1
53,0,0,0
22,2,5,0
30,1,2,1
34,1,3,1
50,1,2,0
42,0,0,0
51,2,1,0
44,1,3,1
32,1,3,1
31,0,3,0
40,0,3,0
30,1,2,0
39,0,2,0
25,1,1,0
36,1,1,0
47,2,0,1
32,0,4,0
28,4,4,1
27,1,1,0
32,0,1,0
39,1,1,0
33,1,1,1
34,0,1,0
27,1,5,1
34,0,1,0
37,0,2,1
51,0,0,0
56,0,0,1
36,0,0,0
42,2,0,0
39,0,5,0
37,2,1,0
41,1,1,1
39,1,1,0
29,2,6,1
31,1,1,0
43,0,2,0
38,0,2,0
26,3,5,1
30,0,2,0
44,0,6,0
34,0,2,0
39,1,2,0
36,0,4,1
35,0,2,0
40,2,1,0
61,0,1,0
35,1,7,1
45,2,2,0
38,0,0,0
35,1,5,0
35,0,3,0
36,0,1,0
39,2,2,0
35,1,4,1
38,1,1,0
37,1,2,0
41,1,0,0
43,0,1,1
47,1,2,2
23,4,3,0
34,0,2,0
29,2,6,1
37,0,2,0
46,1,0,1
40,2,5,2
28,1,0,0
35,0,1,0
27,2,3,3
35,2,2,0
52,0,1,1
37,2,0,0
36,0,0,0
33,1,1,1
31,0,5,0
36,1,0,0
28,0,2,0
37,0,2,0
45,1,1,0
30,3,0,1
37,0,1,0
38,1,3,0
30,0,1,0
35,0,1,1
35,1,3,0
37,1,2,0
27,2,3,1
36,1,3,0
31,0,4,0
31,2,6,2
44,0,2,0
28,0,6,2
32,1,4,0
39,0,0,0
29,0,1,2
27,1,2,1
51,0,1,0
43,0,1,0
47,1,0,0
33,1,0,1
40,1,2,0
36,2,2,1
35,2,0,0
41,1,1,0
40,2,6,1
37,0,1,0
44,1,6,1
36,0,0,1
34,0,1,0
37,2,2,0
35,3,3,0
43,1,0,0
33,0,11,0
34,0,0,0
50,2,2,0
22,0,1,0
30,0,3,2
44,1,2,0
33,1,1,0
37,0,3,2
33,0,1,0
40,0,3,0
27,0,2,0
28,0,6,1
39,1,2,0
46,0,0,2
33,0,0,0
46,0,1,0
24,0,1,0
29,5,0,2
37,2,2,0
36,0,0,0
43,0,1,1
37,0,1,0
46,1,3,0
31,1,4,1
24,0,5,1
45,1,4,0
36,0,0,2
39,0,2,0
29,3,3,0
44,0,1,0
35,1,2,0
43,0,1,1
35,0,1,0
45,1,0,0
38,0,0,0
48,0,6,0
40,0,1,0
39,1,1,0
42,0,0,0
38,1,1,0
43,0,2,1
34,0,0,0
46,0,2,0
44,0,3,2
41,1,0,0
29,1,1,1
34,0,0,0
40,0,0,1
35,0,0,0
44,0,1,0
34,2,5,0
41,3,1,0
47,0,4,0
42,0,2,0
44,0,0,0
52,0,1,0
35,0,1,0
51,0,3,0
51,1,1,0
32,1,0,0
40,0,2,1
40,0,1,1
39,0,0,0
42,0,1,0
27,1,7,1
38,0,1,0
36,0,10,0
45,0,2,0
30,1,2,0
40,1,4,1
28,1,2,0
25,0,6,1
33,1,0,0
31,1,0,0
37,0,2,0
40,0,1,0
42,1,0,0
36,3,3,1
37,0,2,0
45,1,2,0
26,1,4,1
35,4,4,1
40,1,2,0
36,0,0,0
42,1,1,1
30,0,1,0
37,0,1,1
38,0,2,0
34,0,4,0
29,1,0,0
36,1,0,0
29,0,0,0
34,0,2,0
46,1,1,0
35,2,5,0
26,0,3,0
33,3,9,3
49,1,0,0
46,1,5,1
43,0,1,0
33,2,9,0
47,0,1,0
32,1,0,0
36,0,0,0
28,1,3,0
31,0,1,0
34,0,1,1
42,0,2,0
26,1,1,1
41,0,9,0
43,0,1,1
32,0,4,0
32,1,2,0
50,2,0,0
34,0,2,0
35,0,0,0
26,0,2,0
37,0,2,0
33,0,2,0
36,2,1,0
35,2,2,0
45,1,1,0
35,0,0,1
38,0,2,0
39,1,2,0
46,0,4,0
36,2,2,0
33,0,0,0
33,1,0,0
40,1,0,0
38,1,0,0
30,0,1,0
38,0,1,0
36,3,3,0
32,0,0,0
40,2,1,1
40,1,2,0
28,2,0,1
42,2,1,3
41,1,1,0
32,0,1,0
40,1,2,0
42,0,1,0
29,2,3,1
46,0,0,0
30,3,3,0
34,1,0,0
37,0,2,0
29,1,1,1
41,0,0,1
26,1,3,0
30,2,2,1
42,1,4,0
31,0,3,0
25,1,1,1
21,2,3,0
32,3,10,2
30,0,2,0
35,1,1,0
40,0,1,0
23,0,3,0
24,0,10,0
39,1,1,0
23,2,7,0
38,0,1,0
35,1,4,0
53,0,3,0
37,0,6,0
39,1,1,0
36,1,1,0
39,0,3,0
36,0,1,0
32,0,0,0
36,2,1,2
47,1,0,1
39,2,2,0
39,0,3,0
35,2,0,0
37,0,0,1
43,1,0,0
45,0,2,0
39,0,2,0
43,3,2,0
44,0,1,0
45,0,0,0
33,2,1,0
37,0,2,0
43,1,1,0
40,1,1,0
32,0,1,0
43,1,0,1
42,0,1,0
44,1,0,0
34,0,2,0
37,0,0,0
31,2,4,1
46,0,4,1
46,1,1,0
38,0,0,0
30,0,2,1
38,0,1,2
36,0,3,0
22,0,2,0
38,0,7,0
24,0,2,0
39,1,2,0
36,0,1,0
42,2,2,0
36,0,0,1
53,1,0,0
36,0,2,1
28,3,3,0
38,0,1,0
41,0,2,0
26,0,0,0
42,2,1,0
30,0,1,0
42,0,2,0
27,3,6,0
43,1,1,0
21,2,4,1
38,1,0,0
36,0,2,0
38,2,2,0
43,0,1,0
45,2,2,0
34,0,2,0
35,0,0,0
29,1,1,0
39,2,2,0
43,0,0,0
25,0,1,0
26,0,2,1
39,2,3,0
39,0,0,0
43,0,0,0
45,0,0,0
37,0,3,1
41,0,6,0
43,1,2,1
33,2,1,0
29,0,3,0
30,1,2,1
38,0,1,0
36,0,0,0
32,0,1,1
28,0,4,1
36,2,3,0
36,2,6,1
25,2,7,0
32,0,0,0
32,1,3,2
31,0,2,1
51,1,1,0
41,0,4,0
40,1,2,0
34,0,1,0
37,2,3,1
32,3,1,0
44,0,0,0
45,1,1,0
37,1,6,1
39,0,3,1
36,2,1,0
47,0,2,1
43,0,2,0
40,0,1,0
48,0,3,0
30,1,1,0
39,0,3,0
42,0,3,0
40,1,3,1
32,0,2,0
43,1,0,0
43,2,0,1
44,2,2,0
32,1,2,1
26,0,4,1
42,1,2,0
45,1,1,0
38,0,9,0
42,1,1,0
42,0,5,0
37,0,1,0
36,2,5,0
30,2,0,2
39,0,2,0
36,0,2,0
28,0,2,1
36,1,1,0
52,0,1,0
27,0,1,0
44,0,1,0
28,1,7,3
38,0,1,0
35,0,1,2
35,1,5,1
45,2,2,0
48,0,1,0
42,0,3,0
30,0,1,0
45,0,1,0
45,1,8,1
40,1,0,0
30,1,2,0
25,1,7,1
36,0,0,0
37,0,0,0
52,1,1,0
45,0,1,0
40,1,0,1
27,0,0,1
37,2,1,0
33,1,1,1
35,0,1,0
35,1,4,0
41,0,1,0
31,1,6,1
30,2,2,0
45,0,1,0
37,1,2,0
41,2,3,0
49,0,4,0
44,2,0,0
49,0,2,0
42,1,2,1
32,2,1,2
38,1,7,0
41,2,0,0
35,2,3,1
45,3,1,0
51,3,1,1
37,0,1,2
38,0,0,0
27,2,0,0
39,1,1,1
37,2,1,1
50,1,0,0
44,0,1,0
54,0,1,0
38,3,2,1
31,1,0,0
27,1,2,1
33,2,1,0
37,0,3,0
38,0,0,1
49,2,0,0
29,0,2,0
56,1,0,0
31,5,1,1
31,1,2,0
43,0,0,0
33,0,1,0
41,5,0,0
42,0,1,0
41,1,1,0
40,1,4,1
50,0,1,0
49,0,4,0
42,1,1,0
31,4,1,0
41,0,1,0
29,3,4,3
36,0,1,0
35,2,3,1
43,0,1,1
34,1,2,0
34,0,1,0
36,0,9,0
35,1,2,0
25,1,2,0
34,1,5,2
33,0,0,0
32,0,3,0
37,0,1,0
33,1,4,1
53,1,1,0
38,0,3,1
44,2,8,0
42,1,0,0
42,0,2,1
38,1,2,1
39,0,5,1
34,3,4,0
34,0,2,0
49,0,3,0
38,1,2,1
28,1,4,1
39,0,5,0
33,0,2,0
42,2,1,0
32,0,0,0
44,1,1,0
34,2,2,0
35,1,1,0
46,0,0,0
38,2,0,0
36,0,0,1
31,1,1,1
41,1,4,0
34,0,0,1
38,0,2,1
41,3,2,2
34,4,2,0
37,1,2,0
39,0,1,0
34,0,0,0
27,5,0,0
36,1,2,0
24,2,6,1
24,1,3,0
41,0,4,0
40,0,4,0
37,1,1,0
40,0,2,1
31,1,4,0
39,0,0,0
34,1,2,0
43,0,5,0
36,2,2,0
45,0,2,0
35,0,1,0
45,0,0,0
44,0,3,0
38,1,2,0
29,2,2,2
35,2,4,1
33,0,0,0
34,0,3,1
34,0,0,0
42,3,3,0
41,1,1,0
47,1,2,1
33,3,2,0
35,0,0,0
40,2,2,0
29,1,1,1
31,1,3,0
58,0,1,1
26,2,3,1
36,1,1,0
37,1,5,0
36,2,2,1
38,0,1,1
28,0,1,0
37,0,0,0
44,0,0,0
41,0,0,0
29,6,4,2
43,1,2,0
34,2,0,2
36,1,2,0
34,1,0,0
33,1,3,0
37,1,1,0
32,1,0,1
40,0,2,0
47,0,2,0
35,0,2,1
46,0,1,0
35,0,1,0
38,1,5,2
40,1,0,0
36,1,2,0
53,0,1,1
46,0,2,1
39,0,5,2
46,1,0,0
23,2,7,1
43,1,0,1
42,1,1,0
35,0,0,0
35,2,0,0
41,1,4,0
26,1,2,0
51,2,2,0
32,1,0,1
39,2,1,1
30,0,1,1
36,0,5,0
42,0,0,0
44,1,2,0
29,0,3,0
38,2,0,0
30,0,1,0
35,2,2,0
38,1,2,1
30,0,2,0
30,0,2,0
43,0,3,0
30,0,1,0
42,0,3,0
32,0,2,0
41,2,0,0
33,1,2,0
38,1,0,0
38,3,4,3
44,1,3,2
45,0,1,1
41,1,0,0
34,0,1,0
46,1,2,0
28,0,4,0
27,2,6,0
31,0,2,0
30,0,1,0
29,3,0,0
43,0,4,1
33,1,10,0
38,1,1,0
44,0,2,0
40,0,0,0
36,1,0,0
38,2,1,0
35,0,2,0
55,2,0,0
34,2,4,0
42,0,2,0
40,1,2,1
41,1,1,0
29,1,1,0
37,0,0,0
52,0,1,0
29,1,0,1
37,1,4,0
32,1,3,0
46,1,0,0
41,1,2,0
33,1,1,2
38,1,0,0
50,3,3,1
43,1,0,0
31,1,2,0
34,1,2,1
43,0,0,0
43,1,1,0
40,0,1,1
35,1,2,0
48,1,3,0
46,1,1,0
46,0,0,0
47,0,2,0
36,0,4,0
30,0,0,0
39,2,4,0
41,0,1,0
39,4,3,0
46,0,2,0
35,0,2,0
38,0,6,1
46,0,0,2
35,0,1,0
31,2,2,0
35,0,2,0
31,0,1,0
30,1,0,0
46,0,2,0
45,2,1,0
35,3,5,2
33,0,0,0
27,2,7,2
37,0,3,0
33,1,4,1
35,0,1,0
23,0,1,0
32,0,3,1
43,0,4,1
40,1,3,0
47,2,3,0
39,2,5,0
41,0,3,0
34,1,1,0
46,2,1,1
34,0,3,1
28,0,4,0
36,1,3,0
37,0,1,0
38,1,0,0
36,1,0,0
39,3,4,3
38,2,0,0
36,2,2,0
38,1,1,0
42,0,1,0
33,2,1,2
43,1,2,0
38,1,1,0
41,0,1,0
38,0,5,1
32,0,0,0
42,0,1,0
43,0,1,0
34,2,0,1
31,1,5,3
44,0,1,0
43,2,2,0
35,1,4,1
36,1,1,2
48,1,1,1
42,1,2,1
52,1,1,0
40,1,2,0
41,0,1,1
30,0,3,0
33,0,2,0
42,0,0,0
27,1,2,1
35,0,1,0
46,0,0,0
45,1,0,0
31,6,2,0
36,0,1,0
31,2,1,2
30,1,1,0
40,2,2,1
41,0,3,1
39,0,0,0
38,1,1,0
54,0,0,0
41,1,2,0
36,1,3,0
32,0,2,0
32,0,1,0
45,1,0,0
49,0,2,0
46,1,3,0
41,0,1,0
29,0,0,0
29,0,1,0
36,0,3,1
34,1,1,1
31,2,2,0
31,0,7,0
36,1,0,0
36,0,3,0
35,1,6,1
49,0,1,0
38,1,7,1
48,1,2,0
41,1,1,0
45,0,1,0
31,1,5,0
33,0,2,1
30,0,2,1
35,1,2,0
41,2,0,1
30,1,1,0
25,2,1,0
37,2,0,0
49,0,2,0
28,1,6,2
31,2,0,1
35,2,1,1
39,1,4,0
43,0,1,0
34,0,2,1
34,1,0,2
40,1,1,0
37,0,3,4
46,3,3,0
40,1,2,1
41,1,2,0
39,0,2,1
29,0,9,0
40,0,2,0
28,1,4,1
34,3,2,0
40,1,2,0
47,0,1,0
37,0,0,0
42,2,1,0
26,3,3,1
37,1,4,1
33,1,4,1
47,0,2,0
38,0,0,0
47,0,0,0
22,2,8,1
29,0,5,0
35,1,2,1
29,0,3,0
36,0,0,0
35,0,2,0
39,1,2,0
31,1,6,0
37,0,0,0
27,1,6,0
33,0,2,1
45,2,0,0
35,0,1,0
33,0,1,0
38,1,1,0
39,2,2,0
30,1,3,0
46,1,1,1
28,1,0,0
34,1,1,0
39,1,0,0
31,0,0,0
33,0,1,0
37,0,0,0
43,1,0,0
35,0,4,0
36,0,2,1
31,2,0,0
31,1,2,0
33,0,1,0
39,1,0,1
35,1,2,2
36,0,6,3
49,0,2,0
36,1,5,1
39,2,1,0
37,1,1,0
35,0,4,1
31,1,1,0
40,1,2,0
37,2,3,1
51,1,2,1
34,2,3,0
40,0,0,0
46,3,3,0
51,0,2,0
35,1,1,0
41,1,0,1
29,1,1,0
31,1,0,0
50,0,1,0
38,1,1,0
31,1,1,1
35,1,1,0
37,1,3,0
49,2,0,0
37,2,1,0
37,0,2,1
32,1,4,0
39,4,4,3
37,1,5,1
39,0,3,0
35,1,1,0
39,0,2,0
31,1,1,1
32,2,1,1
35,1,2,0
32,0,2,1
35,0,3,1
30,2,3,1
30,1,3,0
33,1,5,0
38,1,2,0
36,1,2,0
33,2,3,1
40,0,0,0
32,3,1,0
31,0,8,1
35,1,0,0
39,1,0,0
36,1,1,0
37,0,4,0
37,2,2,0
32,2,0,0
41,0,1,0
37,1,6,2
30,2,0,0
45,0,2,1
36,0,10,0
35,2,1,0
44,1,0,0
35,0,1,1
28,3,2,0
34,1,0,0
41,1,1,0
38,0,0,0
34,1,1,0
36,0,3,0
31,2,6,0
37,0,0,0
42,1,1,0
37,1,2,0
31,3,1,0
31,3,0,0
30,0,2,0
38,0,3,0
44,0,0,0
32,0,2,0
49,0,2,0
34,1,9,0
39,0,1,0
44,0,2,1
37,1,4,0
32,1,0,0
43,1,1,1
30,3,7,0
42,0,1,0
32,0,3,0
47,0,3,0
42,0,0,0
25,1,3,0
26,0,1,0
36,2,2,0
35,1,2,0
43,1,0,1
40,2,1,0
37,1,1,0
41,1,2,0
33,1,2,0
40,1,3,1
44,0,1,0
46,0,2,0
21,0,3,0
32,0,1,0
32,5,2,0
37,0,0,0
37,1,1,0
31,0,1,0
34,0,0,0
32,2,1,0
43,0,0,0
46,2,0,0
36,2,1,0
34,2,3,1
31,1,2,0
29,0,0,0
46,1,1,0
43,0,5,0
42,0,3,0
42,3,1,0
34,1,1,0
41,0,1,0
52,1,4,0
50,1,2,0
40,1,0,0
51,0,0,0
35,0,1,0
27,1,1,0
25,2,6,3
48,1,1,0
36,0,2,0
43,0,2,0
41,0,1,0
42,0,7,0
29,1,0,0
39,0,1,0
59,1,1,0
23,3,1,0
47,1,0,0
36,0,2,0
44,5,1,0
38,2,5,1
34,0,3,1
44,0,0,1
39,1,1,0
41,0,1,0
43,0,1,0
36,2,0,1
35,1,2,0
38,2,0,0
48,1,0,0
31,1,4,2
38,1,1,1
36,1,0,0
38,1,5,0
35,0,0,0
41,0,2,0
37,2,0,0
39,1,2,0
16,0,1,1
47,0,2,0
32,0,3,0
32,1,0,1
55,2,1,0
36,1,0,1
45,2,0,0
27,3,4,1
46,0,1,0
50,3,0,0
51,1,3,0
36,2,0,0
35,0,1,0
33,1,5,0
35,4,3,1
39,1,1,1
34,2,1,0
39,0,9,1
23,3,5,0
32,2,10,1
28,1,5,0
30,0,1,0
44,1,0,1
29,2,1,0
40,1,1,0
42,0,4,0
34,0,1,0
29,3,1,0
38,1,1,2
34,0,0,1
44,1,0,0
34,1,11,1
34,1,2,0
46,1,0,0
39,0,4,0
29,2,0,0
41,0,2,0
27,2,5,0
32,1,1,0
27,1,2,0
49,3,1,0
22,2,4,0
46,1,0,0
35,1,2,0
43,0,1,0
31,3,11,1
43,1,0,1
43,2,3,1
50,3,1,0
37,0,1,1
33,0,0,1
50,0,2,0
42,0,4,0
49,1,1,0
42,0,0,0
23,4,5,1
30,0,1,0
24,0,2,0
43,1,0,0
47,1,4,0
47,0,1,0
48,0,1,1
33,1,1,1
28,0,3,0
35,1,1,0
51,1,0,0
25,1,5,0
31,2,2,2
34,0,1,0
38,1,2,0
49,0,2,0
38,0,2,0
37,0,4,0
29,2,1,1
33,0,0,0
33,0,2,0
33,1,0,1
40,2,1,0
43,1,1,0
41,0,3,1
43,1,0,1
36,1,5,0
33,0,3,1
32,0,0,0
41,0,5,0
34,0,2,1
48,1,1,1
34,0,1,0
39,2,0,0
46,0,1,0
42,0,2,0
37,0,2,0
29,0,4,1
35,1,7,0
35,0,1,0
31,1,1,1
22,2,11,0
30,1,2,0
39,2,1,1
38,1,2,0
27,3,5,1
41,1,1,1
35,0,2,0
43,0,0,1
36,0,7,0
37,0,0,0
27,3,3,1
38,2,2,0
24,0,11,1
36,0,2,0
38,0,0,0
41,3,3,1
31,2,5,1
41,1,0,1
39,0,1,0
37,1,0,0
46,1,0,0
35,0,0,0
36,0,8,1
33,1,0,0
36,1,1,0
49,0,1,2
33,0,2,1
24,0,6,1
40,1,1,0
19,1,2,0
38,1,1,0
35,2,5,1
28,0,0,1
38,0,2,0
36,0,2,0
33,2,2,0
33,1,0,0
28,1,0,0
36,0,7,1
41,2,3,1
30,1,1,0
39,2,1,0
42,2,3,1
42,0,3,1
43,2,2,1
47,0,0,0
38,2,6,3
29,0,1,0
45,0,1,0
34,0,3,0
37,1,0,0
29,2,3,1
34,1,3,1
36,2,0,0
35,0,1,0
25,0,2,1
28,1,3,0
41,1,1,0
21,0,3,2
32,0,1,0
41,1,3,2
38,0,1,0
36,1,4,0
37,1,1,0
31,0,2,2
38,1,0,0
35,0,0,0
31,1,1,1
39,0,4,1
45,3,1,0
42,0,2,0
31,0,3,3
35,1,3,0
41,0,4,0
35,1,5,2
33,2,0,0
47,2,3,0
37,0,1,0
43,1,4,0
32,0,0,0
27,0,1,0
43,0,0,0
28,0,5,0
31,0,2,0
43,1,3,0
40,1,1,0
37,0,2,1
41,1,6,1
42,0,0,0
48,2,0,0
38,1,0,0
31,0,2,2
46,0,1,0
35,6,3,1
38,0,2,0
31,1,3,0
50,1,3,0
32,0,0,0
38,0,0,0
43,3,6,0
38,2,6,2
36,1,2,0
43,0,2,0
36,1,0,0
38,2,1,1
47,2,0,0
30,2,1,0
40,0,3,0
37,1,2,0
29,2,6,3
46,0,1,0
37,1,0,0
32,0,1,0
35,0,1,0
29,0,2,0
37,2,1,0
24,3,3,1
33,0,2,0
26,0,1,1
36,2,0,0
29,1,4,1
23,0,2,0
27,0,1,0
41,1,2,0
37,2,4,1
35,1,1,0
30,0,0,0
45,0,0,0
31,1,7,0
35,1,2,1
31,0,0,0
36,0,6,0
37,1,4,0
41,0,3,0
35,1,0,0
38,0,0,0
37,1,4,1
35,2,8,0
41,0,0,0
43,0,2,0
29,0,3,0
51,0,0,0
39,0,1,0
52,1,1,2
31,0,0,0
25,1,3,0
31,1,2,0
42,1,1,0
37,1,6,0
36,2,0,2
37,0,2,0
40,2,0,1
45,0,2,0
36,0,0,0
42,1,1,0
38,2,1,0
25,1,9,0
36,0,2,0
36,1,6,1
39,1,4,1
44,0,2,0
35,0,0,0
37,1,0,1
35,3,1,0
47,0,5,1
48,0,0,0
33,1,1,0
34,1,2,1
49,2,5,1
23,3,1,0
33,1,0,0
43,1,2,0
28,3,6,1
31,0,1,1
40,0,2,0
39,1,3,2
33,0,1,0
31,1,4,0
35,3,4,1
35,2,3,0
35,0,2,2
39,0,0,1
34,2,4,1
40,1,5,2
37,0,1,0
34,2,3,1
32,3,2,2
49,1,0,0
39,0,1,0
43,2,5,3
35,4,6,1
37,0,1,0
29,0,3,1
40,0,2,0
25,4,3,1
28,3,5,1
28,4,2,2
34,0,2,0
27,0,1,0
31,1,1,1
44,1,2,0
42,2,0,0
40,0,4,0
38,0,2,0
39,0,4,1
33,2,1,0
32,0,1,1
43,0,3,2
42,2,1,2
34,0,1,0
36,3,0,0
29,0,6,0
32,0,1,0
33,1,2,1
36,1,0,0
27,0,3,0
45,0,0,0
30,2,2,1
50,2,2,1
41,0,0,1
39,1,0,0
34,1,1,0
34,1,2,0
50,2,2,0
38,1,1,0
42,3,1,0
40,1,1,1
40,1,2,1
37,1,2,0
21,0,6,0
33,0,1,1
36,1,0,0
40,1,2,0
41,1,2,0
31,0,2,0
33,0,1,0
31,0,3,0
43,0,0,0
38,0,6,1
35,0,1,1
24,2,0,1
35,1,5,0
44,0,0,0
40,1,2,0
44,3,1,1
36,0,1,0
40,0,1,0
37,0,0,0
36,0,0,0
40,1,2,0
43,0,0,0
34,1,0,0
32,0,0,0
38,1,1,0
40,2,2,0
42,0,1,0
45,0,3,0
40,1,0,0
37,2,0,1
39,0,2,0
38,1,3,0
47,0,1,0
39,0,0,0
37,1,2,0
33,0,0,1
33,1,1,0
40,2,2,0
48,0,0,0
41,0,0,1
44,2,3,0
40,0,0,0
44,1,0,1
32,5,3,1
44,0,5,0
34,1,3,2
43,0,2,0
30,0,4,0
53,2,3,0
38,2,0,0
31,1,0,0
36,1,1,2
45,0,1,0
43,0,1,0
45,1,1,0
29,1,1,0
47,2,4,0
39,0,8,1
30,2,2,1
36,0,3,0
35,0,1,0
44,1,3,0
30,1,3,0
47,1,3,2
46,4,2,0
38,0,6,1
43,0,4,1
40,1,0,1
38,1,2,0
30,0,1,0
44,1,1,0
31,1,1,0
44,2,1,1
30,1,1,0
32,0,2,0
34,2,2,0
37,1,1,0
41,0,2,0
33,1,2,0
30,0,2,0
36,0,3,1
34,1,10,0
39,1,2,1
29,1,5,0
35,1,0,1
36,0,2,0
39,1,5,0
31,3,1,0
42,0,2,0
37,0,1,0
32,1,9,0
36,0,7,1
32,0,2,0
33,0,5,3
25,0,4,0
41,1,2,0
25,1,5,0
34,0,0,0
38,0,0,0
37,0,2,0
34,1,1,1
47,0,0,0
36,1,5,2
30,0,4,0
31,0,2,1
34,0,0,0
30,0,3,0
33,0,3,0
35,2,1,0
37,0,0,1
48,1,1,1
41,0,0,1
44,0,1,0
34,2,1,0
36,2,5,0
49,1,1,0
34,0,1,1
32,1,4,0
32,1,11,0
41,1,2,0
38,1,1,1
56,0,1,0
42,0,0,0
44,1,3,0
36,0,1,0
30,0,1,1
31,0,1,0
37,0,1,0
29,3,4,2
39,1,1,0
52,1,1,0
43,1,1,1
46,0,1,0
30,0,2,0
41,0,0,0
40,1,1,1
45,2,2,0
43,0,2,0
45,1,4,0
50,0,3,0
47,0,3,1
28,0,0,1
28,2,3,1
33,1,8,2
41,0,1,0
36,1,1,0
36,1,3,1
33,0,2,0
41,1,5,1
49,2,1,0
43,0,0,0
35,0,2,0
46,0,0,0
33,0,1,0
45,1,1,0
33,1,7,0
36,2,5,1
37,1,7,0
38,0,0,0
33,0,1,0
42,0,0,0
43,0,0,0
21,2,13,0
47,1,2,0
33,1,2,0
42,0,6,0
41,0,1,0
33,0,3,0
46,2,2,1
48,0,0,0
41,2,0,0
38,1,2,0
47,0,0,0
37,0,1,0
38,1,4,1
35,1,1,0
38,0,2,1
35,1,1,0
47,0,1,0
40,0,2,0
33,1,1,0
31,0,2,0
26,1,1,0
42,2,1,1
50,1,3,0
41,1,2,0
38,0,3,0
33,2,2,0
40,0,0,0
33,0,0,0
34,1,2,0
27,0,2,0
28,1,1,0
38,0,4,0
36,1,3,0
34,2,5,0
32,2,7,0
27,0,6,1
37,0,2,0
37,0,2,1
31,3,2,1
34,1,1,0
36,0,2,1
34,0,1,1
44,2,0,0
35,0,2,0
27,0,4,1
31,1,3,0
46,0,2,1
27,1,5,0
44,0,0,0
46,2,2,1
34,0,2,0
31,1,3,1
43,3,2,0
34,0,1,0
45,1,1,1
41,1,0,0
42,0,1,0
35,1,1,0
30,1,0,0
40,1,0,0
37,0,1,0
36,0,1,0
42,0,1,0
39,0,1,0
39,0,0,0
30,3,1,0
46,1,2,1
38,0,10,0
37,0,0,0
43,0,1,0
43,2,0,0
49,0,2,0
46,1,1,0
35,1,0,1
29,0,0,0
43,1,1,0
49,0,0,0
48,0,3,0
48,3,4,0
25,1,2,0
37,0,0,0
28,2,4,1
39,1,2,0
32,0,0,0
42,1,1,0
36,1,5,0
44,0,2,0
48,2,1,0
30,1,1,0
32,0,6,1
39,1,1,1
42,0,1,0
41,0,4,0
39,1,3,0
37,1,1,0
42,0,0,0
41,0,0,0
52,0,0,1
39,1,3,0
48,0,1,0
35,2,6,2
47,2,1,0
45,1,0,0
33,2,3,2
41,0,3,0
35,0,6,0
31,2,5,1
26,0,0,0
32,0,1,0
35,0,0,0
32,1,6,0
40,0,2,1
42,1,0,0
68,0,1,0
33,1,1,0
40,0,2,0
38,1,12,0
29,0,0,0
43,0,2,0
36,2,5,0
37,0,2,0
47,0,0,0
43,0,0,0
29,2,3,2
41,1,1,0
37,1,0,0
38,1,2,0
35,3,0,0
27,2,2,0
34,1,1,0
29,4,6,0
35,1,0,0
29,1,5,1
47,1,2,0
41,1,0,1
34,1,4,0
33,1,0,0
31,1,3,2
40,1,2,0
38,1,3,0
34,0,0,0
40,0,2,0
31,0,2,0
28,0,0,0
38,1,1,0
39,1,3,1
27,2,1,0
34,1,2,0
44,0,0,0
37,0,0,0
28,2,3,1
45,1,1,0
43,2,2,1
49,0,1,0
41,0,1,0
33,0,1,0
32,1,0,0
55,0,3,1
33,1,2,0
28,3,6,2
32,0,1,0
34,0,2,0
33,0,1,0
33,0,1,0
36,0,3,0
33,2,4,0
37,2,0,1
38,1,2,0
48,0,2,0
36,0,4,2
32,1,3,1
42,1,0,1
40,0,0,0
42,1,0,0
43,0,2,0
31,0,1,0
45,1,0,0
48,0,1,0
45,0,1,0
42,0,2,0
41,1,12,0
30,2,3,0
39,0,0,0
34,0,1,0
35,1,0,0
45,0,0,0
35,0,0,1
48,0,1,0
36,1,1,0
42,0,2,0
45,0,0,0
44,0,5,0
26,2,7,2
36,1,2,0
37,0,1,0
30,2,3,0
29,2,1,0
31,0,0,0
51,0,3,0
41,2,1,1
28,0,1,0
34,0,0,0
47,0,1,1
35,0,1,0
38,0,0,1
32,0,1,0
42,0,0,0
40,0,2,0
37,0,1,0
34,4,7,2
37,0,2,0
26,2,3,2
49,0,0,0
47,0,3,0
44,0,1,0
37,0,1,2
32,1,2,1
41,2,1,0
36,1,1,0
43,0,1,0
27,0,1,0
30,1,0,1
39,1,1,1
39,0,2,0
40,0,1,0
40,1,1,0
26,4,3,0
29,1,1,0
34,0,3,0
40,2,3,1
34,1,0,0
34,0,7,0
43,1,6,0
47,0,0,0
37,0,9,1
41,3,1,0
49,0,0,0
28,0,2,0
40,0,6,0
53,2,1,0
42,0,3,0
37,0,3,0
41,0,0,0
28,2,1,1
48,3,5,0
44,1,1,0
27,0,3,1
29,0,4,0
27,0,0,0
36,0,2,1
47,0,0,0
36,1,1,0
32,6,9,2
39,0,1,0
41,0,0,0
42,1,1,0
43,0,1,0
33,2,2,0
36,2,0,2
60,0,0,1
38,0,0,1
30,3,0,0
44,0,0,0
40,1,1,0
36,1,1,0
43,1,2,1
31,0,1,0
27,2,11,2
41,0,1,0
49,3,4,0
36,2,3,0
50,0,4,0
40,1,0,0
34,1,0,1
43,1,1,1
38,1,1,0
36,0,6,0
31,0,1,0
37,0,3,0
25,0,1,0
30,0,6,1
46,0,0,0
36,0,0,0
31,0,0,0
32,0,9,0
35,3,5,0
36,2,3,1
31,1,1,1
30,1,6,1
45,1,1,0
39,0,1,0
53,2,2,0
36,1,2,0
44,0,0,0
32,0,4,0
32,1,1,0
40,0,5,0
38,0,1,0
44,0,1,0
33,0,0,1
33,1,4,0
39,0,3,1
39,0,1,0
37,0,5,0
31,1,0,0
44,2,0,0
39,1,5,0
35,0,3,0
36,1,3,0
39,1,3,1
32,2,4,0
32,0,1,0
44,3,0,0
26,1,0,0
34,1,0,0
24,3,4,0
29,1,2,0
33,0,2,0
31,1,7,0
27,0,5,2
38,0,0,0
37,0,1,0
36,0,1,0
38,0,0,1
37,1,4,1
36,0,0,0
35,2,2,2
38,0,0,0
36,2,1,0
34,0,1,0
37,0,7,0
31,1,1,0
31,3,4,0
32,1,2,0
46,0,5,0
38,1,0,0
33,1,2,0
30,0,1,0
30,1,1,1
40,1,1,0
39,1,1,0
42,0,0,0
28,1,2,1
47,1,1,0
33,2,0,0
40,0,3,0
46,1,1,0
37,1,2,0
34,0,0,0
48,1,1,0
40,0,1,0
39,1,1,0
41,0,2,0
31,0,6,2
38,1,2,0
32,0,5,0
34,1,0,0
30,2,4,0
25,0,3,1
26,0,2,0
40,1,1,0
33,2,2,2
30,2,5,2
43,1,1,1
30,1,1,1
31,0,2,0
37,0,1,0
39,1,2,0
34,0,1,1
45,0,3,0
33,0,1,0
29,0,0,0
39,0,1,0
30,1,5,0
41,2,2,0
27,2,0,0
34,1,3,1
35,0,2,1
40,2,5,1
41,2,1,0
41,0,2,0
32,0,1,0
30,0,5,0
38,1,3,1
32,0,1,1
47,1,1,0
43,0,0,0
42,0,1,2
43,0,3,1
45,1,0,0
41,1,0,0
23,1,3,0
39,0,2,0
37,1,0,0
33,1,1,0
28,0,3,0
39,2,1,1
36,0,1,0
34,1,9,0
25,0,4,1
41,2,2,1
42,1,0,0
31,0,1,0
32,1,0,2
46,0,4,0
49,2,1,0
22,0,1,0
33,1,3,0
30,2,1,0
32,0,2,0
45,1,3,0
32,1,2,1
26,0,3,0
43,0,12,0
54,2,2,0
49,1,2,0
42,0,1,0
37,0,3,1
30,1,3,1
25,3,6,2
31,2,1,0
38,2,1,1
32,1,0,0
32,3,1,0
40,4,4,0
32,0,0,0
50,1,1,0
40,0,1,0
45,2,3,0
38,0,0,0
36,0,2,0
33,0,1,0
37,0,4,1
35,1,4,0
40,1,2,0
26,1,6,0
36,0,1,0
41,1,5,1
33,0,1,0
36,1,0,0
40,1,0,0
38,1,3,1
38,1,1,1
43,2,1,0
40,1,5,1
31,0,1,1
46,0,3,0
42,0,1,1
30,0,0,0
33,0,0,0
30,0,1,0
39,0,1,2
41,1,3,0
34,1,2,0
39,0,1,0
40,0,2,1
40,1,2,0
40,1,1,0
37,0,1,0
41,1,2,0
40,0,2,1
33,0,2,1
38,2,9,2
34,0,0,0
34,0,0,0
41,1,8,0
41,0,1,0
33,2,3,1
42,1,1,0
38,1,1,1
41,0,1,0
30,1,4,1
46,0,0,0
46,0,3,0
37,0,1,0
35,2,2,0
25,0,3,0
35,2,5,0
31,0,1,0
28,0,1,0
36,1,0,0
43,2,5,0
41,0,1,1
38,1,0,0
44,5,3,1
32,0,2,0
43,1,1,0
46,0,1,0
32,0,1,0
28,0,4,1
39,0,1,0
37,0,5,1
31,1,0,0
47,0,2,0
33,0,1,0
30,1,5,0
29,2,1,1
35,0,0,0
29,3,7,0
47,2,3,0
23,3,1,2
40,0,1,0
46,1,1,0
39,1,3,0
41,1,8,0
37,0,2,0
49,0,2,0
51,1,5,1
39,2,3,0
39,0,5,1
32,0,4,0
37,1,5,0
39,0,2,0
25,0,3,1
32,0,0,0
37,0,2,0
42,0,2,0
36,2,7,0
34,2,5,0
33,1,4,0
39,1,0,0
26,2,1,0
40,0,2,0
40,1,1,2
38,3,0,1
37,1,2,0
43,2,1,0
39,3,5,0
27,0,1,0
43,2,3,0
41,1,0,0
28,3,2,1
33,2,1,1
42,0,2,0
31,2,2,0
23,2,1,1
32,1,0,0
31,0,7,2
32,0,10,0
38,0,7,0
37,1,2,0
28,0,0,0
44,2,1,1
39,1,1,0
30,1,6,0
33,0,3,0
44,1,0,0
20,0,3,0
39,0,2,1
38,1,0,0
46,3,1,0
37,1,5,2
34,0,5,2
46,0,0,1
31,1,4,0
40,0,2,0
36,0,1,0
44,0,2,0
41,1,1,0
32,0,6,3
44,0,0,0
40,2,2,0
46,2,2,1
36,0,2,0
20,0,2,0
48,1,2,0
41,0,0,0
36,2,4,0
41,0,2,1
34,0,1,0
36,1,4,0
43,0,2,0
40,0,1,0
40,1,0,0
41,1,0,0
38,2,3,0
23,0,0,0
32,0,4,0
45,2,2,0
40,0,2,0
35,1,1,0
44,1,0,0
36,0,1,0
39,0,2,0
38,0,4,0
39,0,1,0
38,1,4,0
39,1,1,0
46,0,0,0
29,1,4,0
34,1,2,0
37,0,1,0
42,0,4,0
51,2,1,1
47,0,3,0
34,0,1,0
39,0,4,0
35,3,1,0
39,0,4,0
30,1,4,1
31,2,7,0
37,0,0,0
36,0,2,0
41,0,3,0
44,1,1,0
47,1,2,0
38,1,2,0
31,0,11,1
35,0,0,0
36,0,3,1
33,1,6,2
33,1,2,1
42,2,1,0
26,0,5,0
42,1,1,0
31,2,0,0
45,1,1,0
42,0,2,0
41,0,2,1
39,1,1,0
35,3,0,0
47,1,3,0
44,2,1,1
23,1,1,0
36,1,8,0
32,3,0,1
38,0,2,1
44,0,2,0
27,2,0,1
39,2,1,0
37,0,2,0
44,0,10,0
29,0,2,0
41,0,4,0
35,0,0,0
34,0,1,1
25,0,7,0
35,0,2,0
44,2,0,0
32,0,2,0
44,1,1,0
37,1,3,0
37,3,0,0
41,0,1,0
42,0,1,0
41,1,4,0
32,0,0,0
41,1,0,0
31,0,2,0
39,1,1,0
39,1,1,0
39,0,2,1
34,0,0,0
38,1,0,0
36,2,1,1
36,1,2,0
38,0,0,0
35,2,3,0
33,2,0,0
40,0,2,0
51,1,2,0
38,0,1,0
47,3,2,0
29,1,0,0
25,1,3,2
33,0,4,1
39,0,2,1
43,0,0,1
46,1,2,0
30,4,5,0
37,1,0,0
45,2,0,0
50,0,0,0
46,1,1,0
23,0,2,0
33,1,0,0
43,0,2,0
36,0,1,0
40,0,3,0
44,0,2,0
30,3,6,1
36,0,1,0
43,0,0,0
36,0,1,0
41,1,0,0
33,2,4,0
37,0,8,0
33,1,7,0
36,0,2,0
36,1,6,0
42,1,1,0
34,1,7,1
42,1,1,1
39,4,8,1
39,0,1,1
28,0,5,0
39,2,1,0
37,0,1,0
27,3,4,2
38,2,0,0
48,1,1,1
40,1,1,0
37,1,3,0
28,1,4,0
34,1,0,0
39,1,1,0
30,1,0,0
33,1,2,0
34,0,0,1
34,1,4,1
44,1,1,0
39,0,1,0
28,0,6,0
39,0,1,0
36,0,1,1
40,0,5,1
47,2,1,0
27,0,0,0
41,1,1,0
37,0,0,0
29,3,0,0
33,1,0,0
36,0,1,0
40,1,0,0
37,2,2,0
28,1,10,1
31,0,0,1
44,0,0,0
33,3,4,1
44,1,0,1
48,1,2,0
42,1,2,0
33,0,1,0
41,0,0,0
45,0,2,0
22,0,1,0
32,0,9,1
38,1,0,1
47,0,2,0
27,1,3,1
34,0,3,0
40,1,2,0
45,0,1,0
41,0,0,0
36,0,4,1
35,1,1,0
32,2,2,1
25,0,3,1
37,0,1,0
45,0,1,0
31,0,1,0
46,1,2,0
29,0,8,0
45,1,0,0
36,1,0,0
33,0,0,0
48,1,0,0
33,2,0,1
41,0,1,0
51,0,1,0
33,2,4,0
33,0,1,1
39,0,1,0
35,0,1,0
41,2,2,0
32,2,5,0
35,1,0,0
39,0,1,0
23,2,2,1
40,0,0,0
36,0,1,0
34,1,4,1
40,1,1,1
36,1,1,0
46,0,2,0
38,0,3,0
35,4,4,0
38,1,3,0
34,1,5,1
35,1,1,0
39,0,2,1
28,0,0,0
38,3,7,1
37,0,3,0
37,0,5,0
40,1,2,0
44,0,1,0
38,0,0,0
34,1,5,1
39,1,7,1
34,1,1,0
30,1,3,0
37,1,0,0
39,0,0,0
45,0,1,0
21,1,9,1
38,1,1,0
36,1,2,0
29,2,4,0
38,1,1,1
33,1,1,1
41,0,2,0
41,3,6,0
30,1,1,0
44,0,0,0
32,1,10,1
42,0,2,0
31,1,2,0
43,0,2,0
29,0,7,0
38,1,1,0
36,1,2,0
36,2,0,0
33,4,6,0
38,1,4,0
30,2,0,1
36,2,1,0
34,1,6,0
41,0,1,0
27,0,4,0
36,0,9,0
40,0,0,0
32,1,1,0
36,1,0,0
34,0,0,0
35,0,0,1
43,0,3,0
50,0,1,1
40,2,1,0
38,0,3,0
27,2,3,0
51,1,7,0
50,0,0,0
40,1,1,1
39,1,1,0
27,0,1,0
62,0,2,0
25,0,5,1
27,0,1,0
28,0,4,0
41,0,1,0
29,0,0,0
24,1,8,1
40,0,1,1
42,0,4,1
29,1,2,0
39,0,1,1
34,2,1,1
24,1,6,0
35,1,3,0
40,1,1,0
43,0,0,0
50,2,0,1
43,0,1,0
45,1,1,1
45,1,0,0
44,1,2,1
45,2,0,0
33,0,0,1
30,0,1,1
34,0,5,0
32,2,1,0
44,1,2,1
50,0,2,0
35,0,2,1
36,2,4,0
51,0,0,0
38,0,1,1
44,2,0,0
30,1,2,0
22,1,9,4
34,1,1,1
29,2,2,0
36,1,7,2
32,0,1,0
29,1,1,2
25,2,5,1
38,0,0,1
36,0,1,0
35,0,0,0
50,0,0,0
28,1,1,0
32,0,1,1
41,0,1,0
50,0,2,0
40,1,3,0
42,1,1,0
51,0,1,1
29,0,2,2
42,0,1,0
32,3,2,0
39,0,1,0
46,2,2,0
34,1,0,0
36,2,1,0
47,0,2,0
22,0,3,0
31,1,1,2
48,0,4,0
32,0,4,1
32,0,0,0
36,2,0,0
38,1,4,2
39,1,1,0
40,0,1,0
34,1,3,0
38,0,2,0
30,0,1,0
41,0,2,0
41,0,0,0
43,0,4,0
26,1,2,0
41,2,1,0
39,2,1,1
31,1,6,1
35,1,1,0
36,0,0,0
38,1,3,0
45,0,2,1
32,0,1,0
28,0,4,0
43,2,3,0
38,1,2,0
32,0,3,0
45,0,3,0
40,0,1,0
33,4,1,2
33,0,6,0
33,1,0,0
25,0,2,0
37,1,2,0
41,1,1,0
26,4,6,2
40,1,3,0
31,3,4,0
38,0,0,0
33,2,0,0
37,0,2,0
36,0,3,1
47,1,1,0
26,1,5,0
29,1,0,2
38,0,1,0
44,0,1,0
22,1,3,1
39,0,3,0
40,2,0,0
36,4,2,1
36,1,1,0
41,4,1,0
39,0,0,0
28,1,2,0
40,0,1,0
29,0,0,0
42,0,0,2
35,1,6,0
27,0,1,1
43,2,2,0
39,2,2,2
29,0,2,0
27,2,1,0
34,0,1,0
29,0,0,0
51,0,0,0
32,1,3,1
36,1,0,0
44,2,3,0
39,0,0,0
41,2,3,1
47,0,0,0
48,0,0,1
30,4,2,0
36,0,1,1
43,0,1,0
38,1,0,0
31,1,4,0
48,2,2,1
37,3,2,1
40,0,0,0
36,3,4,0
41,1,1,0
30,0,4,1
36,1,0,0
32,0,2,0
40,1,1,0
44,0,1,0
43,2,3,0
39,1,0,0
42,2,0,0
38,0,2,0
49,2,3,3
46,0,0,0
45,0,0,0
47,0,1,0
41,3,1,0
31,0,3,0
40,1,0,0
32,0,1,1
39,0,1,0
41,0,0,1
34,0,1,1
36,0,0,0
40,1,2,1
38,0,1,2
31,0,0,2
42,0,1,0
38,1,1,0
48,1,3,1
25,1,3,1
43,2,6,0
35,0,1,1
36,2,10,0
38,0,2,0
43,0,0,0
26,3,6,1
39,1,3,0
35,4,3,2
32,2,5,0
41,0,2,0
39,1,1,0
37,1,1,0
32,0,0,0
41,0,2,0
40,0,1,0
36,2,1,0
45,1,1,1
39,0,2,1
29,3,2,0
36,0,1,0
41,0,1,0
35,2,2,1
42,1,2,0
30,1,2,1
43,1,3,1
38,0,2,0
37,2,1,0
40,0,1,0
33,0,0,0
39,0,3,0
43,1,3,1
33,2,1,0
25,1,3,0
34,1,4,1
34,1,0,0
39,0,1,1
34,3,1,0
38,0,2,0
36,2,0,0
30,1,4,0
32,0,0,0
43,1,2,0
36,1,3,0
32,1,0,1
37,0,3,0
32,1,4,1
41,0,2,0
38,1,1,0
36,0,1,0
41,0,1,0
27,2,2,0
40,0,1,0
38,0,0,0
30,0,5,1
43,1,1,1
37,0,3,0
43,0,0,0
29,1,6,0
39,1,5,0
32,0,4,0
43,0,0,0
33,0,7,2
26,3,3,1
38,1,2,0
40,0,2,0
40,0,7,0
40,0,1,0
43,1,2,0
41,1,1,0
37,0,2,0
34,1,3,1
31,1,2,1
29,1,1,0
35,2,1,0
34,0,1,0
38,1,2,0
45,1,4,0
35,1,1,0
24,2,6,1
36,2,0,0
44,0,3,0
37,0,0,0
42,1,7,0
36,2,1,0
35,0,0,1
25,2,7,1
38,0,0,1
35,1,4,0
30,2,4,0
41,0,1,0
31,0,0,0
26,0,1,0
28,0,0,0
43,0,1,1
41,2,7,1
30,0,1,0
35,0,0,0
44,0,1,0
18,2,8,1
28,1,2,0
46,2,3,0
37,1,1,0
37,1,2,0
41,0,2,0
34,1,8,1
41,1,0,0
38,1,1,0
33,1,3,0
36,0,7,0
34,0,6,1
31,0,1,0
34,0,2,0
48,0,2,0
28,1,4,1
34,1,1,0
34,0,2,0
39,1,0,0
38,2,2,0
40,0,2,0
33,1,0,0
37,1,2,0
28,1,1,0
39,0,3,1
35,0,4,0
43,0,0,0
34,1,6,0
42,3,2,0
27,1,1,0
33,1,0,0
46,0,1,0
41,0,2,0
49,3,2,1
39,1,2,0
33,2,3,2
43,1,1,0
32,0,2,0
28,2,6,1
27,1,2,0
45,2,4,1
47,0,1,0
33,0,3,1
43,0,0,0
51,0,1,0
49,3,1,0
36,0,2,1
36,1,0,0
47,3,0,0
33,3,2,1
30,0,3,0
45,0,4,2
32,1,2,0
25,0,2,1
35,1,1,0
38,2,1,0
48,1,1,0
37,1,2,0
44,2,2,0
38,2,2,1
32,1,1,0
48,1,4,1
37,1,0,0
41,1,3,0
34,1,0,0
29,1,2,0
40,5,2,1
32,0,0,0
31,0,2,1
35,1,1,0
40,0,2,0
41,0,1,0
28,1,2,0
42,0,2,0
41,1,2,0
46,0,0,0
44,0,1,0
43,0,2,0
33,0,4,0
47,0,0,0
29,0,4,0
29,1,2,0
40,2,0,0
33,0,3,0
34,0,3,0
40,0,1,0
41,3,0,0
19,4,4,3
31,2,1,0
54,0,2,0
37,0,2,0
37,0,3,0
53,1,0,0
29,2,1,0
23,1,1,1
46,1,5,2
46,1,1,0
42,2,1,0
37,1,1,0
43,0,2,1
33,4,2,1
29,3,5,0
34,0,0,1
47,1,0,1
37,4,5,1
37,1,1,0
49,1,0,0
31,0,0,0
38,2,2,0
40,2,1,0
36,1,0,0
44,1,0,0
32,2,1,0
36,2,0,0
38,0,0,0
39,1,1,0
38,0,0,2
33,1,4,1
43,1,3,0
47,0,1,2
43,0,1,0
34,2,2,0
50,1,1,0
36,1,1,0
27,0,2,0
41,1,1,0
43,1,0,0
50,0,1,1
28,1,1,0
35,0,1,0
40,0,2,1
33,1,6,0
41,1,2,0
38,1,2,0
38,0,1,1
49,0,5,2
27,1,0,1
42,1,2,1
33,0,0,0
32,0,0,0
40,1,3,0
40,0,0,1
32,1,0,0
37,0,1,1
35,1,1,1
38,3,1,0
37,2,1,1
28,1,1,0
36,1,2,1
34,3,0,0
31,1,2,1
29,1,2,0
29,3,5,1
38,0,3,0
37,1,1,0
31,0,1,0
32,0,0,0
23,2,0,0
32,0,3,1
38,2,2,0
44,0,1,0
33,1,6,1
35,0,0,1
32,0,1,0
48,0,1,0
36,1,0,0
28,2,3,4
45,3,2,0
40,0,2,0
34,1,10,0
38,1,2,0
44,4,1,0
41,2,0,0
45,0,1,1
41,1,3,0
38,1,2,1
33,0,6,1
34,1,2,0
45,0,2,1
28,0,4,2
38,0,4,0
37,4,8,0
39,0,3,0
38,3,4,0
34,1,0,0
39,0,0,1
26,1,9,0
30,1,1,0
37,3,2,0
46,4,0,0
31,2,0,2
38,0,0,1
27,1,5,3
40,0,2,0
43,0,4,0
39,0,2,0
48,0,2,0
45,3,7,1
37,1,3,0
39,1,5,1
45,1,1,0
43,0,5,0
29,2,3,0
29,2,2,0
38,0,0,2
25,0,0,0
39,1,2,0
24,0,1,3
36,2,4,3
37,0,0,0
30,0,2,0
43,0,3,0
42,2,4,0
35,1,0,0
38,0,1,0
43,0,1,0
38,2,0,1
45,2,2,0
36,0,1,0
37,3,2,0
33,0,2,0
43,0,0,0
37,0,0,0
48,0,0,0
46,0,0,0
35,0,2,0
37,0,3,0
39,0,0,0
52,1,1,0
26,1,0,0
30,1,3,0
32,0,1,0
39,0,2,0
38,1,3,1
44,2,0,0
30,0,1,0
37,0,6,0
42,1,1,0
38,1,0,0
40,1,1,1
33,0,2,1
33,1,0,0
31,0,3,1
37,0,1,1
32,0,3,0
39,2,4,0
36,2,1,0
42,1,0,1
26,0,2,0
41,1,3,1
42,0,1,1
46,6,3,0
46,0,1,0
37,0,1,0
43,0,1,0
48,0,0,1
41,1,3,0
37,0,0,0
47,0,0,0
32,0,0,0
54,0,0,1
41,2,1,0
32,1,7,1
43,0,0,0
28,0,5,0
39,1,1,0
40,1,1,0
30,3,7,0
35,1,1,0
30,3,1,0
39,1,2,0
38,1,0,0
44,1,0,0
32,1,2,0
32,2,6,2
48,0,0,0
32,1,1,1
48,0,1,0
38,1,1,1
27,0,2,0
38,1,0,0
39,1,1,0
33,1,2,0
37,0,3,0
29,1,8,0
34,1,5,0
39,4,0,0
41,1,1,1
40,0,3,1
44,2,1,0
44,0,2,0
33,0,1,0
42,0,2,0
38,0,2,1
32,2,2,0
34,0,1,0
19,1,2,2
33,1,0,1
32,2,8,1
41,1,3,0
34,1,0,0
40,0,0,0
34,0,0,0
40,1,0,0
49,3,1,0
39,0,2,0
36,1,0,0
38,3,1,0
35,1,0,1
39,1,5,1
33,0,2,0
38,0,0,0
43,0,1,0
43,0,1,1
34,0,3,0
39,0,1,0
27,1,2,1
30,0,11,0
39,1,3,0
34,2,3,0
45,0,1,0
39,2,4,0
32,1,1,0
26,0,6,3
44,1,1,0
43,5,2,0
46,0,1,0
32,0,2,0
37,0,4,0
43,0,1,0
38,2,2,0
35,3,1,0
36,1,5,1
24,1,4,3
39,2,0,0
42,2,0,1
37,0,1,0
32,3,4,0
48,1,0,1
44,1,1,0
33,0,1,0
32,1,2,0
25,0,4,1
37,4,1,0
51,2,1,1
43,0,3,1
31,0,2,0
41,2,0,0
38,1,1,0
41,2,1,0
33,0,3,0
31,2,1,0
29,0,1,1
43,1,0,0
40,4,1,0
36,0,4,0
38,0,0,0
36,2,5,0
43,0,0,0
34,0,0,0
38,0,1,0
22,4,1,0
39,0,1,2
35,0,6,0
39,0,2,0
46,0,0,0
34,2,0,0
41,0,2,0
40,1,0,0
44,1,1,0
29,1,2,0
27,0,5,2
42,1,6,1
33,0,2,0
37,1,2,1
33,3,7,0
34,0,3,0
47,0,2,0
36,0,0,0
31,1,2,0
36,0,0,0
35,0,2,0
40,1,0,0
31,0,0,0
29,2,6,2
48,0,1,0
34,3,1,0
31,0,2,0
51,0,0,0
36,0,4,0
40,1,4,0
37,2,2,0
35,2,0,0
35,3,4,1
48,0,2,0
37,0,1,0
43,2,1,0
38,0,7,0
44,3,4,0
38,1,4,0
41,1,3,0
37,2,3,1
46,1,4,1
49,0,4,0
37,0,2,1
42,1,3,0
29,0,0,0
45,0,3,0
28,1,1,0
40,0,2,0
26,0,5,0
35,1,5,1
26,0,4,0
36,1,1,0
41,1,10,0
37,1,1,0
32,1,0,0
33,0,0,0
44,2,0,1
32,0,1,0
36,1,0,0
40,0,5,0
35,1,5,0
23,3,1,0
27,1,1,0
25,2,0,0
35,1,2,2
37,1,1,0
34,0,3,0
37,1,2,0
32,3,5,1
44,0,0,1
36,0,2,0
34,0,0,0
33,0,8,2
42,0,0,0
31,1,1,0
34,2,0,1
41,1,1,0
46,0,3,0
42,2,2,0
31,1,0,0
37,1,3,0
45,1,1,0
32,0,1,0
42,0,0,0
32,1,1,0
35,0,3,1
32,0,0,1
40,1,4,0
38,1,3,0
52,0,0,0
31,2,4,0
41,2,1,1
34,1,2,0
35,0,0,0
38,0,1,1
38,2,0,0
36,1,0,0
42,0,0,0
42,0,6,0
28,0,0,0
27,0,1,1
29,0,3,0
31,4,3,0
31,0,2,0
37,1,1,0
36,1,0,1
39,0,3,0
28,0,3,0
41,0,0,0
36,0,1,2
33,1,7,0
47,0,1,0
36,2,0,0
41,1,2,0
36,0,4,1
42,1,1,0
27,0,0,0
40,1,0,0
51,2,2,0
44,1,2,0
32,4,0,0
43,2,4,0
32,0,2,1
44,4,7,0
33,0,0,0
44,3,2,1
38,0,2,0
34,0,6,0
30,0,2,0
38,0,1,0
36,1,2,0
34,1,3,0
32,0,1,1
33,0,1,0
31,1,1,0
40,1,0,2
41,0,1,0
33,2,1,0
24,0,8,0
41,0,3,0
42,0,0,1
34,0,5,2
36,1,2,0
35,0,1,0
30,1,1,1
32,0,1,0
35,0,2,0
34,0,5,1
33,0,1,0
38,0,8,0
44,0,0,0
37,0,1,0
43,0,2,1
46,2,2,0
31,0,11,1
39,0,0,0
34,0,0,0
31,0,0,0
39,2,1,0
28,1,3,1
37,2,0,0
42,1,0,0
30,0,1,0
29,0,5,2
34,0,1,1
37,1,1,0
51,0,3,0
31,2,3,2
49,2,3,0
44,1,3,0
31,0,1,0
46,0,3,1
30,0,4,1
45,0,1,0
45,1,0,0
49,0,3,0
40,0,1,0
37,0,2,0
34,2,5,0
35,0,1,0
45,2,3,0
25,1,4,1
31,0,2,1
41,0,2,0
36,2,1,0
44,1,5,1
36,2,4,0
35,1,1,0
37,0,3,0
39,1,0,0
35,0,0,0
41,0,1,0
36,1,3,0
42,3,1,2
48,0,1,1
36,0,1,1
42,1,2,0
45,1,0,0
34,0,2,1
36,1,0,0
32,0,1,1
39,5,0,0
40,1,0,0
26,0,5,1
40,0,0,0
41,1,1,0
38,0,6,0
35,0,2,0
33,2,1,0
33,1,5,1
37,1,1,0
32,2,3,0
31,0,4,0
43,0,0,0
37,0,0,0
41,1,2,0
39,0,0,0
37,1,1,0
49,1,0,2
40,1,1,0
49,0,2,0
33,1,3,0
35,0,7,1
36,1,1,0
31,0,1,0
37,0,5,1
37,1,3,0
39,0,3,1
28,0,0,0
28,0,2,0
31,0,4,1
35,1,1,0
23,1,5,0
30,0,3,0
36,0,0,0
45,2,1,0
30,2,5,0
29,0,0,0
38,0,3,0
31,2,0,0
35,6,0,1
45,1,1,0
42,1,3,2
30,0,1,0
36,0,1,0
37,1,1,0
29,2,3,0
39,0,2,0
46,1,1,0
32,1,3,1
35,0,1,0
36,0,0,0
41,2,2,0
36,2,1,1
41,0,0,0
47,1,1,0
33,0,0,0
30,0,2,0
40,0,1,0
23,1,4,0
37,1,2,0
37,0,0,0
43,0,2,0
41,1,1,0
26,1,1,0
42,1,2,0
52,1,2,0
43,2,3,0
26,1,4,2
46,1,0,0
37,0,0,0
45,1,3,0
30,0,12,0
35,1,3,0
56,0,2,0
28,0,2,0
40,2,0,0
33,0,10,0
39,0,2,0
34,0,2,0
40,1,0,0
42,3,1,0
32,1,5,1
26,1,1,0
29,0,4,1
39,0,1,0
47,0,1,0
41,0,4,0
33,2,1,0
41,0,2,0
28,2,1,0
39,0,0,0
34,0,0,0
39,1,1,0
33,0,3,0
38,0,1,0
31,1,1,1
36,0,0,0
33,0,1,0
39,1,0,0
38,1,2,0
27,1,1,0
40,0,2,0
33,0,2,0
35,0,3,0
41,0,1,0
34,1,1,0
50,1,2,0
27,0,6,0
38,2,3,0
27,0,1,0
33,2,1,0
32,1,0,0
42,0,3,0
39,2,5,1
33,2,1,0
28,1,1,0
36,3,1,0
48,0,1,0
38,0,0,0
40,0,0,0
36,0,0,0
35,0,1,0
35,1,1,0
45,1,0,0
30,3,1,1
45,0,2,0
49,2,3,1
39,1,2,0
40,0,1,0
30,0,4,0
36,0,0,0
32,1,1,0
37,0,2,1
39,1,2,0
33,1,2,0
27,0,0,0
34,0,2,0
26,0,2,0
34,1,0,1
25,1,0,0
39,1,1,0
43,1,3,1
29,0,2,0
34,1,3,0
38,1,2,2
26,0,1,0
40,1,3,1
40,0,2,1
38,1,0,1
38,1,1,0
38,2,1,0
43,2,1,0
43,0,1,0
43,0,1,0
31,0,4,1
36,1,1,0
35,1,3,1
42,1,3,0
36,2,5,0
39,0,0,0
35,2,0,0
37,0,3,0
25,0,1,0
37,0,0,0
46,3,2,0
47,3,2,0
39,3,6,1
32,0,0,0
45,3,2,0
40,1,1,1
42,0,1,0
39,0,1,0
31,3,6,1
34,1,2,0
33,0,3,0
36,0,2,0
36,1,1,0
34,0,2,0
32,0,3,0
31,0,4,1
40,0,2,2
34,2,4,2
40,3,0,1
42,1,0,1
41,1,1,0
44,0,2,0
41,1,2,0
34,3,1,1
38,1,2,0
50,0,1,1
41,0,1,0
35,0,2,0
45,0,0,0
43,0,1,0
37,2,3,2
39,0,1,0
44,2,1,0
35,1,0,1
36,1,3,0
38,0,0,0
29,0,3,0
41,0,3,1
41,0,0,1
38,2,0,0
39,0,4,0
52,0,0,0
33,1,0,1
40,0,2,0
30,1,6,0
37,1,0,0
37,3,3,1
39,0,1,0
39,0,0,1
34,0,1,1
42,0,0,0
38,0,0,1
40,0,1,0
40,1,0,0
34,0,2,1
30,1,4,0
32,0,3,0
43,2,1,1
25,1,1,0
30,1,5,0
29,0,1,0
40,1,3,0
46,0,1,1
31,2,0,0
30,1,4,2
38,2,0,0
35,1,2,0
38,2,1,0
59,0,1,0
31,2,7,1
29,1,5,1
42,1,5,0
25,2,0,0
38,1,1,0
22,0,5,1
50,0,1,0
34,1,2,0
37,1,2,0
25,0,3,2
36,1,1,0
30,2,6,0
35,0,4,1
40,0,4,0
43,0,0,0
48,2,2,0
35,2,2,1
35,0,0,2
28,1,4,2
34,0,2,0
40,0,3,0
24,1,1,0
33,2,10,0
36,1,1,0
31,1,3,0
41,0,0,0
27,0,10,2
36,0,2,0
40,1,2,0
46,0,3,0
29,0,6,0
35,0,0,0
38,1,0,1
57,1,1,0
36,0,6,0
44,1,0,0
36,0,2,0
43,0,3,0
43,0,0,0
37,0,2,0
39,0,1,0
36,0,6,2
32,1,4,0
41,0,7,0
39,3,2,0
40,1,0,0
38,0,0,0
37,0,0,0
27,1,2,0
45,3,6,1
38,2,2,0
35,0,2,0
40,0,1,0
30,1,10,0
31,2,2,0
36,0,4,1
31,0,1,0
37,4,1,0
41,1,2,0
34,0,1,1
38,0,0,0
44,2,2,0
36,0,2,0
42,0,1,2
30,1,1,0
38,1,7,1
33,0,7,1
32,0,2,0
45,1,0,0
52,0,1,0
46,1,1,0
44,2,1,1
28,0,9,1
37,1,2,0
37,1,1,1
44,1,2,0
36,3,2,1
31,2,0,0
49,0,1,1
36,1,3,0
50,0,2,0
32,1,1,0
40,0,1,0
38,0,2,0
42,0,0,0
37,2,2,0
30,2,0,0
33,1,6,0
31,4,5,2
24,2,4,0
32,1,1,1
46,1,2,0
34,2,1,1
26,0,2,0
38,2,1,0
48,1,1,0
30,3,6,0
38,2,6,0
41,0,0,0
50,0,1,1
25,1,4,0
44,1,6,0
54,1,0,0
38,0,2,0
27,0,1,0
29,1,3,0
40,1,2,0
42,0,1,0
56,0,2,0
37,1,1,0
38,0,3,0
36,1,0,0
31,2,7,1
29,1,0,1
48,2,0,0
48,2,2,0
30,1,4,1
39,1,4,0
34,0,5,0
41,0,2,1
45,3,8,1
45,1,1,0
33,1,2,2
29,0,1,0
34,0,1,0
34,2,5,1
34,1,2,0
30,1,0,1
38,0,6,0
28,1,2,0
46,0,2,0
43,0,0,0
42,0,0,1
31,0,2,0
46,1,0,0
44,1,3,0
45,2,0,0
32,0,8,1
30,2,0,0
33,2,7,0
51,1,7,2
38,0,6,0
35,2,1,0
33,2,5,0
32,0,2,0
40,2,1,0
34,0,2,0
30,1,3,0
30,1,2,0
42,1,1,0
49,1,1,1
27,3,5,0
48,0,0,0
30,3,2,2
37,0,0,0
43,1,1,0
31,0,0,0
33,0,1,1
30,1,1,0
32,0,0,0
34,2,4,0
33,0,4,0
42,0,1,0
37,2,2,0
34,1,0,0
40,1,4,1
38,2,2,0
40,1,0,0
38,1,1,1
40,1,0,0
39,1,1,0
28,1,6,1
36,1,4,1
41,2,0,1
47,1,2,0
40,0,0,0
43,2,1,1
24,1,6,1
27,1,2,0
28,0,9,0
33,3,1,0
35,0,1,0
38,2,1,0
53,1,1,0
45,1,1,0
48,1,4,0
39,1,3,0
25,1,3,2
33,0,0,0
43,0,1,0
45,0,0,0
28,2,7,0
41,4,3,0
29,0,3,0
32,1,1,0
41,0,1,0
44,1,1,0
27,0,1,0
32,0,3,0
37,0,4,0
42,2,3,0
43,0,1,0
42,2,5,0
30,2,1,0
40,0,2,0
38,2,3,0
44,1,0,0
29,0,5,0
31,4,5,2
34,0,0,0
29,1,0,1
31,0,2,0
42,0,0,0
42,0,3,1
36,1,2,0
39,1,1,0
47,1,3,0
35,1,3,0
39,0,4,0
39,0,0,0
34,2,2,0
58,3,0,0
28,1,1,0
42,2,1,2
45,0,1,0
27,1,5,3
41,2,1,0
33,0,4,0
30,2,4,0
37,1,0,0
35,0,2,0
39,0,1,0
38,0,0,0
42,0,0,0
35,1,1,0
51,2,2,0
34,0,1,0
23,0,1,0
35,0,0,0
41,4,7,0
37,0,1,0
33,1,1,0
41,3,2,0
43,1,2,0
30,1,4,1
37,0,2,0
25,0,3,1
38,0,1,0
39,0,1,1
47,1,6,0
35,1,5,0
36,0,0,1
35,2,3,0
51,1,0,0
36,1,7,2
37,1,2,0
31,1,1,2
34,1,2,0
33,0,1,0
32,0,1,0
40,1,1,0
31,0,0,0
39,0,2,0
40,0,2,0
43,1,3,0
35,1,6,2
35,1,2,0
36,0,1,0
31,2,4,0
44,3,2,0
38,0,1,2
40,0,4,1
44,0,2,0
38,1,3,2
29,0,0,1
45,0,1,0
26,3,0,0
48,0,1,0
42,0,0,1
46,0,3,0
37,0,1,0
37,0,2,0
42,0,1,1
30,0,9,2
29,1,1,0
38,0,7,0
35,0,2,0
41,0,0,0
36,2,3,0
34,0,3,0
40,2,0,0
51,1,2,0
40,1,0,0
29,1,1,0
40,1,0,0
34,1,4,0
32,0,1,0
44,2,1,0
37,0,3,0
32,1,6,0
37,0,2,0
46,0,1,0
43,1,4,0
31,0,6,1
39,1,2,0
33,2,3,2
25,1,2,0
30,0,1,0
32,2,1,1
37,1,0,0
48,2,0,0
38,0,1,1
40,0,1,0
29,0,1,0
39,2,4,1
43,1,0,0
38,2,2,0
26,1,1,0
49,1,2,0
30,1,1,0
40,0,1,0
41,2,1,1
43,0,2,0
32,1,7,1
42,0,0,0
34,0,1,0
45,0,3,1
37,0,1,0
42,0,1,0
32,1,4,0
47,1,1,0
34,0,7,0
35,1,3,2
48,1,2,0
39,1,3,1
31,2,4,0
39,0,0,0
49,1,1,0
25,1,0,2
34,0,3,1
31,0,5,2
35,0,1,0
35,0,2,0
27,2,3,1
39,1,3,0
42,2,2,0
42,0,0,1
43,1,6,1
49,0,0,0
36,0,0,0
47,1,1,0
36,0,1,2
33,0,0,0
39,1,0,0
35,0,6,1
37,1,10,1
45,1,0,0
37,0,1,0
39,2,2,0
50,0,0,0
38,2,1,0
45,2,1,0
42,2,1,0
39,0,0,0
47,0,0,0
26,0,2,0
47,0,0,0
38,1,2,0
38,0,0,0
19,1,1,1
37,0,2,0
28,1,1,0
37,1,7,0
41,1,2,0
35,0,2,1
40,0,2,0
27,2,2,0
45,3,1,0
36,0,1,0
33,4,0,2
37,0,1,1
36,1,1,1
32,1,1,0
38,3,0,0
32,0,1,0
34,2,3,0
37,0,1,1
37,1,3,0
49,0,1,0
49,0,1,0
31,2,4,1
35,2,1,0
33,0,1,0
32,1,1,0
39,0,1,1
33,1,4,2
28,0,1,0
47,0,1,0
35,1,1,1
44,0,1,0
33,2,2,0
30,0,6,0
33,1,2,0
39,1,1,0
37,1,1,0
36,1,0,0
31,2,1,0
35,2,3,0
38,0,1,0
23,1,9,0
57,0,1,0
34,0,1,0
40,0,3,1
46,1,1,0
45,0,0,0
32,1,0,0
41,0,0,0
37,1,0,0
28,0,0,0
34,0,1,0
31,2,4,0
38,2,5,1
40,0,3,1
35,1,0,0
45,1,1,0
56,1,1,0
35,2,0,0
52,1,0,0
41,0,2,0
42,0,0,0
32,2,8,1
46,1,1,1
42,3,0,0
39,3,1,1
38,6,5,1
42,0,2,0
36,1,2,0
43,1,2,0
44,0,1,0
33,0,1,0
37,1,2,1
42,1,0,0
37,0,0,0
34,2,4,1
36,2,5,2
36,1,1,1
45,1,1,0
42,0,1,0
38,1,1,0
19,1,6,2
42,0,2,1
52,3,1,0
38,0,3,0
36,1,3,2
35,0,1,0
28,0,0,0
39,0,3,0
34,0,2,0
23,1,4,2
34,0,2,0
43,2,0,0
43,0,0,0
34,1,2,0
43,1,1,1
33,0,4,0
32,0,1,0
25,0,1,0
28,0,6,1
41,3,1,1
31,2,0,0
33,2,0,0
44,1,0,0
45,1,4,0
40,0,1,0
27,1,2,1
39,1,0,0
34,0,2,0
36,2,3,1
37,0,0,0
42,1,0,0
40,0,2,1
34,0,8,1
37,1,5,2
46,1,0,0
37,0,3,1
36,2,4,2
39,3,0,1
38,1,2,1
38,0,3,0
41,1,3,0
39,2,2,1
48,0,0,0
32,2,2,1
38,1,4,1
43,0,1,0
31,1,2,1
43,1,2,1
41,1,1,0
29,0,0,0
32,0,2,0
40,0,0,1
42,0,3,0
43,0,1,1
44,2,5,2
35,0,1,0
33,1,0,0
41,0,3,0
50,1,2,0
31,1,2,0
34,0,0,0
39,1,0,1
40,0,2,1
41,0,2,0
44,0,0,0
43,1,1,0
33,2,6,1
49,1,2,1
36,0,0,0
34,1,3,0
30,0,4,1
36,0,1,0
38,0,3,1
38,2,1,0
38,0,1,1
41,1,0,0
39,1,1,0
39,0,8,2
30,1,3,0
46,0,1,0
35,0,1,0
37,0,2,1
41,2,0,0
39,0,1,0
37,0,1,0
38,1,0,0
35,0,1,0
29,1,8,1
43,0,0,0
42,0,2,1
25,1,1,0
24,0,5,0
33,1,1,0
38,1,1,0
38,0,1,0
35,0,2,0
42,0,1,0
30,1,10,0
46,0,1,1
37,0,2,0
26,0,6,0
38,0,2,1
41,1,0,0
39,1,0,1
42,1,2,0
33,1,0,0
40,1,0,1
36,0,1,0
38,0,3,0
41,0,0,1
40,0,1,1
32,1,0,0
23,4,2,1
28,0,3,1
37,1,1,0
29,0,1,0
38,1,1,0
40,2,2,0
37,0,4,0
39,1,1,0
31,0,2,0
36,2,0,0
39,0,2,0
44,0,2,0
32,1,0,0
28,3,3,2
48,1,2,0
39,0,2,0
47,0,0,0
34,1,3,0
30,2,3,2
31,0,3,0
37,0,1,0
35,2,0,0
31,1,3,1
42,0,7,0
24,3,4,0
40,2,1,0
34,1,0,0
32,1,6,0
40,1,0,0
36,0,0,1
42,0,1,0
34,0,1,2
36,1,2,0
29,0,2,1
26,1,2,0
40,0,0,0
35,0,0,1
37,3,2,0
34,1,2,0
45,3,3,0
33,2,2,1
36,1,2,0
53,0,0,0
43,1,1,0
43,0,0,1
36,1,4,1
44,0,3,0
27,0,0,0
33,1,3,1
30,2,11,1
23,1,0,0
38,2,1,0
47,0,2,0
23,1,2,0
28,2,1,0
39,1,3,1
37,1,3,1
35,1,4,0
37,0,1,0
50,0,1,1
33,0,0,0
48,2,0,0
40,1,2,0
33,1,1,0
27,1,5,1
34,1,1,0
29,0,0,0
33,2,5,0
38,0,5,0
42,2,0,0
42,0,0,0
32,0,2,0
47,0,2,0
28,1,4,2
38,0,0,0
30,2,1,0
31,0,8,0
46,0,2,0
33,0,1,0
37,3,0,0
39,1,2,0
36,1,0,0
35,2,1,0
48,0,1,0
53,1,1,0
40,1,3,0
37,0,2,0
26,0,1,0
30,2,1,1
40,0,0,0
47,0,1,0
38,0,0,0
52,1,0,0
39,0,2,0
43,1,5,1
40,0,1,0
29,0,1,0
34,0,3,1
32,1,2,0
35,1,3,0
39,2,0,0
33,0,0,1
38,1,2,0
47,0,0,0
42,1,5,1
21,2,6,1
31,1,7,3
39,2,1,0
40,0,2,0
47,1,0,1
42,1,2,0
45,1,1,0
40,0,3,1
47,0,2,0
46,1,0,1
36,1,5,0
30,1,2,0
38,0,0,0
35,0,1,0
40,1,2,1
42,2,7,0
50,1,2,0
35,0,3,0
33,0,0,0
40,0,4,0
36,1,2,1
37,0,0,0
43,0,2,0
40,2,2,1
33,2,4,0
37,0,2,0
41,1,4,0
43,0,1,0
38,1,0,1
30,0,0,1
29,0,1,1
44,0,0,1
39,0,1,0
27,2,6,0
38,0,5,0
37,1,1,0
34,0,0,0
33,0,0,0
34,0,0,0
47,0,1,0
35,0,2,1
49,0,2,1
52,0,2,1
27,1,4,0
36,2,0,0
39,2,3,1
27,1,1,0
36,1,9,2
35,0,3,0
37,1,5,0
34,0,5,0
42,2,2,1
39,1,2,0
36,1,0,0
40,0,1,0
34,2,6,0
42,0,2,0
38,0,1,1
43,1,4,0
36,0,2,1
33,0,0,0
40,1,6,0
29,0,1,0
38,0,1,0
34,0,1,1
48,1,4,0
35,2,3,0
38,0,1,0
33,0,1,0
37,1,2,0
45,2,3,3
41,0,0,0
38,1,1,0
44,0,4,0
29,1,2,1
28,1,0,0
33,2,1,0
23,1,4,2
42,0,4,0
43,2,0,1
28,0,4,2
40,2,0,0
39,0,2,0
41,0,0,1
36,0,1,0
34,1,3,0
40,2,3,0
33,0,0,0
32,0,8,0
32,3,9,1
24,0,0,0
31,3,1,0
33,0,1,0
53,0,1,0
41,0,1,0
41,2,1,0
53,1,3,0
40,1,3,1
35,0,1,0
37,1,2,0
37,0,1,0
32,1,0,0
32,3,1,0
46,0,2,0
39,0,1,0
30,1,2,1
43,0,3,1
39,3,1,1
35,2,8,3
38,0,3,1
38,1,3,2
31,0,2,0
26,1,3,1
60,3,0,0
29,1,0,0
29,0,6,1
30,1,5,0
29,1,2,0
41,0,3,0
38,0,0,0
44,1,1,0
41,1,2,1
37,2,5,4
44,0,0,0
37,0,2,0
43,1,1,3
40,0,1,1
34,1,2,0
24,0,2,1
38,0,1,0
45,1,0,0
45,0,2,0
42,0,0,1
42,0,4,0
43,0,1,0
34,4,7,1
32,1,3,1
30,2,0,0
25,0,1,0
37,2,2,0
41,0,1,0
37,1,0,0
32,0,0,0
48,1,2,0
39,1,0,0
29,2,1,1
25,0,3,2
33,1,1,1
35,1,3,0
46,1,0,1
38,1,1,1
43,1,1,0
43,0,1,0
39,3,1,0
33,0,1,0
27,0,5,1
39,0,0,0
35,1,0,0
33,4,1,0
32,0,1,0
31,0,10,1
30,1,1,0
42,0,1,0
35,0,2,1
40,0,2,0
40,0,0,0
37,1,2,1
31,0,2,1
35,1,0,0
36,0,3,0
39,2,1,0
30,0,1,0
30,2,0,0
49,1,1,0
43,0,6,0
24,0,7,0
30,1,1,0
47,1,1,0
20,3,5,0
28,1,0,0
38,0,2,1
39,1,0,0
50,0,0,0
27,1,4,0
38,1,1,0
35,1,0,1
34,1,0,0
41,1,3,0
43,2,0,0
25,1,1,1
42,0,2,0
39,1,2,1
40,0,0,0
46,3,5,0
44,0,0,0
45,1,1,0
35,1,1,0
48,0,1,0
32,2,2,1
41,1,1,0
38,1,1,0
41,0,0,0
35,1,7,2
45,0,1,1
40,0,5,0
44,1,0,0
36,1,0,0
31,1,8,1
42,1,0,1
37,1,2,0
30,0,3,0
31,0,1,0
32,0,1,0
39,0,2,1
31,1,2,4
23,1,6,0
34,3,0,1
39,2,2,0
48,1,9,0
47,0,0,0
28,3,1,1
42,0,1,0
37,2,2,0
42,0,3,0
43,3,1,1
36,0,1,0
28,3,4,1
41,1,0,0
31,1,2,0
34,1,4,0
35,0,1,0
39,2,0,0
53,0,0,0
44,0,2,0
34,0,3,0
29,1,4,1
39,0,0,0
30,2,3,0
28,1,11,0
47,2,1,0
43,0,1,0
43,0,1,0
38,0,3,0
44,3,1,0
40,1,2,1
44,0,2,0
35,5,3,1
32,1,3,0
42,0,4,0
33,1,2,0
43,0,1,0
36,1,2,0
28,2,5,1
29,1,0,0
37,2,0,0
25,2,2,0
30,2,2,1
45,0,2,0
35,1,1,0
33,1,0,0
31,2,7,1
35,1,2,1
33,0,0,0
32,1,2,0
44,0,1,0
49,3,1,1
46,0,1,0
22,3,0,1
44,4,3,0
36,1,6,0
29,1,6,0
56,2,3,0
36,1,1,0
38,1,2,0
32,0,0,0
43,0,2,0
33,1,0,0
40,1,4,0
39,1,2,0
36,0,0,0
28,1,2,0
47,1,0,2
37,1,0,0
32,0,1,0
31,1,5,1
45,1,2,1
37,0,3,0
26,1,0,0
35,0,1,1
34,2,1,0
42,2,2,1
36,0,0,2
40,1,1,0
44,1,2,0
47,0,1,1
33,1,0,0
34,3,4,1
39,4,2,0
38,3,3,0
36,2,1,0
29,1,8,1
44,0,1,1
36,0,2,0
40,4,1,0
34,0,11,3
39,2,4,0
46,3,0,0
35,2,0,1
28,3,5,1
25,0,6,0
38,1,6,1
42,1,1,0
42,1,3,0
32,1,4,0
33,0,1,1
27,1,4,0
51,1,1,0
36,1,2,0
47,0,2,0
36,1,1,1
50,0,1,2
39,0,1,0
30,4,2,0
44,0,1,1
32,1,5,0
46,2,1,0
36,0,5,1
38,1,1,0
39,1,1,0
48,1,1,1
45,2,1,0
48,1,1,1
38,2,2,2
33,0,0,0
29,1,2,0
28,0,6,1
28,0,2,0
35,0,1,0
43,2,0,1
25,1,9,1
39,1,2,1
28,0,1,0
39,0,0,0
45,0,0,2
42,1,0,0
38,0,0,0
39,0,2,2
33,1,1,0
39,0,8,0
38,0,2,1
47,1,0,0
29,0,0,0
27,1,1,0
42,0,1,0
44,0,1,0
41,0,3,1
34,4,10,0
40,0,3,0
42,1,0,0
43,0,1,0
39,0,1,0
29,0,0,0
35,0,4,0
36,3,5,0
25,2,1,1
43,1,1,1
46,1,0,0
36,1,3,0
36,2,0,0
51,2,0,0
42,2,1,0
49,0,2,0
24,2,7,1
44,0,0,0
32,0,2,0
41,4,1,1
37,1,0,0
40,0,1,0
36,0,1,2
31,1,2,1
28,0,0,0
37,0,2,0
46,1,0,1
43,0,1,0
51,0,1,0
45,0,1,1
38,3,2,2
35,1,3,1
33,1,1,0
40,5,2,0
40,1,1,0
27,0,1,0
37,0,6,0
41,0,3,0
35,1,0,0
37,0,2,1
36,1,0,0
33,2,1,0
36,2,2,0
39,0,0,0
42,1,1,0
31,1,1,0
26,0,0,0
39,0,1,0
34,0,0,0
44,1,1,0
32,0,2,0
38,1,1,1
41,1,1,0
51,0,1,0
32,1,3,1
29,0,0,0
30,2,5,1
38,1,2,0
38,1,3,2
29,0,2,1
34,1,0,0
33,1,2,1
26,2,2,0
35,0,1,0
24,3,5,0
34,1,0,0
34,1,2,0
38,0,0,1
35,1,2,0
50,0,0,0
45,0,0,0
27,1,2,1
32,0,0,0
41,1,0,2
46,1,2,0
40,0,2,0
38,0,1,1
35,1,5,2
31,2,3,0
38,0,3,0
46,2,2,1
36,0,0,0
45,1,0,0
45,2,2,1
30,0,9,1
37,0,3,0
27,0,3,0
40,1,4,1
28,1,1,0
37,0,3,0
28,1,3,2
40,1,2,0
41,0,2,0
41,3,2,0
50,0,1,0
41,0,0,0
29,1,0,0
46,0,3,0
35,1,0,0
51,2,0,0
36,0,3,0
48,0,3,1
46,1,3,1
36,0,2,1
35,1,1,0
34,1,3,1
31,0,2,0
42,0,0,0
41,2,1,0
43,1,1,0
35,1,4,2
31,4,2,0
44,0,0,0
37,0,0,0
42,0,2,0
26,0,0,0
48,1,2,0
41,0,2,0
37,0,1,0
22,1,4,1
36,1,7,1
39,0,0,0
43,0,1,0
34,0,4,0
31,0,3,2
43,1,3,0
40,0,0,0
41,0,0,0
33,0,1,0
32,0,1,0
37,2,3,0
43,0,0,1
46,1,0,0
33,1,0,1
39,0,1,0
29,2,3,0
48,1,1,1
43,0,5,0
34,0,2,0
38,0,2,0
31,2,5,0
30,0,0,0
36,0,1,0
36,2,1,0
25,0,1,0
36,0,1,0
33,3,4,2
28,1,8,1
45,3,4,0
28,2,0,0
30,1,8,2
33,1,2,0
30,0,4,0
36,2,2,1
50,2,1,0
21,1,0,1
41,0,1,0
38,0,5,0
45,0,1,0
37,1,2,0
38,1,2,0
35,1,0,0
33,0,4,0
36,2,1,0
41,0,1,0
33,1,2,1
42,3,1,0
34,2,0,0
33,2,1,2
36,0,3,0
41,2,0,0
32,1,5,0
41,1,0,1
31,2,4,0
44,1,1,0
25,1,6,1
34,1,1,0
30,3,10,0
28,3,3,0
39,0,0,0
42,0,2,1
45,1,1,0
30,3,5,0
33,1,3,1
37,1,2,0
37,0,1,0
47,0,1,0
37,1,1,0
45,0,3,1
33,1,2,0
41,1,1,0
32,0,1,1
42,1,2,0
37,0,2,0
35,1,1,0
36,1,0,1
48,1,2,1
25,1,1,1
42,1,2,0
47,0,3,0
34,0,0,0
44,0,0,0
36,2,2,0
38,0,3,0
32,1,1,0
34,1,2,0
36,0,4,0
30,0,0,0
34,0,4,0
41,1,3,0
43,0,5,0
29,1,1,0
43,0,0,0
39,0,5,0
37,0,1,1
34,0,1,0
36,1,0,0
35,0,2,0
40,0,3,0
42,0,1,0
48,1,0,3
46,2,1,0
47,1,2,0
30,0,1,0
43,1,4,0
33,0,0,0
31,0,2,0
40,0,1,0
27,1,1,0
36,0,1,1
50,2,2,0
31,0,3,1
46,0,0,1
36,0,0,1
42,1,0,0
48,0,3,1
47,1,0,0
37,1,0,0
43,2,0,0
34,2,1,1
53,1,3,0
43,0,1,0
32,0,0,1
44,0,0,0
25,1,2,0
31,1,2,0
22,3,5,2
46,2,1,0
37,1,3,0
39,2,1,1
33,2,1,0
42,0,1,0
43,2,0,0
49,2,1,0
41,1,6,1
37,1,1,2
42,0,3,1
38,0,0,0
40,1,2,0
47,0,0,0
39,2,7,2
35,1,4,0
39,0,4,0
30,1,2,0
40,2,1,0
47,2,2,0
40,0,0,0
28,0,2,2
42,1,1,0
35,0,1,0
52,1,0,1
35,2,1,0
40,3,3,1
25,0,2,1
42,0,9,1
39,0,1,0
32,2,2,0
37,1,2,0
44,1,1,0
30,2,6,1
49,1,1,0
35,1,3,0
28,1,2,0
39,0,2,2
32,0,4,0
32,0,0,1
36,0,1,0
39,1,2,0
36,0,0,0
40,0,1,0
41,0,2,0
23,1,3,0
34,0,0,0
33,2,3,1
34,2,0,0
31,1,5,2
43,1,2,0
40,0,1,0
33,0,2,0
37,1,10,1
45,0,1,0
34,2,1,0
34,0,3,0
30,1,4,0
43,1,0,0
35,1,2,0
32,1,1,0
31,0,1,0
43,1,1,0
37,0,4,0
25,0,3,0
36,0,4,1
33,6,1,0
36,2,2,0
30,4,5,1
28,0,0,0
51,0,1,0
34,1,1,0
34,0,0,0
46,2,1,2
41,1,0,0
46,0,0,0
30,2,2,0
27,0,8,0
47,0,3,0
39,2,2,0
40,1,4,1
27,0,3,0
45,0,0,0
34,0,1,1
33,0,2,1
39,1,1,0
27,0,1,0
38,3,2,0
46,0,4,0
44,0,0,1
37,0,1,0
37,3,3,0
36,1,3,0
29,2,0,0
40,2,1,1
38,2,3,0
34,0,1,0
32,1,5,2
39,1,2,1
31,0,1,0
36,3,4,0
29,2,1,0
32,1,3,0
36,0,2,1
42,3,1,0
27,1,2,0
29,0,0,0
38,0,2,0
35,1,3,0
34,1,6,0
43,0,1,0
39,1,0,0
46,2,1,0
33,4,0,0
35,0,0,0
38,1,0,0
46,1,1,0
41,1,1,0
30,0,1,0
41,0,2,1
46,0,1,0
34,2,1,2
36,1,1,0
38,0,0,0
28,0,1,0
33,0,0,0
37,1,3,0
32,1,1,0
41,1,2,2
28,1,3,0
37,1,1,0
51,3,2,1
42,2,1,0
44,0,3,0
41,0,0,0
44,0,0,0
37,1,1,1
46,0,9,0
34,2,0,0
43,0,1,0
35,3,1,0
30,1,0,0
38,1,7,1
35,1,2,0
32,0,1,1
36,1,1,0
45,0,0,0
38,1,1,0
39,0,1,0
44,0,2,0
36,0,1,0
34,0,1,0
26,0,7,3
42,0,2,0
40,0,1,0
40,0,0,0
38,0,3,0
43,1,3,0
33,1,4,0
32,0,4,2
31,1,0,0
30,0,6,1
32,0,0,0
39,1,2,0
27,1,1,1
33,1,8,0
29,1,1,0
41,0,2,0
32,1,0,0
43,1,1,0
41,0,2,0
29,2,1,2
34,2,7,0
40,1,2,0
30,0,1,0
38,0,1,1
30,2,0,0
50,0,1,0
37,0,0,0
45,2,0,0
32,2,4,0
30,1,1,1
37,4,2,1
34,1,2,0
39,1,0,1
32,0,1,0
34,0,1,0
33,2,2,0
29,1,6,2
38,0,2,0
36,0,0,0
41,1,4,0
27,2,6,1
45,0,0,0
44,0,0,0
33,2,1,0
40,0,1,0
42,0,5,0
25,1,2,1
48,2,1,0
33,1,2,0
42,1,1,0
31,2,2,1
30,2,0,0
42,1,1,0
39,0,1,0
38,0,1,0
39,1,5,0
35,0,5,2
35,0,4,0
52,1,2,0
38,2,3,0
36,1,1,0
54,1,2,0
41,0,1,0
32,0,4,0
37,0,1,0
43,1,2,1
29,2,1,1
37,0,1,0
32,0,2,3
41,4,3,0
41,1,0,0
27,0,5,1
36,1,1,1
45,0,0,0
36,0,0,0
37,1,0,0
33,0,2,0
47,0,2,0
36,1,0,1
39,0,1,0
32,4,4,1
31,1,0,0
28,4,7,1
38,0,2,0
27,1,1,0
40,0,4,1
33,1,4,0
39,1,0,0
28,2,7,1
39,1,2,0
43,1,1,0
37,0,1,0
37,3,0,1
42,2,0,0
43,1,3,0
26,1,1,1
27,2,5,0
30,1,0,0
45,0,1,0
44,1,0,0
31,0,0,0
34,0,2,1
34,0,11,0
35,0,7,1
36,1,3,1
33,2,4,0
41,1,0,0
42,0,2,0
35,3,0,1
47,1,1,0
39,0,2,1
33,1,0,0
36,0,1,0
43,2,10,2
36,0,1,0
43,0,2,0
26,1,7,0
32,0,2,0
39,2,0,0
48,0,0,1
28,1,4,0
35,1,0,1
33,1,4,0
36,0,1,0
40,1,2,1
32,2,5,0
37,1,4,1
46,1,1,0
31,0,4,1
44,1,0,0
36,0,7,2
47,0,0,0
34,2,0,0
37,1,0,0
48,1,3,0
45,1,0,0
53,0,2,0
51,2,1,0
33,0,6,1
36,0,2,0
32,0,4,0
35,0,1,0
41,0,2,0
38,0,2,0
31,0,1,0
31,2,2,0
39,0,1,0
31,2,1,0
40,2,2,0
37,2,4,0
42,0,2,1
49,1,2,0
36,0,0,0
38,0,1,0
32,1,9,1
48,3,4,0
36,1,1,0
34,0,1,0
26,2,2,0
35,1,2,2
31,2,5,0
28,0,1,0
31,0,2,0
30,1,8,0
41,1,0,1
31,3,5,1
27,3,10,2
53,0,2,0
28,1,1,0
34,1,8,2
38,1,1,0
36,0,0,1
31,1,6,3
30,0,0,0
38,1,3,1
40,0,2,0
32,1,3,0
42,1,2,0
36,0,1,0
37,2,0,0
43,0,2,1
43,1,3,0
45,1,1,0
39,0,1,0
39,1,1,0
32,0,4,1
27,1,3,0
44,0,2,0
42,0,0,0
37,1,4,0
38,0,0,0
34,1,1,3
35,0,2,0
41,0,0,0
36,0,1,0
36,0,2,0
40,1,3,0
38,0,1,0
25,1,3,2
46,0,1,0
40,3,2,1
35,1,3,0
30,0,5,0
35,0,3,0
30,1,3,0
33,1,2,1
34,0,1,0
45,0,1,0
39,0,0,0
38,3,0,0
37,0,2,0
39,2,1,1
41,0,2,0
29,1,0,3
40,0,3,0
34,0,5,0
31,0,0,0
30,1,3,0
34,1,0,1
24,0,1,0
35,1,2,0
39,1,2,0
31,0,2,0
36,0,3,0
46,0,2,0
32,0,2,0
28,0,4,1
40,0,2,0
28,0,0,0
26,2,8,2
41,0,1,1
27,0,8,0
40,1,1,0
41,0,5,0
51,0,0,0
26,2,0,0
35,2,1,0
38,0,0,0
34,0,0,0
44,0,2,2
52,2,1,1
35,1,5,1
33,1,2,0
30,0,2,0
35,1,4,1
34,1,3,1
35,0,0,0
26,2,3,0
46,1,0,0
36,0,0,0
35,0,2,1
52,0,1,0
47,1,0,0
31,0,4,1
42,0,2,0
35,4,1,0
34,0,2,0
34,2,5,1
21,2,7,1
35,1,3,0
41,0,3,1
31,0,0,0
40,2,1,0
24,2,6,1
30,0,0,0
34,0,1,0
38,0,3,0
32,0,1,0
41,2,0,0
42,1,2,0
31,2,3,0
43,1,0,1
24,1,1,0
37,2,6,1
35,0,2,0
36,1,0,0
39,0,3,0
41,2,1,0
36,0,0,0
38,1,1,0
37,1,2,1
34,1,1,0
27,2,6,0
38,0,1,0
43,0,2,0
34,0,7,4
51,2,3,0
48,0,1,1
36,0,1,1
26,0,10,0
38,2,0,0
39,0,1,0
34,0,0,0
40,0,1,0
37,3,4,0
47,1,2,0
41,3,0,0
45,2,1,0
43,1,1,0
30,0,5,2
38,1,1,0
29,5,2,0
38,0,1,0
32,0,2,1
33,3,1,0
35,0,0,1
31,2,1,0
34,0,4,0
38,0,8,0
39,1,1,0
39,3,0,2
25,1,1,1
33,1,5,4
38,4,1,0
40,0,0,0
42,1,1,0
39,0,3,2
37,1,0,0
34,1,1,0
32,1,2,1
37,1,2,0
23,0,1,0
28,0,2,0
36,0,3,0
43,1,0,0
36,1,2,0
45,0,3,0
28,4,3,3
38,1,0,0
46,1,1,0
41,0,2,1
31,0,2,1
40,2,1,0
34,0,6,0
45,0,3,0
44,1,1,0
39,2,2,1
29,3,2,1
43,1,1,0
37,0,2,0
38,0,1,0
29,0,2,0
35,0,2,0
36,1,2,1
25,1,2,0
39,0,1,0
31,0,1,0
43,1,3,1
44,0,0,0
44,1,2,0
39,1,3,0
38,0,2,0
36,0,3,0
27,0,9,1
31,0,0,0
28,0,1,0
41,0,1,0
37,0,1,1
42,2,1,0
35,0,1,0
33,2,0,0
38,1,0,0
31,0,1,0
40,1,0,0
37,1,5,1
29,1,6,0
29,5,9,1
34,2,2,0
43,1,1,0
40,0,1,1
43,1,1,1
36,1,0,0
44,0,1,0
38,0,7,2
37,1,1,1
39,1,7,1
35,1,5,0
40,1,1,0
36,1,2,0
36,1,0,0
37,1,0,0
34,1,1,0
34,1,10,0
33,0,6,0
40,1,2,0
37,0,1,1
40,0,1,0
43,0,3,0
42,2,3,1
28,1,2,0
42,1,1,1
34,1,0,1
32,2,4,2
32,0,3,0
24,0,2,1
39,0,4,1
37,0,4,0
38,0,2,0
34,3,1,0
36,1,2,1
46,0,0,0
31,1,1,0
35,0,1,0
38,1,1,0
39,0,5,1
39,1,0,0
41,0,3,0
43,0,0,0
31,0,2,0
44,2,1,0
37,0,1,0
34,1,3,0
41,1,1,1
25,2,7,1
41,0,2,0
35,3,5,1
30,3,3,1
33,0,3,0
40,2,2,0
30,1,2,0
42,1,0,0
49,2,3,1
36,2,1,0
32,1,0,0
38,0,0,0
41,0,3,0
40,1,0,0
39,1,4,0
42,0,2,0
46,0,0,0
34,2,0,0
26,0,5,1
33,2,0,0
42,3,1,0
45,0,3,0
39,0,4,0
43,0,1,0
33,1,1,1
37,2,1,1
32,3,6,0
30,2,6,1
38,1,3,1
42,0,0,0
53,1,1,0
30,1,2,2
29,2,6,0
36,3,2,0
36,1,0,0
35,0,0,0
44,1,2,0
48,1,1,0
34,0,0,0
38,1,2,0
37,0,2,0
25,0,6,0
46,1,0,0
34,0,4,1
40,0,0,1
36,2,1,0
49,0,0,2
39,0,4,0
32,3,5,0
31,1,2,0
40,0,3,0
37,2,2,0
32,0,3,1
37,1,0,0
34,1,0,0
37,1,1,1
31,0,0,0
37,1,7,1
41,0,3,0
34,3,11,1
40,0,0,0
32,2,6,3
34,3,5,1
42,1,0,1
39,1,3,0
34,2,0,2
32,0,0,1
43,0,0,0
33,1,2,0
36,0,1,0
48,0,0,0
39,0,4,0
44,1,1,0
40,1,1,0
44,0,2,0
39,0,3,0
31,0,0,0
40,1,2,0
47,1,3,1
33,2,1,0
41,3,5,1
43,1,1,0
51,1,0,0
35,0,1,0
36,0,2,0
21,1,13,2
33,0,1,0
38,0,0,0
23,0,1,1
42,1,2,0
41,1,1,0
30,1,2,0
44,1,1,0
26,0,1,0
31,1,3,0
33,1,3,0
30,2,1,0
40,0,3,0
39,2,1,0
50,1,0,0
38,1,4,0
44,1,1,1
38,0,3,0
41,2,0,1
46,1,2,0
34,1,1,0
25,0,1,0
25,2,2,1
42,1,0,0
30,0,8,2
27,0,6,0
33,1,1,0
37,1,3,0
36,2,2,0
36,1,1,0
34,0,7,0
42,0,1,1
38,1,3,1
32,1,0,0
38,2,2,0
37,1,3,0
36,2,12,0
30,0,7,1
43,1,1,0
40,1,2,0
33,0,2,0
37,1,2,0
47,0,1,0
36,4,3,0
25,0,4,1
26,1,5,1
36,1,1,1
38,0,0,0
43,0,1,0
47,0,0,0
27,0,0,1
37,0,3,0
30,2,3,0
38,0,0,0
46,0,0,0
26,1,4,0
36,2,3,2
26,1,0,0
28,0,2,0
32,0,6,1
44,0,3,0
23,1,6,0
36,0,1,1
37,1,2,0
33,2,2,0
44,1,1,1
46,0,0,0
30,1,2,0
33,0,1,0
25,0,3,0
29,1,1,1
42,0,1,0
35,1,3,1
38,0,2,0
34,4,1,1
34,0,0,0
26,1,1,0
48,3,2,1
53,1,1,0
32,0,0,1
30,3,5,0
42,2,1,0
38,0,1,0
26,0,4,0
39,0,1,0
48,2,1,0
34,0,1,0
52,2,1,0
35,8,1,1
34,0,0,0
41,0,1,0
36,2,1,1
31,1,2,0
34,0,8,0
30,0,1,1
29,1,0,0
37,0,0,0
32,2,0,0
50,1,2,0
38,2,1,1
32,2,1,2
35,1,5,1
41,1,1,0
33,0,6,1
25,0,1,0
29,0,0,0
40,3,1,0
32,0,2,0
37,0,2,1
36,0,1,0
26,3,6,0
29,0,2,1
45,2,2,1
46,1,2,1
40,1,0,0
34,1,3,2
50,0,0,0
32,1,5,2
34,0,3,0
28,0,2,0
34,2,3,0
45,1,1,0
39,0,1,0
41,0,1,0
28,1,1,0
24,1,4,3
30,0,0,0
48,0,0,0
28,1,1,1
25,1,3,0
30,2,3,0
35,2,2,0
40,0,2,1
39,0,3,0
39,1,3,1
35,1,0,0
33,1,0,0
34,0,0,0
34,2,0,0
49,0,0,0
42,2,1,1
41,1,2,0
34,2,2,0
33,0,3,0
33,4,1,1
33,2,0,0
37,1,0,0
46,2,2,0
39,0,0,2
33,0,7,0
41,1,1,1
33,1,3,0
33,1,1,1
39,1,0,1
29,0,4,0
41,2,0,0
51,0,0,0
33,0,0,0
32,0,3,0
46,2,1,2
33,0,2,0
36,2,0,0
32,2,0,0
24,2,2,0
36,3,2,1
32,0,6,0
36,1,2,0
49,0,0,0
40,1,0,0
45,3,1,0
39,2,5,0
29,1,0,1
37,2,0,0
51,2,0,0
46,1,1,1
39,1,4,1
32,0,0,0
33,0,1,0
28,1,0,0
47,1,5,0
35,0,0,0
42,2,1,0
40,1,1,0
32,0,1,0
50,0,2,0
33,0,2,0
48,1,2,0
44,5,4,0
37,2,5,0
39,2,3,0
33,0,3,0
37,0,4,0
39,1,1,2
39,1,4,0
32,2,3,0
39,1,1,0
38,1,1,0
27,0,3,0
36,1,2,2
47,1,2,0
33,0,7,0
32,0,5,0
49,0,5,0
44,1,2,0
39,3,1,1
28,2,2,0
32,0,0,0
28,0,0,0
46,1,0,0
39,1,3,1
36,1,2,0
41,0,0,1
31,1,2,0
33,0,4,1
39,0,1,0
39,1,4,0
36,0,2,0
41,1,1,0
44,0,0,0
55,1,2,0
42,0,1,0
28,3,3,1
24,0,3,0
29,0,0,0
43,0,4,0
27,1,4,0
35,1,0,1
22,1,2,0
38,0,0,0
40,1,1,0
28,2,2,0
27,0,2,0
34,0,0,0
31,0,0,0
24,1,5,1
42,0,0,0
46,3,10,1
37,1,0,0
48,1,2,0
40,0,0,0
49,0,1,0
33,0,1,0
27,2,1,0
37,2,1,0
36,0,3,1
39,0,0,1
45,1,4,0
39,3,3,0
41,1,1,0
33,0,4,0
33,1,0,2
33,1,2,0
46,0,6,1
34,1,3,1
43,0,1,0
43,3,1,0
27,1,0,0
30,2,4,1
40,1,4,0
46,0,4,0
50,2,0,1
44,2,2,1
26,2,4,0
49,1,1,0
37,2,4,0
40,2,6,1
36,1,2,0
30,4,6,1
40,0,1,0
39,1,2,1
34,1,1,0
40,1,0,0
42,1,1,0
38,1,3,0
42,0,1,2
35,1,1,0
39,1,3,0
38,0,2,0
46,1,3,0
32,1,3,1
35,1,0,0
46,2,0,0
30,2,6,0
40,0,2,0
45,1,0,1
33,1,0,0
37,0,1,0
39,1,1,0
30,0,8,0
33,0,0,0
22,0,5,0
37,1,0,0
47,0,1,3
36,2,2,1
45,1,1,1
34,3,1,0
53,1,1,0
36,1,1,0
32,2,3,0
38,0,1,0
36,0,6,2
24,0,2,0
33,2,1,0
43,1,2,0
41,1,1,0
28,4,9,2
34,1,1,0
46,0,1,0
37,0,5,0
33,0,2,0
40,2,0,0
37,1,3,1
32,4,5,1
34,2,3,2
38,1,2,2
42,3,2,1
34,2,0,0
36,1,3,0
43,0,0,0
34,1,8,1
39,1,7,1
41,1,1,0
36,1,2,0
21,1,3,1
36,2,3,3
44,0,0,0
39,1,1,0
46,1,3,1
40,3,0,0
50,2,3,0
40,0,1,0
42,1,0,0
24,1,0,0
50,2,1,0
35,1,3,0
29,1,1,0
44,3,0,0
40,0,0,0
40,3,4,0
27,1,5,0
35,1,1,0
37,2,4,1
39,2,1,0
55,1,0,0
32,0,1,1
29,3,2,0
36,0,2,0
40,1,0,0
45,0,1,0
40,1,4,0
32,1,0,1
38,0,2,0
40,0,2,0
29,2,5,0
29,0,5,1
41,2,3,0
38,5,6,4
33,1,2,0
40,2,3,0
29,3,3,2
33,0,1,0
31,0,1,0
26,2,1,0
33,2,2,2
34,2,2,0
29,1,1,0
27,2,3,2
35,0,1,0
35,0,0,0
28,0,3,1
32,0,6,0
37,0,2,0
38,0,1,0
29,0,9,1
28,0,4,3
44,1,7,1
27,1,6,2
41,4,1,1
39,1,1,0
35,0,0,0
36,4,1,0
49,0,1,0
34,2,3,0
52,1,0,0
35,1,3,0
32,1,3,2
44,0,1,0
23,1,8,1
48,0,3,0
45,0,3,1
24,2,3,0
35,3,0,0
30,2,1,0
44,0,1,1
34,1,0,0
45,1,1,1
41,1,1,0
34,2,1,0
35,2,5,0
47,1,1,1
31,1,3,0
41,0,4,0
40,4,2,0
34,0,1,1
32,1,0,0
36,2,3,0
47,3,2,2
27,0,1,0
38,1,2,0
44,3,3,1
35,0,1,0
40,2,1,0
34,2,1,0
36,2,4,0
50,1,1,0
46,1,7,2
35,2,2,0
46,2,0,0
36,0,1,0
28,3,6,0
29,1,1,0
19,0,6,0
27,2,1,0
42,0,1,0
42,0,1,1
53,1,1,1
26,0,1,0
45,0,0,0
44,1,4,1
40,2,0,1
23,1,2,1
45,1,2,0
32,0,4,0
37,1,5,1
31,3,6,0
49,1,3,0
36,1,5,1
35,0,2,0
31,2,0,0
36,0,1,0
22,1,5,2
40,0,1,0
41,0,3,0
41,1,0,0
29,0,1,0
38,0,1,0
35,0,1,0
29,1,3,0
42,3,3,0
35,0,2,0
45,0,2,0
18,1,4,0
37,0,1,0
31,5,5,0
38,1,3,1
30,0,2,0
37,0,0,0
38,0,5,1
39,0,1,0
40,0,1,0
35,0,5,0
33,0,2,0
38,3,1,0
40,0,0,0
43,0,3,0
29,0,2,0
34,1,4,0
41,0,1,0
44,0,1,0
38,1,0,0
42,1,1,0
36,0,1,0
49,4,1,1
36,0,1,0
34,3,3,1
40,0,1,0
41,1,1,1
37,0,2,0
35,2,0,0
28,0,2,0
38,1,1,0
43,2,1,0
38,2,3,0
29,1,2,0
39,0,1,3
32,0,2,0
32,0,0,0
44,0,3,0
39,1,3,0
35,2,4,1
26,1,1,0
43,2,1,0
37,1,4,0
26,1,1,1
33,1,0,1
38,0,10,2
36,1,3,1
46,2,5,0
41,0,2,0
40,0,2,0
36,0,1,1
47,1,2,0
48,0,1,0
43,1,1,0
41,0,4,0
33,1,10,0
31,0,1,0
53,1,1,0
45,0,4,0
21,0,2,0
36,0,4,1
30,2,4,0
32,2,1,1
43,0,4,0
29,0,6,1
38,4,1,0
30,0,1,0
52,0,0,2
39,0,1,0
30,1,0,0
39,0,2,0
39,0,1,1
32,0,2,0
34,2,5,0
45,1,0,0
37,0,1,0
30,2,1,0
34,1,5,0
38,0,7,0
45,0,0,0
31,0,0,0
37,1,3,0
47,1,0,1
42,1,0,0
38,1,1,0
36,1,1,0
33,0,3,0
40,3,2,0
44,0,0,1
43,0,1,0
29,1,1,0
37,0,0,1
37,1,0,1
32,0,0,0
34,0,2,0
39,3,1,1
36,0,1,0
45,1,1,0
38,2,2,0
29,1,0,0
33,0,0,0
34,1,1,0
39,1,1,0
48,1,2,0
55,2,0,0
35,1,1,1
42,0,1,0
35,1,6,1
32,0,0,0
34,0,3,0
33,0,1,1
36,0,2,0
27,1,4,1
39,0,0,0
26,4,12,0
28,2,2,1
30,1,0,0
56,1,7,0
32,0,1,0
39,0,1,0
39,0,1,0
36,0,2,0
39,1,1,1
36,1,2,0
45,0,2,0
37,0,5,0
31,0,1,2
46,1,2,0
40,0,0,0
43,0,0,0
29,0,0,2
41,0,1,0
29,6,4,0
37,1,0,1
42,1,1,0
27,0,4,2
39,0,0,0
38,1,0,1
36,1,1,0
32,1,0,0
42,0,0,0
35,0,3,1
30,1,0,0
48,1,0,0
24,2,3,0
38,0,1,0
36,0,2,0
47,1,0,0
27,0,0,0
46,0,0,0
60,0,0,0
44,0,1,0
24,1,1,0
32,0,5,0
36,1,2,0
40,2,2,0
34,0,0,0
25,0,1,1
39,1,1,0
36,1,2,1
32,0,2,1
32,1,1,1
34,2,0,0
24,2,1,0
43,0,2,0
23,0,0,0
29,1,3,0
43,2,2,0
41,0,0,0
39,0,4,0
47,2,0,0
35,0,9,0
37,0,3,0
29,0,1,0
35,1,7,1
36,0,1,0
30,1,3,0
29,1,3,0
45,0,4,2
29,1,1,0
30,0,2,0
19,1,2,0
34,2,1,0
29,2,3,0
36,1,2,0
37,2,1,0
40,0,1,0
38,0,0,0
35,0,0,0
36,2,0,0
37,1,3,0
38,1,2,0
45,0,1,0
46,1,0,0
39,0,2,0
34,3,3,1
23,0,11,1
38,0,0,0
30,1,1,2
37,2,1,0
43,2,3,0
36,0,1,1
34,0,4,0
38,0,5,2
45,0,0,0
44,1,1,0
51,0,1,0
32,2,10,0
27,0,6,0
39,2,2,0
32,2,2,0
32,0,1,0
34,0,0,1
48,1,1,0
39,0,1,0
37,1,1,0
29,1,3,0
36,0,2,0
40,0,1,0
38,1,2,1
38,1,5,1
38,2,4,1
46,0,2,0
40,0,2,0
30,0,0,0
36,0,1,0
39,2,0,0
46,1,2,0
33,0,1,0
38,1,0,0
43,0,2,0
37,0,1,1
43,1,2,1
30,1,2,0
31,1,1,1
32,0,5,0
41,1,6,2
34,1,3,0
24,1,6,0
38,1,2,0
26,1,6,0
29,1,7,0
34,0,0,0
31,1,1,0
35,0,6,0
31,0,0,0
37,0,4,1
34,2,1,0
35,0,1,0
36,1,0,1
31,0,1,0
35,3,10,1
45,0,0,0
38,0,3,0
42,1,0,0
35,1,1,0
36,0,1,0
43,3,1,0
41,0,3,0
29,0,1,0
40,1,5,1
28,2,2,0
34,1,0,0
46,1,1,0
46,1,0,0
33,0,1,0
39,0,3,0
35,2,5,0
34,0,1,0
45,0,2,0
34,1,1,0
34,4,3,0
38,1,2,0
34,1,3,1
28,2,6,0
32,0,1,1
33,2,8,0
31,3,1,1
49,1,2,0
31,1,3,0
38,0,1,1
41,0,1,0
36,1,1,1
33,1,3,1
31,0,1,0
41,0,1,0
32,1,0,0
46,1,4,0
24,2,8,0
34,1,0,0
38,1,1,0
30,0,2,0
35,1,2,0
25,0,1,0
44,1,2,1
54,0,1,1
38,1,6,1
37,2,5,1
36,0,0,0
42,4,1,0
34,0,7,0
35,0,1,0
39,3,2,0
36,0,1,0
29,1,3,0
34,2,1,0
34,2,2,0
36,2,5,0
34,1,1,0
37,1,4,0
40,0,1,0
42,3,1,1
43,1,0,1
31,0,1,0
39,1,0,0
28,1,5,2
45,1,1,0
33,3,3,0
33,0,5,1
30,3,9,1
38,1,1,0
36,1,2,3
24,3,10,2
45,1,4,0
28,0,4,1
41,1,0,0
40,1,2,0
47,0,2,0
47,1,0,0
36,1,0,0
36,3,7,1
33,1,0,1
44,0,0,0
25,0,1,0
39,1,1,0
38,1,0,1
40,2,2,0
42,2,0,0
33,0,1,0
52,2,2,0
33,3,2,0
29,4,1,2
29,2,9,1
46,1,0,0
33,1,1,0
44,0,3,0
41,0,1,0
40,1,1,0
38,2,0,0
40,0,1,1
34,0,2,0
34,0,8,1
39,1,0,0
38,4,4,1
37,0,3,0
40,0,0,0
29,2,2,0
32,0,4,0
29,2,7,1
29,0,6,2
48,2,1,1
44,4,5,0
37,3,1,0
30,0,6,0
32,1,2,0
41,0,2,1
37,2,2,1
32,0,3,0
37,0,2,0
32,1,0,0
39,0,3,0
48,0,2,1
36,3,3,1
47,1,1,0
34,0,0,1
46,0,2,0
33,2,2,0
48,0,2,0
39,0,2,0
44,1,1,0
30,1,11,1
38,2,2,2
41,2,3,0
30,0,5,0
44,0,1,0
29,1,2,0
43,0,0,0
28,0,1,1
38,0,0,0
42,1,2,0
45,0,0,0
48,0,0,0
29,1,3,1
31,0,3,1
40,1,3,0
39,0,2,0
31,1,6,0
43,1,1,0
44,2,4,2
36,0,0,0
26,5,1,0
33,1,3,0
37,0,5,0
35,0,2,0
23,1,0,0
38,4,0,1
25,2,1,0
37,3,0,1
36,1,2,0
31,2,3,0
29,0,0,1
37,0,2,0
38,0,1,1
36,2,4,0
36,1,1,0
44,1,3,0
42,1,1,0
34,0,5,0
39,3,0,0
41,1,0,0
36,0,2,0
38,1,3,0
41,1,1,0
33,1,0,0
