Per_Gene_Counts_Unaffected_Unaffected,Unaffected_Affected,Affected_Unaffected,Affected_Affected
51,1,3,0
31,3,6,3
24,1,5,3
36,0,2,0
39,0,3,1
36,0,0,0
54,0,2,0
47,1,3,0
20,4,13,6
33,1,2,1
37,0,9,0
22,4,5,5
40,1,0,0
35,0,4,0
49,0,2,1
36,1,1,0
48,1,1,0
34,1,0,0
31,0,7,0
42,0,4,3
31,2,2,1
41,2,2,1
41,0,0,0
26,2,0,1
32,1,3,0
33,1,3,2
31,0,2,1
37,4,1,1
40,4,1,0
44,1,3,0
35,1,0,0
38,1,0,2
30,3,0,1
27,6,0,0
35,1,2,0
39,0,10,1
27,5,6,6
28,1,2,0
30,3,2,3
47,2,1,0
37,0,5,2
23,0,1,0
30,1,0,0
44,2,0,0
32,0,2,0
56,2,1,1
37,2,6,2
40,0,0,0
51,0,2,0
47,0,1,0
43,3,0,0
44,0,0,1
44,1,0,0
38,1,2,0
33,0,2,0
44,3,1,0
38,0,1,0
29,0,0,0
40,1,1,0
30,0,2,2
32,0,0,0
36,1,0,0
38,0,0,0
41,1,3,1
32,1,7,2
23,2,6,5
46,0,1,0
44,1,0,0
36,0,2,0
43,1,2,0
27,3,1,2
49,2,0,1
37,1,1,1
28,1,1,0
52,0,0,0
47,0,2,0
45,1,0,1
34,1,2,1
26,1,2,0
27,1,9,2
35,0,0,1
28,0,3,0
32,1,1,1
42,2,0,0
34,1,1,0
29,0,0,1
26,0,2,1
41,1,2,1
41,1,1,0
26,1,0,0
35,1,1,2
43,0,1,0
42,1,0,0
45,0,1,1
37,1,1,0
36,0,4,1
39,2,1,0
30,0,3,0
35,1,0,0
41,1,1,1
37,0,1,2
37,0,0,1
36,0,2,0
39,0,0,1
45,0,0,0
42,1,1,0
33,1,2,0
21,0,3,2
31,2,1,1
42,0,9,2
41,0,3,1
28,2,0,0
41,2,1,0
39,0,2,0
36,1,2,1
24,2,0,0
26,1,5,0
33,2,1,0
43,1,1,1
39,0,1,1
43,1,2,1
40,0,4,1
35,0,0,1
25,0,2,0
48,0,1,0
31,2,1,0
33,0,1,0
45,2,0,0
37,1,1,0
39,0,1,1
38,0,2,0
34,0,3,2
43,0,0,1
26,1,6,6
38,4,2,0
31,1,1,0
44,1,3,0
33,2,2,0
37,0,2,0
46,0,1,0
36,1,2,1
33,1,0,1
38,2,1,0
30,8,0,0
37,0,1,0
35,0,1,0
24,1,0,0
28,1,4,0
36,2,1,0
42,0,2,0
29,0,8,1
42,2,3,2
31,4,2,0
34,0,0,1
36,1,1,2
27,0,2,0
18,2,0,0
36,1,2,1
30,1,0,0
38,0,2,0
39,1,1,0
38,0,1,1
41,2,2,0
31,1,2,0
48,0,1,0
43,1,1,1
43,1,0,0
40,0,3,1
27,1,2,2
26,1,2,0
43,2,1,0
48,2,2,0
51,1,3,0
43,0,2,0
45,1,2,1
41,0,4,1
38,2,0,0
40,2,1,1
38,1,1,0
33,1,0,1
22,1,4,0
40,0,0,0
37,2,1,2
41,0,1,0
40,2,1,0
43,0,0,0
27,2,5,6
31,2,2,0
28,0,6,1
39,1,1,2
35,1,0,1
43,1,1,0
41,0,4,0
34,8,0,0
38,3,3,0
44,2,2,1
35,1,0,1
39,0,1,0
43,0,2,1
38,1,1,0
39,3,0,0
40,1,0,0
33,2,0,0
30,2,2,0
25,5,3,4
29,3,6,5
46,0,2,0
33,2,1,0
43,2,3,1
35,1,2,0
40,1,1,0
36,0,1,0
41,1,1,2
35,12,0,1
33,0,1,0
29,1,1,1
28,0,2,1
47,0,0,0
42,1,1,2
27,4,2,1
38,0,1,0
31,2,1,0
39,0,1,0
33,1,4,0
39,0,3,0
42,2,3,0
33,0,11,3
28,0,1,1
34,0,0,0
40,3,1,2
20,3,4,1
48,1,3,0
34,0,1,0
29,0,1,1
42,2,0,0
41,2,0,1
44,1,0,0
37,2,4,0
46,0,1,0
34,1,1,1
33,2,7,5
27,1,6,3
38,1,2,0
37,2,0,0
33,3,8,2
44,0,2,0
37,0,0,0
35,0,3,0
27,4,1,0
32,0,1,1
36,0,0,0
41,0,2,0
33,4,3,1
28,0,1,0
33,1,1,0
36,4,3,2
45,0,1,0
30,1,6,4
30,1,2,1
38,4,0,3
33,2,0,1
39,0,1,0
36,0,3,2
54,0,1,0
33,1,0,2
34,0,1,0
39,0,10,0
26,0,0,1
46,1,0,2
40,0,0,1
32,0,0,0
36,0,1,0
37,0,1,1
30,0,1,2
29,2,2,0
38,1,0,1
25,1,4,0
39,0,1,0
38,1,2,0
34,0,0,0
44,1,2,0
39,1,0,0
34,1,2,1
31,1,1,1
39,2,0,1
42,2,0,1
36,1,2,0
36,0,1,0
41,2,0,0
35,1,0,2
44,0,1,0
42,1,0,0
38,3,1,0
35,3,0,0
31,1,1,0
42,1,0,2
35,4,1,1
41,2,0,2
32,0,4,0
31,0,1,1
44,1,4,3
33,1,1,0
35,1,3,0
41,1,0,0
26,7,0,1
40,1,1,0
34,0,1,0
37,1,0,0
45,0,1,0
35,0,5,1
51,1,0,1
36,1,0,3
36,3,1,0
30,1,5,2
42,1,2,1
38,2,0,1
34,1,2,1
50,2,1,0
36,1,0,0
38,0,1,1
34,0,1,2
44,2,5,3
26,7,6,5
30,1,5,4
28,1,3,0
32,1,2,1
47,2,0,0
35,1,0,1
23,0,2,1
30,2,1,2
31,0,2,1
41,2,1,1
44,1,1,0
36,2,10,0
31,1,1,0
34,0,1,0
32,0,2,0
32,0,0,0
37,0,5,2
33,1,2,0
24,3,5,2
44,0,1,0
45,2,1,0
33,4,3,2
39,0,0,0
43,0,1,1
27,1,0,0
40,0,0,0
39,1,0,0
31,3,1,2
38,1,0,0
32,5,6,4
37,2,1,0
44,1,1,0
30,0,1,2
47,0,0,2
34,1,0,1
35,0,1,0
31,1,2,1
32,0,1,1
44,0,0,0
55,0,0,1
25,0,1,1
34,0,1,0
42,0,9,0
39,0,0,1
37,0,2,2
39,3,0,0
30,9,3,0
50,2,2,0
32,1,4,0
26,0,6,1
17,4,0,1
31,1,0,0
31,1,0,0
29,1,1,0
38,2,1,1
37,0,1,0
44,0,2,0
42,7,0,2
49,0,3,0
44,1,1,0
39,2,4,0
45,2,0,2
40,0,2,2
41,0,1,1
32,0,2,1
31,4,5,2
45,0,1,0
23,1,3,0
43,1,0,1
31,0,0,1
34,0,1,2
39,0,2,0
49,0,1,1
32,0,0,0
34,0,0,0
51,1,0,0
32,0,0,0
15,4,4,3
33,1,0,0
34,1,2,0
31,0,0,1
39,2,1,0
31,1,1,0
34,0,0,0
27,1,5,1
28,5,8,2
38,0,0,0
38,0,3,0
41,1,3,1
45,5,0,2
20,0,6,0
39,1,2,1
37,0,2,0
48,3,0,1
28,1,1,1
46,1,0,0
31,3,6,2
30,0,0,1
47,1,0,0
29,4,5,10
40,0,2,1
38,2,1,0
32,1,3,0
39,1,0,0
39,3,0,0
36,0,1,0
38,0,3,0
38,0,1,2
37,1,3,0
38,2,5,2
40,4,0,0
36,1,0,2
32,4,1,0
27,0,1,0
42,0,2,1
30,1,1,0
38,2,4,1
39,8,2,1
32,1,0,0
32,2,5,7
48,0,4,1
34,3,3,0
36,0,1,1
46,0,0,0
42,2,1,0
33,1,0,0
35,3,2,3
30,1,1,2
31,0,0,0
35,4,0,1
55,2,3,0
33,2,6,1
38,0,3,1
31,0,5,1
51,2,2,0
37,0,0,0
38,2,1,0
30,1,2,0
31,0,2,0
45,1,2,0
27,1,2,0
25,1,4,0
29,1,1,0
43,2,1,1
37,0,1,0
33,1,1,1
31,2,0,1
35,2,2,0
42,1,0,1
29,1,1,0
43,2,0,0
27,1,5,1
22,0,0,1
42,4,1,2
44,2,1,0
49,1,1,3
38,0,1,0
25,7,5,4
42,1,1,0
41,0,1,1
27,1,0,0
36,1,3,1
42,0,1,0
34,0,0,0
31,1,2,0
46,1,2,0
39,1,1,2
38,0,1,1
49,1,2,0
29,3,1,0
41,1,1,1
37,2,1,0
40,0,2,0
36,0,0,0
32,2,8,0
38,6,0,0
32,0,1,0
17,0,2,1
31,1,3,0
41,1,1,1
32,1,0,0
35,4,0,1
33,4,8,2
38,1,1,0
33,1,5,3
37,0,2,1
45,0,1,0
19,1,0,2
23,5,11,4
43,0,0,0
32,3,1,1
38,0,0,0
29,6,8,11
45,0,1,0
36,1,1,1
37,0,2,1
38,1,3,0
44,0,0,1
46,1,1,1
40,0,1,0
40,0,1,0
33,3,3,0
42,0,1,0
30,1,1,1
36,0,0,1
38,1,0,0
27,0,0,0
38,2,0,0
43,1,6,0
39,2,0,2
46,3,2,0
31,1,1,0
32,1,1,1
38,0,2,0
41,0,0,0
34,10,0,2
40,0,2,3
34,7,2,3
37,0,1,1
22,4,4,5
30,1,7,6
42,1,0,0
38,0,0,0
40,3,2,2
35,2,0,0
36,0,2,0
38,2,2,1
34,1,2,1
41,1,1,1
35,2,1,1
46,1,0,0
46,1,1,1
40,0,1,0
47,1,4,0
42,0,1,0
39,3,5,4
41,7,0,1
39,0,1,0
33,1,0,0
25,1,0,1
36,2,2,0
31,0,1,0
29,2,3,0
41,2,3,3
38,1,1,0
34,2,1,0
36,2,2,1
36,1,0,0
38,0,3,0
45,1,0,1
28,3,1,0
36,0,0,1
34,2,11,2
39,1,1,0
44,2,0,0
46,1,0,0
36,3,1,1
32,0,0,2
43,2,0,0
37,4,1,1
33,1,2,0
39,0,2,0
38,1,1,2
26,0,1,0
33,0,1,1
31,4,2,4
25,0,11,0
34,1,2,0
53,1,1,0
36,3,0,1
29,3,3,0
35,3,0,0
35,2,2,1
30,1,4,0
40,0,0,2
29,0,0,0
38,0,0,0
43,0,1,0
41,2,2,0
31,3,0,1
33,2,1,2
38,4,5,4
40,1,1,0
39,1,1,1
34,0,2,0
37,0,0,0
31,0,5,0
39,2,1,1
47,0,1,1
37,0,8,1
34,0,1,1
43,2,0,1
45,1,2,0
54,1,1,1
22,1,1,0
41,1,1,0
40,7,0,0
40,3,0,1
51,1,1,0
48,0,0,0
40,1,0,2
34,1,0,0
39,0,0,1
34,2,1,1
33,0,1,1
36,1,0,0
45,0,3,0
44,0,1,2
33,1,0,1
32,2,6,6
38,0,2,0
38,4,4,2
35,1,1,0
32,0,2,0
37,1,0,2
35,2,1,1
35,0,4,3
37,1,0,1
41,1,0,0
33,1,1,3
34,0,0,1
39,0,0,1
37,1,2,0
42,1,2,1
29,0,1,1
44,0,2,0
30,3,2,2
45,1,2,1
37,2,0,0
32,0,1,0
33,2,0,0
36,0,1,0
40,1,2,0
44,2,1,0
37,0,0,1
41,3,2,2
31,3,2,4
25,2,1,0
33,2,0,2
38,1,0,0
26,1,2,0
37,3,2,1
33,9,2,2
33,0,2,0
33,2,1,1
38,1,2,0
33,1,0,0
39,1,1,0
34,0,0,1
31,0,3,0
40,2,0,0
34,2,1,1
28,5,1,1
45,1,0,1
47,0,3,0
53,0,2,1
29,2,1,0
41,1,1,0
31,0,0,0
37,0,2,0
27,0,8,0
58,0,1,0
34,0,1,0
39,0,1,1
36,0,3,0
45,2,1,2
37,4,0,1
46,2,4,0
38,1,4,1
32,2,1,0
26,1,1,1
33,2,0,0
43,0,3,0
34,0,3,0
32,0,3,0
31,0,2,1
37,0,0,1
25,5,1,0
26,1,2,1
30,2,2,1
34,1,0,1
32,1,1,1
35,2,0,0
35,0,2,0
31,6,1,0
21,0,0,0
40,1,0,1
27,0,2,0
40,1,2,0
31,0,0,0
39,1,1,0
46,2,1,0
46,1,2,1
29,1,0,0
35,1,2,0
42,12,0,0
39,1,1,0
53,2,2,0
34,0,6,2
47,1,2,1
33,0,0,0
33,0,9,0
35,0,6,3
33,1,1,0
28,5,4,3
37,1,2,1
30,0,0,0
40,3,0,0
31,5,5,3
42,1,2,1
37,0,4,2
32,2,3,1
29,0,2,2
42,1,0,1
30,2,6,3
24,0,1,1
44,1,0,0
37,0,2,1
29,3,2,2
38,1,1,0
40,2,3,1
28,1,0,0
37,1,0,0
30,4,4,5
35,3,4,2
37,1,2,1
33,1,2,0
39,2,2,3
26,0,1,0
44,1,0,0
40,5,1,1
42,2,2,1
42,1,0,1
37,1,2,1
41,0,2,0
48,1,2,1
41,1,3,0
45,0,1,1
42,0,2,1
41,1,0,0
24,2,0,1
34,0,5,0
35,3,0,0
30,1,1,1
45,2,1,0
34,3,1,2
38,1,0,0
40,0,1,1
31,3,2,2
35,1,1,0
37,3,1,1
36,0,2,0
28,5,1,6
34,2,0,1
34,0,1,1
40,2,3,1
39,0,3,1
26,2,0,0
22,0,2,0
35,1,0,1
36,0,1,2
33,1,2,0
32,1,0,0
41,2,2,1
45,0,0,0
28,0,1,0
47,2,0,1
30,0,2,0
36,1,0,1
36,1,0,2
37,0,0,0
40,0,0,0
34,1,1,0
27,3,0,1
30,2,0,0
32,1,0,1
25,1,3,1
32,2,1,0
41,0,3,0
34,0,2,1
36,2,3,2
47,0,0,0
27,6,0,1
36,0,0,1
40,0,1,0
40,1,0,0
39,1,0,0
43,0,0,1
28,3,1,0
36,0,0,1
38,1,0,1
37,2,1,0
47,2,0,1
31,2,0,1
41,0,0,0
36,3,1,0
40,0,0,0
39,0,3,0
45,1,1,2
47,3,1,0
36,2,5,5
41,0,1,0
56,0,1,0
50,0,1,1
34,1,0,0
40,2,0,1
31,3,0,0
33,2,5,1
53,1,3,1
20,1,0,0
47,0,0,0
37,0,1,0
37,2,3,0
38,0,0,0
34,1,1,0
44,0,0,0
32,1,0,0
37,0,0,0
36,2,2,2
45,1,0,0
34,1,1,1
30,0,1,0
29,4,5,3
32,2,0,0
46,1,0,1
42,2,2,0
37,2,2,0
31,1,0,0
39,1,2,0
41,2,2,1
30,5,0,1
23,5,0,3
39,2,1,0
42,0,0,0
43,0,0,0
39,1,2,1
45,0,0,0
37,6,3,0
30,4,5,0
33,0,5,2
34,1,2,1
32,0,7,2
44,0,2,2
44,1,2,1
34,2,1,0
34,0,1,0
46,0,2,1
40,1,2,5
28,0,1,1
36,1,1,2
25,2,1,0
47,0,3,0
38,2,2,2
44,1,2,0
35,3,3,4
35,1,1,1
39,1,3,1
29,5,3,1
29,3,4,3
23,0,0,1
33,0,1,1
36,1,2,2
42,0,0,1
35,1,1,0
28,2,1,0
37,0,2,1
37,0,0,0
42,1,2,2
25,0,2,1
49,1,1,0
31,1,1,0
33,0,0,1
41,2,0,1
37,0,9,1
30,0,2,1
40,3,0,0
45,2,0,1
34,2,1,1
43,2,2,2
28,0,3,0
44,1,2,0
32,3,3,4
34,1,0,2
47,0,1,0
32,2,2,0
40,0,0,1
34,0,2,0
47,0,0,0
38,1,4,0
41,0,4,0
35,1,2,2
31,1,0,0
28,4,6,7
39,2,0,1
37,5,6,4
35,2,1,0
33,1,1,1
33,0,1,0
34,0,1,0
34,6,0,1
37,3,5,4
22,5,4,5
34,3,3,1
36,5,3,1
50,0,2,1
39,1,2,2
43,0,2,0
43,3,2,0
33,1,0,0
38,0,3,0
53,0,0,0
35,0,2,1
34,1,2,0
37,0,1,0
36,1,2,1
30,1,2,2
35,1,1,1
38,1,3,0
37,1,0,0
27,1,5,0
46,1,2,1
35,0,1,1
27,0,1,0
34,7,2,1
41,3,0,0
43,0,1,0
32,4,0,2
32,1,1,0
36,1,2,0
29,0,1,0
44,3,2,1
39,1,0,0
34,0,10,0
35,0,0,0
37,0,1,0
37,1,2,0
40,0,1,2
39,6,0,0
28,0,4,0
33,0,1,0
38,1,3,0
48,2,1,0
25,0,9,0
28,0,7,0
43,0,2,0
34,1,0,0
45,0,0,2
40,2,1,2
41,0,0,0
42,1,0,0
27,0,3,0
40,0,1,1
35,0,1,1
30,2,4,0
25,5,11,4
39,0,3,0
42,0,0,2
42,0,5,1
35,2,1,0
35,1,1,0
27,7,1,0
42,2,2,0
30,2,4,3
46,1,2,1
40,1,2,1
48,1,2,1
37,3,1,1
30,1,0,0
40,0,4,0
46,1,0,1
47,2,3,0
38,0,2,0
45,1,0,1
38,1,0,1
38,1,1,1
32,1,0,1
41,1,0,0
38,2,1,0
30,2,2,4
44,0,2,1
43,6,1,0
44,1,1,0
39,3,2,2
36,0,8,1
42,0,5,3
36,1,0,0
38,1,3,0
42,4,0,0
29,1,3,1
30,1,3,1
37,1,4,0
47,0,0,0
36,1,3,1
41,3,0,2
42,3,1,2
39,0,1,1
36,1,1,3
29,2,0,0
43,2,0,0
37,2,3,2
33,0,9,1
36,1,2,0
30,0,0,0
23,2,4,0
34,0,0,2
37,3,2,1
34,1,1,2
45,0,1,2
53,1,4,1
41,2,1,0
37,1,0,0
44,2,0,0
33,4,4,3
45,1,1,2
30,0,0,0
45,2,4,0
47,0,0,1
38,1,0,0
46,1,1,0
32,2,1,0
26,2,6,0
43,3,0,0
36,0,1,0
44,2,1,0
49,0,1,0
44,1,0,0
29,1,1,2
31,5,8,6
39,1,2,0
46,1,3,1
42,2,1,1
35,0,0,0
35,1,0,0
46,0,1,0
21,0,5,1
38,0,2,1
40,1,2,0
29,0,6,1
33,2,0,0
28,1,2,0
31,2,0,0
31,0,2,0
39,1,0,0
33,0,3,0
44,1,0,0
38,1,0,0
39,4,0,0
30,2,1,0
35,0,1,1
27,2,0,2
31,1,2,1
51,0,1,0
40,2,1,0
37,0,0,1
47,0,3,0
39,1,4,0
53,0,2,1
32,1,0,3
39,1,1,1
33,3,3,1
35,2,3,0
34,0,2,0
25,3,2,4
30,2,2,0
30,1,3,1
25,0,5,0
29,6,2,4
42,2,0,1
38,0,1,1
40,1,0,0
39,1,1,2
30,2,0,2
33,0,7,3
34,0,2,0
35,1,0,2
34,1,1,0
45,0,2,0
37,0,0,0
35,1,0,2
35,1,0,0
43,0,1,0
47,0,3,1
39,1,0,1
33,1,4,0
41,0,0,0
28,3,1,0
33,1,3,3
35,1,1,1
33,4,5,1
42,1,2,0
38,1,1,0
31,1,1,0
24,1,2,2
31,0,3,0
49,2,0,1
41,0,2,1
42,5,0,1
29,1,0,0
27,1,0,0
35,0,0,0
40,1,1,0
29,2,0,0
38,1,2,0
32,1,4,0
28,1,7,4
31,1,1,2
43,0,1,0
36,0,1,0
36,2,0,0
38,0,3,0
46,2,3,0
36,0,0,0
42,1,1,0
37,0,5,0
38,1,1,0
18,3,3,3
38,0,9,2
33,2,0,0
39,0,0,2
31,2,0,0
37,2,0,0
40,1,1,0
41,6,0,0
46,2,0,2
35,0,1,1
42,1,2,1
43,0,0,0
38,0,1,0
30,0,1,0
31,1,2,0
35,0,1,2
24,0,0,0
24,0,1,1
38,3,2,0
27,0,8,7
42,5,2,0
36,1,1,0
29,1,2,1
36,1,0,0
25,3,0,0
37,0,1,2
33,2,0,0
37,2,0,0
28,0,0,1
41,0,1,0
38,1,3,1
36,0,1,1
32,2,3,1
30,1,1,0
38,1,4,0
31,2,1,0
43,1,2,1
44,1,1,1
40,1,0,0
40,0,0,1
39,1,1,0
33,0,4,0
37,1,1,1
41,0,1,0
37,0,1,0
32,0,10,0
39,0,0,0
38,0,0,0
52,1,0,0
44,0,2,1
33,0,1,1
45,2,2,0
39,2,0,3
35,1,1,0
34,4,0,0
36,6,0,0
24,1,7,1
42,1,2,0
38,0,3,1
39,0,2,1
41,0,0,1
37,0,2,0
51,1,1,0
39,1,1,0
37,0,1,1
34,0,0,0
38,0,0,1
34,2,1,0
40,1,3,0
44,2,0,0
32,0,0,1
37,1,0,0
32,2,2,0
41,0,0,1
36,3,2,0
34,0,2,0
30,2,1,0
32,0,1,0
41,1,0,0
36,2,0,2
45,4,1,0
36,1,8,0
35,1,1,0
41,1,0,0
33,1,1,0
35,2,0,0
31,0,7,1
31,1,3,0
40,0,2,1
35,0,0,0
32,2,1,0
34,2,1,0
30,0,6,1
35,0,0,0
43,2,1,0
39,1,1,0
40,2,0,0
20,1,8,4
32,2,0,2
38,2,1,0
34,2,0,1
21,0,3,0
32,3,4,2
21,5,9,4
41,0,3,0
32,0,1,2
35,0,1,0
36,2,1,0
43,1,1,0
40,0,2,2
35,2,3,0
30,2,2,2
35,0,2,1
40,3,1,1
40,0,1,0
44,0,2,2
48,1,1,1
28,0,2,1
40,0,2,1
47,0,2,0
41,1,1,0
41,0,0,0
53,2,1,1
42,0,2,1
38,2,6,4
32,0,2,0
38,2,3,2
32,3,3,5
46,3,5,4
38,0,1,1
46,3,1,0
28,2,2,2
38,0,1,0
39,2,2,0
30,0,1,3
40,2,3,0
40,0,0,0
45,3,2,1
49,1,0,3
45,0,0,0
35,0,0,1
27,0,0,0
36,3,2,0
37,0,1,0
31,0,9,1
39,2,1,0
39,1,1,0
40,0,2,0
39,0,1,0
26,1,2,0
41,7,0,2
37,3,3,0
26,1,1,0
44,2,1,0
41,0,1,0
53,0,3,1
25,1,7,1
40,1,3,0
44,0,0,2
40,0,4,0
33,5,9,6
39,1,0,1
41,1,0,0
35,1,3,0
35,4,1,0
38,0,2,0
23,2,0,1
23,0,0,0
34,1,1,1
35,1,2,0
28,0,2,2
28,1,8,0
23,0,2,1
40,0,4,0
43,2,0,0
35,6,3,3
35,0,3,0
42,0,1,0
26,5,10,8
33,5,5,1
51,1,1,1
30,0,3,0
32,0,2,0
41,2,2,0
39,2,2,0
39,0,0,0
32,1,1,0
34,1,1,3
29,0,1,0
31,4,1,0
45,0,2,0
28,1,1,1
39,1,3,0
27,1,3,0
44,3,0,2
35,1,1,1
38,0,4,0
42,2,0,0
37,1,1,0
39,1,1,0
37,1,2,1
32,0,3,1
43,1,1,0
38,1,0,2
45,0,0,1
42,2,1,0
36,0,2,2
38,1,0,0
35,0,4,0
35,1,5,0
43,0,1,0
34,0,1,0
34,1,6,0
31,2,2,0
35,1,0,0
50,1,0,1
38,1,0,0
44,1,2,1
32,0,0,1
35,3,0,0
38,1,0,2
28,1,6,1
36,2,1,0
43,1,2,2
33,6,0,2
33,1,0,1
34,1,1,0
32,3,1,1
38,0,2,0
27,0,9,1
36,2,1,0
28,0,3,0
34,0,2,0
36,2,0,0
44,2,2,0
31,0,3,0
44,1,3,0
38,1,0,1
41,0,1,0
30,0,0,0
43,1,2,0
43,1,3,2
43,1,4,0
44,0,2,0
34,3,3,0
32,4,2,2
36,1,0,1
55,0,1,0
35,0,2,0
38,0,2,0
41,0,0,1
34,1,2,0
39,2,0,1
32,9,0,4
38,0,1,0
38,0,2,0
45,0,0,1
32,0,2,3
37,0,2,0
45,0,0,1
38,0,1,0
34,0,1,1
41,1,0,0
43,3,1,1
37,0,1,1
28,0,0,1
24,3,2,5
37,0,2,1
34,2,4,1
38,0,9,2
47,0,1,0
28,2,4,2
35,3,1,0
27,3,1,0
41,0,0,1
49,0,3,1
30,2,2,2
31,2,1,1
39,3,4,0
30,1,3,0
33,2,0,1
39,2,2,0
30,0,3,0
28,2,2,0
29,2,1,0
40,1,1,0
35,0,5,2
40,0,0,1
40,1,0,0
40,0,6,2
43,3,1,1
37,1,0,1
27,1,2,0
50,0,2,1
34,1,0,1
32,2,4,1
39,0,13,2
25,2,2,7
30,0,2,1
43,1,0,0
39,1,1,0
34,2,1,1
37,0,6,2
26,7,0,0
29,1,1,1
32,0,1,0
42,1,1,0
31,0,3,0
44,0,1,0
30,0,0,0
42,1,0,0
43,1,2,1
28,3,2,3
41,0,1,0
33,0,5,0
33,0,0,0
42,0,2,0
32,3,2,0
37,0,0,1
43,2,1,3
37,0,0,3
36,1,0,1
40,2,1,1
38,4,0,0
28,0,1,0
20,2,5,4
26,0,0,0
42,0,2,0
49,2,0,1
46,0,0,0
28,1,2,0
41,2,1,1
35,1,1,0
32,2,0,0
36,1,0,2
42,2,1,0
29,0,5,0
32,3,1,0
36,2,1,1
42,1,1,0
36,0,3,2
38,1,1,1
40,1,0,0
35,0,1,0
34,6,7,3
49,1,1,0
37,1,1,0
35,0,2,1
32,3,0,0
28,2,0,1
40,1,1,1
44,1,3,0
38,1,2,0
43,5,2,1
36,0,2,0
43,1,1,0
41,5,0,2
38,4,2,0
48,1,1,0
37,2,1,0
27,1,1,0
35,0,1,0
43,2,1,1
33,2,0,1
31,5,0,1
27,1,1,0
42,0,2,1
38,0,1,1
42,1,1,0
45,0,1,1
31,2,1,1
35,1,1,1
27,2,3,0
34,2,1,0
30,2,1,1
36,0,0,0
30,1,2,0
45,1,2,0
39,2,0,0
39,2,4,1
33,0,1,0
33,4,1,1
38,1,1,2
48,1,1,1
41,1,0,1
44,0,0,0
28,0,0,2
37,1,7,0
32,3,2,0
37,3,1,1
38,0,2,0
39,2,1,0
35,0,2,1
31,4,1,0
44,1,0,0
35,0,2,0
45,0,2,0
29,0,0,2
34,2,2,0
27,2,4,3
54,1,2,2
40,1,0,0
31,1,0,0
39,2,0,0
38,0,2,0
40,0,1,1
33,0,1,0
49,0,1,2
33,1,1,2
24,0,5,0
33,0,2,1
43,1,0,0
29,1,0,0
45,0,2,0
34,0,7,2
40,1,0,0
44,3,1,1
38,1,2,0
36,2,11,1
33,6,0,2
35,0,1,1
35,2,1,1
38,2,0,0
26,2,0,0
35,1,1,0
41,2,1,0
21,0,1,2
36,2,0,0
42,3,2,1
46,0,1,1
36,1,2,1
32,2,2,0
43,0,0,0
35,4,1,1
31,1,6,2
37,0,2,0
33,1,0,0
41,2,0,1
43,2,0,0
43,3,0,0
47,1,2,0
42,0,2,1
20,4,5,1
37,2,1,0
45,2,1,0
30,0,2,0
28,4,4,1
32,1,0,0
48,0,0,0
37,0,1,0
40,2,2,0
42,3,0,0
38,2,8,5
40,0,2,0
42,1,1,0
32,0,2,0
42,3,4,0
46,1,4,1
52,0,1,1
38,1,4,0
39,1,2,1
33,0,2,0
33,0,0,1
35,2,1,2
34,2,5,3
41,0,0,0
39,1,1,1
27,6,2,3
32,4,1,1
42,1,2,0
35,0,6,2
34,0,1,0
28,0,1,1
31,0,10,1
44,1,1,0
26,1,3,4
31,1,0,0
49,1,2,0
36,0,0,0
27,1,0,0
42,2,1,2
31,2,1,1
34,1,2,1
42,1,1,0
37,2,6,4
51,1,0,0
24,5,4,3
36,3,1,0
34,1,0,0
37,0,2,1
32,1,12,1
36,0,1,0
26,2,3,1
29,6,1,1
46,0,1,0
39,0,0,0
32,1,1,2
38,2,6,2
33,4,0,0
49,2,0,0
26,7,0,0
35,0,1,0
37,3,1,1
32,4,2,1
27,2,2,1
36,2,1,1
48,2,0,0
41,3,2,0
38,1,0,0
41,2,0,0
35,1,1,1
30,2,1,0
34,1,1,1
41,0,1,0
44,0,2,0
50,0,2,1
34,3,4,1
37,4,5,2
22,4,3,3
20,9,3,3
47,3,1,0
41,1,0,0
45,2,0,0
37,1,1,1
26,7,5,4
45,0,1,0
38,2,0,1
38,1,2,0
51,0,1,0
28,0,1,0
26,0,3,1
39,1,0,0
29,1,0,1
41,2,0,1
40,0,1,0
39,0,1,1
34,0,1,0
31,0,1,0
34,1,2,0
40,0,0,0
32,3,5,1
38,2,1,2
32,2,8,0
29,1,1,0
41,2,2,0
30,1,1,1
40,2,0,1
35,4,3,0
36,1,1,1
44,0,0,0
48,0,5,2
41,1,1,1
31,0,1,0
37,1,2,0
40,1,1,0
28,1,1,1
38,2,5,0
33,0,0,0
33,0,1,0
30,0,3,1
39,1,1,1
40,1,1,2
32,1,1,0
24,2,2,1
38,2,3,0
47,2,0,1
36,1,0,1
39,5,1,0
31,2,1,0
33,1,0,0
42,0,2,0
39,1,1,2
40,1,2,0
40,1,1,1
35,1,1,0
23,0,1,1
35,3,1,0
40,1,1,0
35,5,2,0
40,1,2,0
45,0,0,1
35,1,1,0
50,1,1,2
40,1,1,0
35,0,2,0
43,2,2,0
36,1,2,3
35,1,1,0
48,0,2,2
27,1,3,0
46,3,3,0
32,5,4,6
41,1,2,1
40,3,3,3
48,1,3,0
34,5,0,0
33,1,2,1
40,1,1,1
27,1,1,0
36,0,2,0
38,0,2,0
41,0,1,0
39,0,3,1
32,3,1,2
43,0,1,0
39,0,1,0
39,0,0,1
36,0,1,0
33,1,2,1
36,0,0,0
43,0,0,0
40,1,0,0
38,2,2,1
46,2,2,0
33,0,1,0
47,1,2,0
41,1,1,1
34,2,1,1
33,4,1,1
42,1,0,0
37,1,0,1
24,0,4,2
30,4,1,0
40,1,2,0
39,2,5,0
48,1,2,1
32,2,0,1
39,1,2,0
38,0,7,4
41,1,1,1
37,0,1,1
36,2,2,0
33,0,2,1
38,0,0,1
33,3,3,3
40,1,1,0
27,1,0,0
36,1,0,3
34,0,1,0
38,0,0,1
37,2,1,0
38,0,0,0
35,3,3,0
35,1,1,1
46,2,1,0
31,1,1,0
38,1,3,0
39,3,0,0
24,0,12,2
37,2,0,1
19,0,16,0
44,0,2,0
37,2,0,0
33,0,1,1
35,0,2,0
30,1,2,0
28,2,1,0
34,1,1,0
53,3,0,0
45,0,3,0
36,1,1,2
30,2,10,0
42,1,1,0
40,1,0,0
28,3,4,0
34,2,4,2
29,5,0,1
35,1,1,0
35,1,0,1
25,0,2,0
44,0,2,1
36,0,1,0
45,0,0,0
29,0,0,0
37,0,2,0
38,3,0,0
48,0,0,1
30,5,10,3
32,1,2,0
43,0,0,1
39,0,2,0
32,0,1,0
27,0,2,0
30,3,1,0
33,2,0,0
36,0,3,0
27,3,2,0
38,1,3,1
30,0,3,0
30,0,2,1
39,0,1,0
39,1,1,1
39,2,2,1
33,0,1,1
37,1,3,0
36,1,1,0
39,2,1,0
41,4,1,0
29,1,3,1
35,1,0,0
35,1,1,1
34,0,6,2
55,0,0,1
23,3,8,3
32,2,3,0
39,1,2,0
38,2,2,0
40,3,1,1
37,0,3,0
32,5,7,8
36,1,0,1
30,1,0,1
29,1,0,2
42,1,1,0
40,0,0,0
34,0,2,3
38,0,1,1
28,1,4,0
40,1,2,1
39,1,1,0
41,0,1,2
29,1,2,0
37,2,3,2
33,1,0,0
32,1,4,1
25,2,3,3
28,1,5,0
40,2,0,0
35,2,1,1
41,1,1,0
37,6,6,5
41,0,2,1
22,0,13,0
40,0,1,0
30,1,0,0
36,2,2,0
36,4,4,3
44,2,2,0
30,1,3,0
32,1,1,1
39,0,1,0
30,0,8,1
44,2,0,1
34,0,2,1
34,0,1,2
34,2,2,1
33,2,6,0
30,0,2,0
31,2,0,0
46,1,1,1
32,1,0,0
43,0,1,0
28,1,5,4
49,1,1,0
41,1,3,2
29,1,1,1
30,1,0,1
36,1,0,0
46,4,1,0
37,1,1,1
34,1,1,1
45,1,3,0
37,0,3,0
38,1,0,0
37,2,2,0
37,0,0,0
26,1,2,0
31,4,0,0
52,1,1,0
45,0,0,1
49,0,2,0
36,1,5,3
32,1,0,0
45,1,1,0
40,0,2,0
38,0,0,1
24,3,1,4
43,0,0,0
39,0,1,0
49,1,4,0
42,1,1,0
42,0,1,1
44,0,1,1
39,4,2,1
33,0,1,1
39,0,0,2
35,1,0,0
51,4,1,1
38,0,1,0
27,0,4,4
24,7,0,0
28,2,0,1
38,0,2,1
35,0,8,0
46,3,0,0
28,0,3,1
38,1,0,1
32,2,0,0
31,5,2,3
51,0,1,1
31,2,4,3
34,0,2,0
38,1,0,1
44,0,2,0
35,1,2,1
35,1,1,1
30,0,4,1
29,0,1,0
30,1,2,0
27,0,5,1
45,3,1,0
41,2,1,0
41,0,0,0
27,3,2,0
32,2,3,3
43,2,1,0
42,0,2,0
37,0,3,0
42,1,1,0
33,2,5,4
31,2,0,2
44,0,1,0
34,2,1,1
33,0,2,0
35,1,2,0
34,0,1,1
32,1,0,0
24,1,1,2
44,0,3,1
45,1,1,0
40,0,0,0
38,0,1,0
17,3,3,4
35,0,4,1
38,0,0,2
37,1,1,0
33,2,2,2
41,2,1,0
27,3,1,0
30,0,1,0
45,0,1,0
38,1,9,0
40,2,1,0
22,1,0,0
29,2,1,0
53,3,0,1
31,0,1,0
36,5,0,0
32,1,5,1
38,4,2,2
41,1,1,0
30,0,2,1
37,1,4,0
42,3,3,0
34,1,1,0
28,0,0,0
34,1,0,0
48,3,0,0
36,1,0,1
35,1,1,1
35,3,1,0
23,1,9,2
36,0,3,1
24,2,6,5
37,0,1,1
28,3,0,3
32,0,2,1
43,3,1,0
40,0,1,0
38,2,0,0
39,1,1,0
27,1,4,0
38,0,1,0
39,1,2,0
33,2,1,0
44,0,3,0
46,7,0,4
36,1,1,2
34,1,1,0
39,0,0,2
41,0,0,1
35,0,1,1
23,4,6,3
44,2,2,2
31,3,1,0
45,4,2,1
44,1,0,1
35,4,1,1
31,2,2,0
33,1,0,0
29,4,0,1
41,0,0,0
40,1,1,0
37,0,1,0
39,0,2,0
32,4,0,0
36,2,4,1
38,3,3,0
37,1,2,0
40,3,1,1
34,0,0,0
40,1,1,0
39,1,3,0
38,1,2,0
40,0,0,0
43,1,0,0
38,1,0,1
42,3,5,1
28,1,0,0
35,1,0,0
33,0,1,0
35,0,3,1
38,1,1,1
33,0,8,2
30,1,2,2
31,0,2,0
41,0,1,1
21,2,5,5
36,0,0,0
34,0,10,1
56,2,0,1
43,0,1,0
30,1,0,1
39,1,2,0
30,0,1,0
47,3,0,1
28,0,1,0
46,0,4,0
41,0,3,0
28,0,4,0
48,1,0,0
33,0,1,1
34,2,1,0
24,1,0,1
30,3,1,1
38,2,2,2
40,0,2,1
34,2,1,0
25,1,2,0
44,0,0,0
23,12,6,5
45,8,3,0
44,1,1,2
31,0,0,0
44,1,2,0
48,1,0,0
27,1,3,0
42,1,0,1
39,5,1,1
27,3,3,1
38,0,4,0
37,0,1,1
26,3,3,1
28,0,0,0
33,1,0,1
33,2,2,0
50,0,3,1
43,4,2,0
36,0,0,1
24,0,5,1
31,0,10,2
34,2,1,0
32,0,2,1
38,0,1,3
40,0,2,0
37,0,1,1
46,2,1,1
35,0,1,0
34,0,1,0
33,0,2,0
30,0,2,3
44,3,1,2
44,0,0,1
34,0,1,1
44,2,0,0
36,1,1,0
30,0,1,1
36,1,3,1
43,0,1,1
43,0,0,1
49,0,1,0
39,1,0,0
21,9,5,4
34,3,2,1
42,1,2,0
40,1,0,0
32,1,5,1
45,1,1,0
33,1,0,0
38,1,1,0
40,2,1,1
35,3,3,6
25,3,8,5
37,0,6,1
33,0,1,0
44,0,1,0
38,0,2,0
32,0,1,0
28,2,2,3
49,1,3,0
33,1,0,0
27,1,1,0
35,2,1,0
36,1,4,2
31,2,6,1
25,1,1,2
23,6,5,4
45,6,1,2
25,2,2,2
26,1,1,0
18,7,5,2
37,0,1,0
39,1,1,0
37,1,0,0
37,0,0,0
43,1,2,1
38,1,2,1
44,4,1,1
21,1,2,0
33,3,3,1
33,1,11,0
39,1,0,0
42,0,5,0
32,0,2,0
52,0,2,2
29,1,4,1
31,0,2,2
31,0,1,1
44,0,1,1
37,2,5,1
41,0,1,0
36,2,2,0
34,1,2,0
39,0,1,0
32,2,2,1
34,3,1,1
34,3,2,0
32,0,1,1
39,1,2,0
32,3,6,1
36,0,2,0
26,4,1,2
41,2,1,1
32,1,2,1
39,0,0,0
38,1,0,0
35,1,1,0
50,2,1,0
49,0,2,1
35,0,10,0
38,0,3,1
32,0,0,0
44,0,3,2
40,2,2,2
30,0,0,0
31,1,2,0
40,2,1,1
47,1,1,1
36,1,1,0
34,1,0,1
36,1,0,1
35,3,0,0
33,11,1,0
29,0,5,0
33,1,3,1
35,0,0,0
29,0,2,0
32,0,0,1
33,2,2,0
39,0,3,1
33,2,1,0
40,7,0,0
25,2,0,1
24,2,4,6
31,0,0,0
32,1,3,0
38,1,2,2
38,1,2,2
48,1,1,0
40,1,1,0
38,0,1,0
39,1,0,0
47,0,1,2
24,0,4,1
32,2,1,1
41,2,0,0
36,0,0,1
38,14,0,0
35,0,3,0
38,3,1,0
48,2,4,0
30,2,1,1
27,2,2,0
40,0,0,1
42,1,2,1
21,2,1,0
39,0,0,1
40,1,0,1
48,0,0,0
35,0,0,0
41,0,1,0
36,2,0,1
43,3,0,0
35,2,0,0
37,9,0,1
35,1,2,1
31,0,0,2
31,2,5,1
34,2,0,0
33,1,1,0
43,3,3,0
38,1,4,0
36,1,0,0
32,1,1,1
31,1,0,0
45,1,0,1
44,1,2,1
35,4,1,1
33,0,0,1
34,0,2,2
24,2,0,1
37,1,1,6
42,1,4,0
36,1,3,1
24,1,1,1
47,1,1,0
46,6,1,1
35,0,1,1
43,2,1,0
30,1,2,0
24,7,2,0
23,2,4,2
29,1,1,2
39,0,0,0
44,1,1,0
47,1,2,0
32,0,3,2
48,2,3,0
28,0,3,0
31,5,6,2
42,0,0,0
29,0,12,1
38,0,0,1
28,2,4,1
41,0,1,1
35,1,2,1
35,0,1,0
40,2,1,0
36,1,2,0
35,2,0,1
38,2,1,0
49,1,0,0
46,0,2,0
41,1,3,0
37,0,1,0
41,2,3,2
41,1,1,0
33,2,11,3
39,0,1,1
41,2,0,0
31,9,1,1
36,0,2,1
36,0,3,1
23,4,3,1
41,0,2,1
27,1,2,1
30,1,1,0
37,3,0,2
39,0,1,0
31,0,1,0
29,3,9,4
49,0,1,0
37,1,0,0
35,0,9,0
32,0,2,0
38,3,0,1
19,0,5,1
34,2,4,0
30,2,6,0
46,3,3,0
28,1,1,1
36,1,0,1
33,0,2,1
45,0,1,0
34,1,0,3
47,1,0,0
37,0,2,1
36,2,3,2
43,2,1,0
33,1,1,0
22,0,5,2
26,2,0,0
33,0,3,0
27,1,2,1
26,2,9,5
19,2,0,1
33,0,6,1
39,0,2,0
34,0,1,0
36,0,1,1
32,0,0,0
37,2,1,1
46,0,2,0
29,1,1,0
40,1,1,0
21,1,0,0
45,1,1,1
40,1,1,1
36,0,0,0
36,0,2,0
32,3,4,0
32,1,1,0
33,0,6,0
35,1,0,1
37,0,3,1
43,0,2,0
33,5,4,1
32,1,1,0
36,1,1,1
49,0,3,1
37,3,1,0
36,2,3,2
46,1,1,1
44,0,0,0
33,0,1,0
31,1,1,0
25,2,2,2
36,1,3,1
26,0,0,0
43,1,0,0
40,3,1,2
29,1,2,0
22,5,3,7
40,0,4,1
41,1,1,1
38,1,1,0
30,0,2,1
38,1,1,1
37,0,1,0
31,0,0,1
21,0,15,1
28,3,1,2
34,0,2,3
43,2,2,0
42,1,1,1
37,0,0,0
34,0,0,1
35,1,2,0
34,1,10,3
46,0,0,0
44,1,0,0
39,1,2,1
41,2,1,0
33,1,1,0
39,1,2,0
27,1,4,0
29,0,3,3
41,1,2,2
36,2,1,1
53,0,1,0
36,1,0,2
45,2,1,2
34,0,3,1
42,0,1,0
40,0,0,3
43,1,1,0
53,3,1,0
29,2,3,3
31,1,1,0
45,0,0,0
38,2,1,0
35,1,1,0
29,1,0,1
48,0,1,2
40,1,0,0
34,2,1,0
35,2,0,1
36,2,0,0
43,0,1,0
47,0,1,0
28,1,1,0
35,0,1,1
29,2,4,0
38,1,0,0
32,0,2,0
40,1,4,0
26,3,0,0
30,0,1,0
47,1,1,0
40,2,0,0
34,0,0,1
43,1,2,0
31,2,1,0
21,2,1,0
35,1,3,0
44,0,1,0
40,4,2,0
38,7,1,0
32,4,6,5
34,1,1,1
43,2,1,1
39,1,2,0
41,2,7,0
36,1,1,0
31,0,1,2
33,4,6,1
40,1,1,1
30,5,0,3
36,1,0,1
36,1,0,0
33,0,1,0
51,4,2,2
34,1,4,0
36,9,0,2
46,2,2,1
27,0,1,0
39,0,8,2
47,1,1,0
52,1,0,2
27,1,4,0
26,0,15,0
39,2,1,0
40,2,2,0
36,0,1,0
44,0,1,0
43,1,1,1
37,0,0,0
25,0,7,1
45,0,0,1
32,1,2,0
36,0,1,0
40,0,0,0
44,1,2,1
35,0,2,0
45,0,4,0
30,1,0,1
42,2,0,0
42,0,0,0
41,0,11,1
47,1,3,1
36,2,5,3
41,0,2,1
31,2,0,0
37,1,2,1
38,0,2,1
42,1,1,0
29,0,3,0
37,2,4,0
31,0,0,0
28,0,0,1
40,0,0,1
41,0,0,1
41,0,2,0
53,0,1,0
31,0,1,1
39,0,1,1
38,1,1,0
35,0,3,0
45,0,1,0
48,1,2,0
41,3,1,0
38,3,2,2
43,2,2,0
36,0,3,1
37,2,2,0
40,1,1,0
42,1,3,0
34,4,7,2
45,0,3,1
35,5,0,3
40,1,2,1
38,1,1,1
30,0,1,0
46,2,1,2
32,3,1,0
32,0,2,0
43,2,0,0
41,0,0,0
34,1,2,0
42,2,1,0
37,1,4,1
35,1,0,0
32,1,1,0
36,4,0,3
39,0,3,0
34,1,3,1
24,4,1,0
35,3,1,0
23,0,0,1
36,4,2,0
26,2,0,0
38,1,3,0
29,3,6,3
30,0,1,0
37,1,0,0
37,0,0,0
38,1,2,0
30,0,3,3
37,1,2,0
43,1,0,0
27,0,2,0
34,0,0,0
36,3,0,1
44,0,3,1
20,13,1,0
41,0,0,0
28,0,0,2
34,0,4,1
34,0,1,0
40,0,1,0
43,1,2,0
42,1,2,1
44,0,2,0
32,0,2,0
35,2,0,0
39,2,3,0
27,1,0,0
36,6,1,0
51,0,0,1
36,1,0,0
34,2,6,0
36,0,3,1
36,1,2,1
44,0,2,0
50,1,0,0
50,2,0,0
28,0,0,1
36,1,1,1
51,1,0,0
35,2,2,2
29,1,2,7
44,1,2,2
36,0,2,0
35,1,0,1
46,0,1,0
37,1,1,0
31,3,3,3
39,2,1,0
45,1,0,0
40,2,1,0
35,4,3,2
24,2,3,4
32,1,1,1
27,0,2,1
31,0,1,1
32,0,1,0
40,1,1,1
34,4,2,0
31,2,3,0
34,0,0,1
41,1,0,1
35,1,0,0
45,2,0,0
45,0,0,0
32,1,1,0
27,0,2,0
37,4,3,0
32,0,1,0
42,0,0,0
36,0,1,0
37,0,4,4
41,1,2,0
33,0,0,0
34,2,7,1
31,2,1,2
36,1,0,0
39,0,1,1
39,1,0,0
38,0,2,0
27,1,1,0
28,4,4,1
38,1,2,3
49,2,1,0
39,1,1,0
23,2,10,4
34,0,1,1
40,0,1,0
32,0,3,2
38,1,3,0
26,3,5,4
34,0,1,1
22,4,0,0
34,2,1,0
31,0,0,0
42,0,2,1
31,6,0,1
35,3,1,0
39,3,1,1
30,1,3,0
47,1,0,1
32,1,2,0
33,0,12,1
33,1,11,0
44,0,2,1
25,1,3,0
39,0,2,0
45,0,2,0
33,0,1,1
45,1,3,2
42,1,1,0
29,0,1,0
33,2,1,0
34,1,1,0
42,0,0,1
41,0,1,0
47,1,2,0
39,3,4,0
38,2,1,1
34,0,2,1
38,0,2,0
41,1,0,1
35,4,0,1
31,0,1,1
35,0,0,0
27,5,8,5
40,2,0,0
50,2,2,1
30,2,0,1
18,4,5,2
36,1,0,0
40,2,6,0
42,0,0,3
39,0,1,0
43,0,1,0
30,5,5,1
28,4,2,3
44,2,0,0
44,2,1,0
37,0,2,2
30,1,0,1
29,1,2,0
29,1,2,0
35,3,3,1
41,3,0,0
23,2,0,0
35,4,1,0
30,2,1,3
33,0,1,1
26,0,6,1
35,0,0,0
43,1,2,0
20,1,1,0
37,1,1,1
32,2,2,2
47,1,1,0
34,4,3,0
30,0,2,1
35,0,4,0
30,2,2,2
37,2,1,3
50,0,2,3
23,1,1,0
40,0,2,2
42,0,0,0
31,4,2,2
26,6,6,6
35,9,0,2
39,5,0,1
45,3,0,1
30,0,1,0
44,0,2,1
31,0,5,4
42,1,2,1
43,2,1,0
37,2,2,0
33,1,2,0
26,0,1,1
37,2,0,0
36,2,4,0
42,0,9,2
35,1,1,0
38,2,12,1
42,3,0,0
34,4,2,0
43,0,0,2
36,0,1,0
42,1,2,0
35,1,3,2
44,0,0,0
26,3,4,1
36,0,1,0
43,3,3,2
33,2,1,0
54,0,1,1
32,1,1,0
44,0,1,0
45,1,2,0
41,2,0,0
38,1,0,1
37,2,2,1
35,0,1,0
43,1,0,1
38,3,1,1
36,1,5,1
48,0,2,0
36,1,0,0
26,1,1,0
21,3,2,0
37,1,3,0
29,3,4,7
38,1,0,0
39,0,2,0
40,0,3,0
29,1,1,1
32,3,3,3
41,1,2,1
30,1,7,2
46,0,0,1
36,0,1,0
30,0,0,0
29,3,2,1
28,1,1,0
44,1,1,0
36,1,9,1
34,3,6,1
38,0,1,0
38,0,1,2
38,0,3,1
33,2,2,1
42,1,2,0
38,0,2,0
40,0,2,0
38,0,2,0
32,2,1,1
38,1,1,0
26,3,8,7
36,3,0,0
31,3,4,3
33,0,2,0
37,1,1,0
42,0,1,0
33,1,3,3
36,1,2,0
46,1,3,0
43,1,0,0
45,3,0,0
43,0,1,1
40,1,3,0
33,4,0,0
30,2,0,0
34,1,2,0
36,3,1,0
29,1,1,0
34,0,0,0
42,0,1,2
27,2,1,2
35,1,3,0
40,0,0,0
41,1,1,0
34,2,10,4
38,5,0,1
39,1,1,1
49,1,0,0
23,1,5,3
33,6,0,0
35,0,0,0
37,1,1,1
49,0,1,0
44,0,1,0
27,1,5,4
46,0,3,0
45,0,2,2
31,0,0,0
31,1,1,1
43,0,3,0
37,2,0,1
38,1,1,0
27,1,3,0
40,3,1,0
23,4,3,0
40,1,0,0
40,0,2,0
33,1,3,1
48,2,0,2
32,1,0,0
38,0,2,1
43,1,1,2
35,1,2,1
34,1,3,1
40,3,1,0
38,1,2,0
41,1,0,0
42,0,1,0
28,2,10,3
36,1,2,0
42,1,1,0
22,5,5,3
42,1,5,1
44,2,1,1
36,1,4,1
54,1,1,0
21,2,2,0
32,0,2,1
29,0,1,0
26,0,8,0
44,0,1,0
52,1,0,1
34,0,8,0
27,0,1,0
28,4,5,2
34,0,2,0
35,0,1,0
45,1,2,1
49,0,3,1
46,1,4,1
37,0,0,0
43,1,0,2
32,4,2,2
48,0,3,1
35,0,1,0
27,1,1,0
33,0,1,0
37,0,1,0
22,3,3,3
36,0,1,1
38,1,1,0
29,1,1,0
47,0,0,0
36,1,2,1
39,0,1,2
34,1,0,1
29,1,5,2
39,2,1,0
38,0,0,1
43,2,1,1
40,2,1,1
33,3,3,0
32,4,4,0
44,2,2,0
40,1,0,0
27,2,3,0
30,4,2,4
35,6,0,0
41,2,1,0
28,0,0,0
34,4,1,2
27,4,3,3
47,0,1,0
28,2,1,0
34,0,1,1
45,0,1,0
40,0,2,1
42,8,1,1
34,0,4,0
45,1,1,0
32,0,2,0
26,4,1,2
41,3,0,0
39,0,3,1
35,1,0,0
24,6,4,4
29,2,1,0
45,5,1,2
40,0,1,2
33,2,0,0
28,0,6,1
40,3,5,0
41,0,1,0
47,0,1,0
46,0,1,0
42,2,7,3
40,2,0,0
29,1,2,1
39,5,0,2
37,0,0,0
43,0,1,1
28,0,1,0
42,1,2,2
25,0,1,0
32,1,0,1
38,0,2,0
29,0,1,0
35,1,1,0
47,0,2,1
39,1,0,0
40,2,2,1
40,0,1,0
30,1,3,2
42,0,3,0
32,0,4,0
32,2,0,1
34,0,2,2
37,6,4,1
50,0,1,1
38,2,2,0
37,0,2,1
47,1,0,1
37,1,0,0
23,1,2,1
36,0,2,2
42,0,2,0
37,1,0,1
23,4,9,1
47,2,1,0
35,1,1,1
37,3,6,1
41,1,2,0
34,1,0,1
35,1,0,1
43,0,1,1
44,1,1,1
31,2,0,0
32,5,3,2
30,7,2,2
29,0,0,0
40,0,2,0
45,3,2,0
43,2,1,2
34,0,0,0
32,5,1,2
43,0,2,2
24,1,3,0
30,0,2,0
32,0,1,2
44,1,3,0
32,1,3,0
39,1,0,0
38,1,1,0
35,0,0,0
29,2,3,0
37,6,2,2
28,1,0,0
39,0,1,0
37,1,3,0
52,1,1,1
34,0,0,1
36,2,0,1
32,0,8,1
39,2,0,2
41,1,2,0
29,5,3,5
32,1,3,1
29,0,1,0
29,0,0,1
38,0,1,2
44,0,1,1
34,0,3,0
34,3,1,1
34,7,7,4
38,1,0,1
38,0,1,1
33,0,1,0
38,2,1,0
34,0,1,2
45,0,0,0
36,2,1,0
51,1,1,0
40,2,1,2
42,0,4,1
43,1,0,1
32,1,1,2
34,1,1,1
34,1,1,3
38,1,2,0
38,0,2,0
36,1,2,0
47,1,1,1
37,2,0,0
41,0,8,1
37,0,0,0
35,1,5,0
34,2,0,0
31,0,0,1
39,0,1,0
30,0,2,0
43,0,1,1
50,5,2,0
26,2,3,0
30,9,0,1
28,1,1,0
35,2,2,0
39,3,2,1
40,2,3,0
38,0,0,0
46,1,0,0
39,0,1,1
26,9,5,6
37,2,5,0
41,1,1,0
35,0,0,0
27,1,2,1
31,2,5,4
34,1,2,0
31,0,0,0
36,0,1,0
46,2,2,1
48,1,0,0
30,0,1,0
34,1,0,0
32,1,1,0
37,2,2,4
39,3,3,0
26,1,1,2
39,0,1,0
42,3,1,0
27,2,0,1
43,1,2,0
29,6,4,3
40,0,0,1
55,3,1,0
53,2,3,0
37,1,0,1
38,0,0,0
28,6,1,3
37,1,0,1
35,1,1,1
44,0,1,1
43,2,3,0
28,1,2,0
29,5,2,3
38,3,1,1
33,1,5,0
41,1,2,2
45,0,0,2
44,2,1,1
43,0,0,1
35,4,0,1
50,2,0,1
40,0,0,0
30,1,0,1
29,0,6,1
49,0,3,2
32,1,0,0
40,1,1,0
33,0,9,0
38,1,0,1
34,6,1,6
42,3,0,1
49,1,4,1
33,2,1,3
44,0,1,1
31,1,2,1
36,2,3,0
51,4,0,1
43,1,2,0
37,0,0,1
38,0,2,0
34,0,0,1
34,1,0,0
30,3,2,3
41,2,0,1
42,1,0,0
36,1,2,0
31,0,2,1
33,1,1,1
33,1,1,1
31,0,0,0
26,0,1,1
44,1,1,1
46,1,0,0
30,1,2,0
32,0,1,0
34,2,0,1
31,0,0,1
37,4,1,0
31,2,0,1
35,1,2,2
34,1,2,1
28,1,0,1
39,1,0,0
33,0,5,2
45,0,2,1
27,5,2,3
44,1,1,0
49,1,0,0
42,1,1,0
43,3,0,0
29,0,1,0
40,1,0,0
41,1,1,0
30,1,0,0
35,4,1,2
37,2,1,2
45,1,0,1
39,2,0,0
36,0,1,1
40,0,2,0
37,1,1,1
26,2,7,5
32,1,1,0
48,2,0,0
27,1,3,0
32,4,2,1
41,0,0,0
37,1,2,2
31,1,1,1
39,0,6,1
32,0,0,0
25,8,2,1
43,4,2,2
27,2,1,1
43,1,1,0
32,0,1,1
27,2,0,0
34,0,0,1
29,2,2,1
33,0,5,1
26,2,0,0
38,2,1,2
46,1,1,1
30,0,2,3
27,0,3,0
23,1,4,2
41,1,1,0
51,2,4,1
38,0,4,0
36,1,2,0
34,0,3,3
32,0,3,0
34,0,2,2
29,1,3,3
42,2,0,1
45,1,1,1
34,1,1,2
23,0,1,1
29,2,1,0
39,0,0,2
33,2,3,0
33,0,1,1
40,1,0,1
35,1,1,0
19,4,7,7
27,0,8,1
35,0,1,0
39,2,1,2
31,0,1,0
43,1,5,1
29,1,1,1
34,1,2,1
31,1,0,0
51,1,2,0
38,0,1,0
21,7,6,4
40,0,1,0
39,2,2,1
37,0,2,1
32,5,8,4
32,0,7,2
31,0,2,1
33,0,0,0
42,0,1,0
29,1,3,0
25,4,2,1
38,0,2,0
41,0,1,0
35,1,0,1
45,0,0,0
32,2,1,2
47,0,0,0
32,2,2,0
33,0,0,1
39,1,0,0
36,4,7,4
48,1,1,0
42,2,3,0
38,2,2,0
37,1,3,0
37,1,4,0
29,0,11,1
37,0,1,0
37,1,1,0
44,1,0,0
42,0,0,0
40,0,0,0
38,1,1,1
37,1,0,1
30,2,1,0
40,1,0,0
40,2,1,2
45,2,2,1
40,0,2,0
35,0,0,2
32,2,4,4
38,0,1,0
37,3,3,0
40,1,2,0
33,0,1,0
36,2,7,4
40,1,1,1
32,2,1,1
22,4,1,4
40,0,1,0
38,1,1,0
35,2,0,0
35,2,1,2
34,2,0,0
39,0,0,0
45,1,3,1
37,2,1,0
29,0,1,0
31,0,5,3
46,0,0,2
36,1,2,1
42,1,1,1
29,0,2,1
38,0,2,0
49,0,2,0
29,0,8,1
38,3,3,2
21,4,8,2
34,0,3,0
41,1,0,2
42,2,3,1
28,4,3,2
30,2,0,0
32,2,1,0
36,1,1,1
31,1,6,0
41,0,3,1
36,1,2,0
34,3,3,2
31,1,1,2
38,1,1,0
34,0,10,2
40,0,1,0
35,4,1,1
39,0,0,1
42,0,2,0
42,1,2,0
28,3,5,0
42,0,0,0
43,0,1,0
36,2,1,0
42,0,0,0
41,2,1,1
42,1,1,1
38,0,3,0
37,1,1,0
34,3,3,3
29,0,8,0
38,1,1,1
33,0,1,0
33,0,6,2
35,1,1,0
35,2,1,0
40,4,0,0
38,3,3,0
46,0,0,0
39,1,1,1
44,1,0,2
35,3,5,5
35,2,1,1
19,5,10,8
43,3,0,0
32,2,1,3
34,0,1,0
34,0,4,1
25,4,4,9
37,1,0,0
35,1,2,0
43,0,0,1
20,4,7,1
36,2,1,0
32,1,0,0
38,2,0,1
29,0,1,0
42,0,1,2
38,1,2,0
35,2,2,0
29,2,5,1
30,3,1,5
37,2,1,0
40,1,1,0
44,0,1,0
46,2,0,1
46,0,1,0
30,1,2,2
47,2,1,1
42,1,0,0
45,0,0,0
28,2,1,0
35,0,0,0
46,0,0,0
37,0,0,1
42,2,0,0
34,2,8,3
41,1,4,0
39,2,2,0
33,0,1,0
28,0,1,1
28,0,2,1
35,0,0,0
31,2,1,0
35,3,1,0
45,0,1,0
43,0,1,1
31,1,0,1
43,1,0,0
26,3,4,2
28,0,0,0
38,1,1,0
35,1,5,0
32,0,1,2
34,0,0,0
31,1,1,0
44,1,2,0
42,3,2,1
34,0,1,0
30,0,1,0
36,0,1,0
39,1,1,1
35,3,4,4
31,0,2,0
38,0,1,1
42,2,0,2
34,1,1,0
27,0,1,1
33,2,0,0
30,0,2,0
42,2,1,0
36,1,0,0
18,0,1,0
30,1,7,5
40,1,1,0
26,2,5,0
28,0,0,1
33,1,0,0
40,0,0,1
24,3,4,3
33,0,4,1
43,1,2,0
32,6,0,1
39,1,2,0
46,2,4,2
29,0,11,0
34,1,2,3
33,0,1,0
23,0,0,1
36,3,1,0
39,1,1,0
35,3,1,1
40,1,3,0
48,0,3,0
38,0,1,1
36,0,1,0
36,0,3,0
33,2,3,6
39,0,1,0
39,2,1,1
38,0,3,0
34,1,1,0
46,2,3,1
34,1,2,1
26,4,5,8
45,0,1,1
52,1,0,0
30,2,7,3
36,1,0,0
39,5,0,0
31,2,3,0
29,2,2,1
32,2,2,2
38,2,1,0
38,0,2,0
37,2,2,0
33,1,3,2
35,1,0,0
30,6,0,0
21,0,2,1
42,1,1,0
31,1,2,0
39,1,1,0
38,3,3,1
33,1,0,3
43,2,0,1
45,0,2,1
40,1,0,0
25,2,3,7
39,0,1,1
39,3,1,0
54,0,0,2
38,0,0,0
35,1,0,0
35,0,1,2
36,0,2,0
35,1,0,1
31,0,1,0
36,0,1,0
39,1,3,1
28,0,3,0
36,3,3,0
36,1,1,0
31,0,1,0
43,1,3,1
45,1,2,1
34,0,2,0
43,0,2,0
44,1,0,0
38,1,0,1
25,2,1,3
40,1,2,0
30,0,2,0
43,0,2,0
45,0,2,1
47,3,5,1
37,0,0,0
45,0,2,2
30,0,2,0
30,0,4,0
46,1,0,0
33,4,2,3
35,1,1,0
33,0,2,0
31,0,2,0
43,0,3,0
32,1,2,0
41,0,3,1
30,2,1,0
39,0,2,1
40,0,3,0
35,1,0,0
33,1,2,1
42,0,0,0
39,1,0,0
47,1,1,0
42,0,1,1
35,1,1,1
35,1,1,3
33,0,1,1
29,1,1,1
31,2,2,0
39,5,1,3
43,2,0,1
38,1,1,0
34,1,2,0
36,1,1,1
34,1,1,1
34,1,3,1
29,0,1,1
50,1,1,1
28,7,1,0
37,1,1,1
37,0,2,1
29,1,9,1
37,1,1,0
26,4,1,1
46,0,1,0
38,0,1,0
49,0,1,0
26,4,3,1
32,1,1,1
29,8,1,0
38,0,3,0
39,0,2,3
34,3,3,2
45,0,1,1
38,0,1,0
33,2,0,2
30,0,0,0
33,2,4,0
28,2,1,1
40,1,1,0
45,2,1,0
36,2,1,0
39,1,1,2
33,1,1,1
39,1,1,2
35,1,1,1
32,4,1,0
29,0,8,0
24,5,10,4
47,0,0,0
36,0,2,0
35,0,2,0
41,1,1,2
30,1,0,0
41,0,1,0
26,0,5,3
26,1,2,1
39,0,0,0
38,0,10,1
32,0,1,1
30,6,2,1
21,1,5,1
24,3,6,1
41,2,3,0
38,1,2,0
40,1,1,0
29,1,1,0
43,1,2,0
53,0,0,0
36,2,0,1
25,3,0,1
40,0,2,1
37,0,0,0
29,2,1,0
33,1,0,1
28,1,2,1
38,3,2,2
30,1,1,0
46,0,2,1
36,2,3,1
42,1,2,1
50,2,1,0
42,1,2,2
34,1,0,0
43,2,0,1
24,3,7,0
51,0,1,1
42,1,1,1
34,0,0,0
39,2,2,0
48,1,0,0
25,0,0,0
39,1,0,0
31,0,1,3
39,1,3,0
27,0,1,0
32,4,2,0
37,0,1,1
35,2,2,0
43,1,0,0
23,0,0,0
43,2,0,1
22,6,4,7
47,1,0,3
39,1,0,1
21,3,4,5
31,1,4,0
30,1,1,1
36,2,2,0
31,10,2,1
33,4,2,3
41,2,0,0
38,0,1,0
39,2,0,0
34,0,4,0
34,4,5,4
34,1,8,9
29,2,1,0
31,3,1,1
36,2,1,1
47,2,3,0
36,1,1,1
30,3,3,3
35,1,1,0
39,0,0,0
31,0,1,0
37,0,0,1
26,5,3,0
33,0,1,0
36,1,6,1
28,2,2,3
33,1,2,1
34,0,1,0
35,1,2,0
41,2,0,0
31,1,2,0
37,5,1,0
29,2,2,0
47,0,2,0
35,1,0,1
35,1,4,0
35,0,1,1
35,0,3,0
46,0,1,1
44,1,0,1
37,0,0,0
38,3,2,0
45,0,0,0
43,1,0,0
29,4,3,1
38,0,1,0
45,4,1,0
45,0,1,0
25,4,2,2
38,0,1,0
36,1,1,0
31,0,1,2
31,1,0,0
28,5,1,0
25,1,3,2
39,1,1,0
36,5,4,6
43,1,2,0
25,10,0,4
35,1,0,1
51,0,1,0
33,3,0,1
34,0,2,0
40,3,1,0
31,1,2,1
36,2,1,1
29,2,2,0
38,3,0,0
32,3,11,1
29,1,4,0
41,0,0,1
34,0,1,0
34,0,5,1
29,5,3,2
45,1,1,0
31,2,1,0
46,1,2,0
40,0,2,1
33,5,0,1
43,0,2,0
38,0,1,1
42,1,0,1
42,0,2,0
38,1,1,0
41,2,0,0
30,1,4,0
35,0,1,0
27,0,2,1
36,1,1,0
27,2,0,0
50,1,2,0
29,1,0,1
43,1,4,1
47,0,1,0
16,2,5,2
34,2,2,0
31,5,5,4
26,0,0,0
33,1,1,1
40,0,0,0
35,1,2,0
34,8,0,1
35,4,1,1
50,2,1,0
40,3,0,0
50,1,0,1
34,0,1,1
33,5,1,1
26,2,9,3
38,3,1,1
36,0,2,1
41,2,0,0
27,0,0,0
36,2,0,0
42,1,0,1
35,0,1,0
33,2,1,2
42,2,2,0
40,2,0,0
38,3,1,0
41,0,4,0
34,1,1,0
30,1,4,2
31,0,1,0
29,9,0,2
41,0,1,0
37,1,0,0
40,0,2,0
38,1,0,1
44,2,1,0
36,2,1,0
22,3,10,4
24,0,1,1
46,0,3,0
45,0,1,1
44,0,2,0
28,1,2,0
42,0,3,1
42,1,0,1
42,2,1,0
30,1,0,0
45,1,3,1
50,1,1,0
28,1,0,0
31,2,1,0
35,0,1,1
31,0,0,0
32,2,1,0
25,0,1,0
31,3,6,1
33,0,1,0
40,1,1,0
30,0,2,2
33,3,1,0
47,1,1,1
40,1,2,0
28,1,1,3
25,0,1,0
32,1,5,0
28,0,0,1
32,1,1,0
26,0,3,0
39,0,3,0
30,1,2,0
35,1,1,1
34,3,3,0
39,2,0,0
29,3,1,1
36,0,2,1
38,1,0,1
44,2,3,0
43,8,2,4
33,2,2,0
30,0,0,0
37,0,1,2
39,0,0,1
31,0,0,1
35,0,3,2
43,2,0,0
31,1,2,6
54,0,1,0
40,2,0,0
32,0,10,1
30,0,1,0
40,9,1,0
39,0,2,1
48,3,1,0
44,1,0,1
22,12,1,0
37,2,0,1
37,0,2,0
39,0,0,0
34,4,1,2
34,0,1,1
35,0,1,1
41,0,0,0
41,0,2,2
41,0,4,1
39,1,1,0
44,0,4,2
31,2,1,1
21,6,2,0
41,1,0,0
34,1,0,0
37,1,2,0
45,2,1,1
34,0,1,0
35,8,2,1
36,3,0,0
29,1,0,0
35,0,1,0
37,1,0,1
33,0,0,0
42,2,1,1
43,2,4,1
42,0,0,0
46,1,2,0
44,1,3,1
32,0,0,1
51,2,0,0
38,2,0,1
33,0,2,1
38,0,1,0
32,1,1,0
47,0,0,0
34,3,2,0
24,3,0,1
26,4,7,3
36,3,1,1
29,0,1,1
27,1,1,2
41,2,3,0
35,1,1,1
28,1,1,0
31,2,0,0
44,0,0,0
29,5,1,2
39,0,1,1
26,5,7,4
40,0,1,0
37,3,0,0
43,2,1,1
32,7,0,4
30,1,1,1
37,0,3,0
25,0,3,1
42,1,1,2
43,0,1,0
43,0,1,0
38,1,1,0
33,0,2,1
33,8,1,1
49,1,1,0
31,1,3,0
31,3,0,0
34,2,4,1
29,1,1,0
32,0,1,0
37,0,3,2
35,0,2,0
45,2,1,0
39,3,1,0
37,3,0,2
38,1,1,3
35,1,2,0
29,0,2,1
28,1,1,0
35,0,1,0
36,1,1,1
37,2,1,0
40,1,1,0
34,1,1,1
28,8,0,2
53,0,3,0
39,1,2,0
33,3,2,1
23,3,0,0
36,1,1,1
38,1,0,0
35,0,1,0
28,5,3,3
31,0,1,0
26,2,3,2
37,3,0,0
35,0,0,1
32,3,1,0
43,0,4,0
37,0,4,2
50,0,2,2
48,1,1,2
33,3,2,1
34,0,0,1
24,1,3,8
26,2,7,1
34,2,2,0
45,0,1,0
37,1,2,0
41,2,4,1
37,1,1,1
49,0,0,0
31,0,1,1
22,0,2,1
37,1,1,0
27,0,5,1
39,0,0,0
34,1,0,0
42,0,1,1
34,12,0,2
27,0,11,0
39,0,2,1
37,1,2,1
36,0,1,2
46,2,0,2
23,0,3,0
33,1,1,2
34,0,1,0
45,0,0,2
35,0,0,0
41,1,3,0
38,1,1,0
41,0,0,2
26,0,2,0
23,1,1,0
32,4,8,6
26,0,1,1
28,0,0,2
27,1,1,0
26,1,9,1
45,2,1,0
30,0,4,0
33,0,0,1
27,0,1,0
35,0,1,2
39,2,0,0
29,0,4,2
29,1,4,0
39,1,2,3
50,0,2,0
42,0,0,0
38,1,1,0
35,0,1,0
32,0,0,0
45,3,3,1
42,1,1,1
34,1,1,0
24,0,9,2
37,2,2,0
41,5,7,1
47,2,3,0
39,0,1,0
33,3,0,4
44,1,1,0
29,0,0,0
35,3,2,0
33,2,10,0
31,1,0,1
33,1,1,0
29,8,6,5
43,0,2,1
40,0,3,0
37,0,2,1
54,1,1,0
36,0,1,1
36,2,1,1
42,2,0,0
35,1,3,0
43,0,2,2
37,3,0,0
28,0,3,0
44,1,3,0
26,7,2,1
31,0,1,1
41,0,1,0
36,3,5,0
34,2,2,1
42,1,0,0
27,2,8,1
35,2,3,0
27,1,3,0
40,1,0,0
29,1,3,0
40,6,1,3
33,0,1,0
37,1,0,0
36,3,0,1
38,1,3,2
40,1,1,1
38,2,2,0
31,0,4,1
32,1,2,1
40,1,0,1
36,2,0,1
27,2,0,0
35,1,3,0
27,1,2,0
41,0,6,0
34,0,2,0
45,0,2,0
35,1,2,0
44,0,1,0
37,1,2,0
33,1,2,0
35,0,2,0
31,1,2,1
41,6,0,2
36,0,2,0
37,2,2,0
34,2,1,1
43,0,3,0
36,0,0,2
55,1,2,0
41,1,0,0
44,1,2,0
28,6,2,2
31,0,0,0
37,0,3,1
35,1,2,1
41,0,3,0
33,1,0,0
44,0,1,0
37,1,3,0
31,2,6,4
38,1,0,0
40,5,3,5
38,1,1,1
37,0,0,1
34,0,2,0
34,2,9,3
43,1,5,1
19,2,4,3
36,0,0,0
28,2,2,0
38,2,0,0
28,2,4,0
28,1,0,3
22,3,5,1
41,0,1,1
41,1,2,1
24,2,2,2
49,2,1,1
26,10,2,1
42,0,1,0
39,1,1,0
39,1,1,0
31,2,0,0
47,2,2,0
37,0,2,2
35,0,0,0
21,1,0,1
44,1,1,1
38,0,1,0
45,2,2,1
49,0,1,2
37,0,2,0
32,2,2,1
29,1,1,0
32,0,1,1
34,0,0,0
41,1,0,0
26,0,2,0
39,0,2,1
33,0,0,1
31,3,1,1
48,0,2,1
39,0,0,0
48,1,2,0
45,0,1,0
28,2,0,0
36,2,1,0
53,2,4,1
38,1,1,1
26,2,8,4
22,5,1,0
43,3,0,0
42,2,1,0
36,2,0,1
33,0,0,1
37,1,3,0
23,1,5,4
36,1,0,0
42,3,2,0
37,2,1,0
28,3,1,0
28,0,2,2
35,1,3,0
39,0,0,1
39,2,3,1
30,1,3,0
36,2,3,4
37,2,1,0
41,3,1,0
37,2,0,0
41,0,8,1
53,0,1,0
41,3,3,0
31,1,3,0
35,1,3,0
36,1,1,0
41,1,1,0
41,1,1,0
26,9,0,1
42,0,0,1
26,2,5,3
34,0,0,1
28,3,3,3
33,0,2,2
37,0,0,0
38,0,0,0
31,0,4,1
41,1,0,0
33,1,2,0
34,0,0,0
39,2,0,2
39,0,1,0
35,0,2,2
29,2,3,1
33,0,6,2
34,0,1,0
37,1,1,0
38,0,5,2
39,1,1,2
38,2,0,0
30,0,0,0
43,1,2,0
33,3,1,2
33,0,1,0
30,5,4,6
48,2,2,0
41,2,2,0
40,2,2,1
31,1,1,1
42,0,2,0
30,0,4,1
47,0,1,0
29,2,5,1
42,1,1,0
46,1,3,0
41,1,1,0
38,1,1,1
33,0,0,1
48,0,0,0
42,1,1,0
34,1,1,0
28,1,1,1
38,0,1,1
41,0,0,1
37,1,1,1
37,1,3,2
43,0,1,0
43,0,1,1
42,2,2,1
36,1,2,1
27,1,3,0
33,0,0,1
44,0,0,2
35,1,0,0
21,4,4,3
32,2,0,0
45,1,2,3
49,2,0,0
35,1,2,0
42,2,2,0
28,4,7,5
27,2,7,4
34,1,0,0
35,2,0,2
39,0,0,1
39,1,4,0
39,0,1,0
33,3,3,3
31,0,3,2
37,1,1,0
39,1,0,0
45,1,2,0
21,2,1,4
28,0,6,0
32,0,2,0
51,1,3,0
36,0,2,1
34,1,1,2
37,2,1,1
27,0,0,0
37,3,4,2
30,1,5,0
38,0,0,0
35,3,1,2
36,2,0,0
44,1,1,0
35,2,2,0
41,2,1,0
38,0,2,0
25,2,2,2
32,2,0,0
43,2,0,0
25,0,11,0
37,1,2,2
35,4,1,1
38,0,1,1
36,5,3,0
35,2,3,2
33,0,1,0
39,2,2,0
22,0,13,1
29,1,2,1
33,0,1,0
33,1,1,0
27,1,2,1
27,4,5,3
25,3,4,2
26,1,2,1
46,0,3,1
44,1,2,0
24,1,0,0
33,1,2,0
28,1,0,0
37,0,5,1
46,2,0,2
35,0,1,2
38,0,2,1
28,4,3,2
37,0,2,2
31,1,2,3
40,0,0,2
51,0,1,0
45,3,1,2
34,0,2,1
40,2,2,0
36,0,0,0
37,2,2,0
36,0,2,0
25,0,1,0
37,1,0,0
34,0,2,2
30,0,2,1
30,0,1,0
39,3,4,3
37,1,2,0
36,0,0,3
30,2,1,0
33,0,3,1
44,3,1,0
34,0,5,1
45,1,1,0
46,2,0,2
35,3,1,0
41,0,3,0
32,0,2,0
41,0,1,2
22,8,10,2
34,2,0,0
33,2,0,1
38,1,2,0
32,0,2,0
40,1,1,0
29,1,1,0
33,0,0,0
41,2,0,1
46,1,1,0
24,4,8,5
33,4,3,2
33,0,2,0
34,0,0,1
26,0,2,1
37,0,0,0
36,1,1,2
49,1,2,0
34,2,0,0
35,0,1,0
35,0,0,1
44,0,2,0
43,0,1,0
35,0,0,1
50,1,2,1
29,2,15,7
34,2,5,2
39,3,0,0
15,6,5,8
40,2,2,0
34,0,1,0
32,0,2,0
41,1,0,0
40,0,0,1
32,1,3,0
27,4,2,1
46,1,1,1
42,1,2,1
34,2,0,0
43,1,3,1
32,2,1,2
34,7,0,0
38,2,0,0
26,3,4,0
32,2,1,3
35,1,2,0
29,0,1,0
30,1,1,0
36,1,2,0
36,1,0,1
31,0,0,0
42,1,1,0
38,0,2,0
27,6,9,1
39,2,1,1
39,1,0,0
39,6,1,2
37,1,0,0
34,1,1,0
43,1,0,0
29,6,1,1
36,1,1,0
30,1,2,0
34,4,0,0
49,0,1,1
29,0,2,0
38,0,2,0
47,0,1,0
30,0,0,2
25,2,2,5
36,0,2,2
41,0,1,0
27,0,5,1
44,0,3,0
39,0,2,1
32,3,1,1
25,3,6,3
31,0,1,2
27,2,1,0
28,2,1,0
32,1,1,1
29,0,5,0
37,2,1,0
40,1,0,0
35,0,2,1
32,0,0,0
39,1,0,2
30,4,0,0
35,0,0,2
39,1,0,1
42,0,1,0
34,0,3,0
29,0,1,2
38,1,2,1
18,2,4,7
31,0,1,0
35,1,2,1
47,0,1,1
29,1,9,0
31,2,2,0
36,1,0,0
40,4,1,0
29,1,4,0
27,3,4,1
16,2,3,3
42,2,0,0
33,1,1,0
38,0,1,2
33,2,1,1
37,1,0,0
32,1,1,0
42,2,1,1
43,1,4,2
31,1,0,0
31,1,9,0
27,6,0,2
35,1,1,0
27,2,2,2
39,2,1,0
34,3,1,2
36,0,1,1
33,3,1,0
29,1,3,1
35,3,1,0
38,0,1,0
42,2,3,1
31,0,2,0
27,2,6,1
34,1,1,0
35,1,1,1
39,0,0,0
37,1,0,0
37,2,2,1
33,1,1,1
37,0,2,0
41,0,0,1
34,1,1,1
48,1,2,0
43,0,4,0
47,1,0,0
44,2,2,0
45,0,2,2
35,2,0,1
36,0,4,2
23,2,4,1
42,1,1,0
38,1,1,0
31,3,1,2
30,0,1,0
41,1,3,0
28,2,0,0
38,1,1,0
33,0,4,0
36,1,3,0
43,5,0,0
43,3,2,1
36,1,0,0
43,6,3,1
35,5,2,3
40,0,2,0
39,1,2,2
29,0,5,1
30,1,0,0
32,3,5,0
25,2,3,0
32,2,1,0
30,0,4,0
23,0,0,0
33,3,0,0
32,1,0,0
33,1,1,1
27,1,1,0
40,3,0,0
37,0,1,0
27,3,2,0
45,0,2,1
43,0,0,1
32,0,0,1
35,1,3,0
45,0,1,3
37,1,1,1
41,1,0,1
28,4,5,3
34,1,1,0
32,0,1,0
46,0,0,2
24,3,7,5
33,1,1,0
38,2,2,0
43,0,1,0
31,0,2,1
37,1,1,1
40,2,1,0
38,1,3,0
32,4,2,6
26,0,0,1
32,1,10,1
47,1,4,1
29,2,0,0
38,2,2,1
32,1,2,0
38,0,4,0
33,0,6,2
28,0,3,3
37,1,0,0
42,2,3,0
36,2,1,1
39,1,0,0
17,1,0,0
40,0,2,0
38,0,1,1
19,4,4,8
43,1,0,0
39,0,2,1
27,3,7,3
38,2,1,0
31,0,0,0
32,2,1,0
28,4,1,1
44,1,2,2
44,0,0,0
41,2,1,0
23,4,4,4
40,0,3,0
37,0,0,2
40,4,1,1
43,0,1,0
29,3,9,1
37,1,0,0
48,0,2,1
36,2,1,0
33,0,3,1
46,1,3,0
32,1,0,0
30,3,1,0
39,0,1,1
28,0,2,2
32,0,2,0
42,0,2,0
31,4,3,1
45,1,1,2
28,0,2,2
48,1,2,0
33,6,0,3
32,1,0,1
34,0,3,2
34,2,1,0
41,0,0,0
32,8,13,7
38,0,2,0
32,1,0,0
30,5,1,1
32,1,0,0
30,0,0,1
25,0,0,1
32,0,5,4
24,3,1,3
46,0,2,0
33,1,1,2
40,1,1,0
36,3,2,2
46,2,1,1
26,3,5,1
37,1,2,0
36,1,1,0
36,0,0,1
45,1,1,1
40,2,1,1
37,1,1,1
40,0,2,1
36,3,3,0
36,0,1,2
36,6,0,0
39,1,3,1
35,0,0,0
38,1,0,0
37,0,4,0
39,0,3,0
36,0,3,0
39,2,0,1
35,0,2,0
38,4,5,0
41,0,1,0
35,3,0,3
33,0,2,2
21,2,0,1
36,0,1,1
43,1,1,0
37,0,1,0
35,0,5,0
42,1,2,1
36,2,1,1
37,0,2,0
41,0,3,0
36,1,0,0
44,3,0,0
43,1,1,2
31,1,2,3
42,0,0,1
20,0,4,3
39,0,4,0
48,2,5,1
30,0,0,0
39,0,1,0
38,0,0,0
30,0,0,0
37,0,1,0
27,0,0,1
38,0,1,0
35,1,1,0
41,0,1,1
41,0,3,0
24,1,1,1
30,2,0,0
39,1,1,0
37,1,0,0
49,3,0,0
39,0,3,3
35,2,0,1
52,1,3,0
45,2,1,0
40,2,1,0
36,1,0,1
49,0,2,1
50,1,0,1
34,2,2,1
46,1,2,0
37,1,2,0
50,1,3,0
34,3,1,0
26,5,2,5
34,1,1,2
37,1,2,0
44,0,4,1
32,5,3,0
25,2,0,1
47,0,3,0
49,0,1,0
33,2,8,2
28,2,4,1
37,0,2,0
40,0,0,0
37,0,1,1
32,1,0,2
42,3,0,1
44,2,2,2
39,3,1,2
43,7,1,1
30,0,1,0
31,1,2,0
33,6,1,0
31,5,1,1
28,3,0,0
48,0,0,0
25,2,0,3
28,5,4,1
39,2,2,1
37,1,1,0
20,5,1,0
37,1,1,0
30,2,0,0
35,1,2,0
30,4,4,4
35,1,3,2
29,4,4,1
30,11,1,0
37,2,1,0
34,1,0,0
37,3,3,0
26,0,5,2
26,0,3,2
38,0,4,0
47,2,1,0
37,0,4,0
38,0,0,0
46,2,1,0
41,0,0,0
40,0,0,0
31,0,0,1
28,0,1,0
40,1,1,0
39,0,2,0
44,1,2,0
34,0,2,0
31,0,1,0
47,3,0,0
34,0,3,0
30,1,0,2
38,0,0,1
33,1,0,0
42,0,0,1
23,4,3,0
23,3,2,2
37,1,1,0
27,2,3,0
31,3,5,6
28,1,1,0
41,0,1,1
32,1,2,1
33,0,0,1
47,3,0,1
37,1,2,0
31,3,0,0
37,0,3,1
23,5,8,3
45,0,0,1
30,0,1,0
42,1,4,0
33,0,1,0
31,3,6,5
28,0,2,0
34,0,1,0
35,1,2,1
18,4,6,2
33,0,4,0
31,2,1,0
30,4,7,1
34,2,0,1
31,0,2,0
50,0,2,1
39,0,1,1
37,2,0,0
36,0,1,1
25,3,0,2
37,1,1,0
31,1,3,0
44,0,1,0
29,6,1,1
35,0,0,0
27,2,7,6
35,0,1,0
48,0,2,1
32,0,1,0
35,1,1,0
34,4,0,0
36,0,1,0
33,0,1,1
38,1,2,0
32,0,4,4
26,0,0,0
38,0,2,0
27,0,1,0
37,1,1,0
34,0,1,0
36,2,1,0
26,2,4,1
38,1,1,1
29,1,1,2
39,2,1,0
36,2,1,0
32,0,1,0
50,1,2,2
35,2,2,0
31,1,3,0
29,0,0,1
37,1,2,0
31,2,0,0
31,1,0,0
29,0,0,2
39,2,1,4
36,1,2,0
34,1,3,3
36,7,1,1
33,4,0,0
31,0,1,1
38,0,3,0
40,2,0,0
31,3,2,0
36,2,1,1
32,2,0,1
41,0,1,0
40,0,1,0
49,1,0,0
32,0,3,0
46,1,2,1
39,2,0,0
33,0,0,0
36,0,1,0
36,0,0,1
43,2,1,0
41,2,2,0
31,0,0,0
36,1,0,0
32,1,1,0
35,0,2,0
30,1,0,0
42,2,0,0
36,1,3,3
29,0,0,0
32,0,1,1
35,2,0,5
29,1,0,0
34,0,0,0
45,0,1,0
36,1,2,0
37,1,1,0
36,0,1,2
51,0,1,0
31,1,2,1
41,0,1,0
23,3,4,2
40,0,4,0
37,1,2,0
32,1,1,2
40,1,1,0
24,1,1,1
33,2,3,0
39,0,0,0
41,0,1,0
27,0,8,2
40,0,1,0
34,2,2,0
32,1,7,1
33,1,0,0
38,1,0,0
33,1,2,2
46,6,2,1
40,1,1,1
37,1,1,1
40,3,0,0
46,3,2,0
29,4,5,2
39,1,2,0
38,1,10,1
32,2,1,0
29,3,4,7
35,0,1,0
36,3,2,3
36,1,0,0
38,0,1,0
44,1,1,2
39,1,1,0
28,3,0,3
47,2,1,0
36,1,0,1
34,0,0,0
41,1,4,0
28,3,0,1
41,1,2,0
33,4,3,1
37,0,3,0
45,0,1,0
40,0,3,2
38,0,1,0
31,1,6,5
34,0,2,0
33,2,1,0
34,0,1,0
46,2,4,0
29,1,0,0
48,2,1,2
39,1,0,0
32,1,0,0
47,4,1,0
23,6,5,2
36,0,1,1
40,1,0,0
32,1,2,0
42,2,3,4
37,0,1,1
41,2,2,0
31,0,10,1
36,1,1,0
38,0,2,1
29,1,0,1
40,1,0,1
38,0,1,1
33,1,1,3
42,2,1,1
34,1,2,0
46,2,3,0
51,2,2,1
56,1,1,0
41,0,1,0
42,1,1,1
39,3,2,2
31,0,2,1
34,0,1,1
40,0,0,0
52,0,2,0
28,1,2,0
33,3,1,2
32,3,5,5
37,0,2,0
37,1,0,0
34,0,0,0
22,5,4,8
43,4,2,0
41,0,3,0
42,2,2,1
27,4,0,0
33,0,5,0
37,3,0,0
42,4,5,3
39,0,1,0
29,4,4,3
36,1,1,1
39,0,0,1
38,3,0,0
29,2,4,5
35,1,3,0
43,1,3,0
41,1,2,0
35,3,2,0
34,1,3,1
37,0,1,0
23,1,0,2
38,0,1,0
31,0,0,2
34,2,2,0
42,0,0,1
22,0,1,1
32,0,2,0
30,2,2,1
28,0,1,1
33,2,2,2
34,3,7,4
37,0,1,2
36,0,1,1
38,0,1,0
46,0,3,1
33,1,1,0
36,3,5,2
38,0,0,0
39,0,2,0
41,0,1,1
32,0,1,0
32,1,4,1
42,2,0,0
35,0,4,1
32,0,3,0
32,1,0,0
44,0,0,2
28,0,7,0
44,1,0,1
34,0,1,0
46,0,0,0
33,6,1,3
22,1,4,1
28,2,1,1
47,1,2,1
45,2,1,2
36,4,4,2
34,2,1,0
36,1,5,4
41,1,0,1
33,0,1,1
29,6,1,3
32,1,0,1
31,1,0,0
23,2,3,2
38,0,0,0
34,1,0,1
35,0,1,2
46,0,0,0
47,0,0,0
34,2,1,0
27,7,0,0
32,0,0,0
42,2,1,0
31,1,1,0
36,0,0,2
19,2,4,3
33,0,2,0
45,0,1,0
47,1,2,1
30,3,0,0
30,0,2,0
29,4,3,0
41,0,2,1
41,1,0,1
34,2,1,0
41,1,0,1
41,1,2,0
30,0,1,0
23,4,4,3
39,0,0,0
36,1,3,1
32,1,0,0
51,0,1,0
37,0,1,0
41,3,2,5
37,5,1,1
28,1,0,0
38,1,2,1
38,0,2,0
38,0,0,0
46,1,1,0
38,1,2,0
19,4,3,0
25,3,7,2
44,1,2,0
31,0,1,1
32,1,0,0
32,0,0,0
35,2,2,0
41,0,0,0
47,1,1,0
46,1,0,0
44,1,0,0
32,0,9,5
28,0,2,0
39,1,2,0
26,2,4,2
26,0,0,0
46,0,1,0
43,0,0,1
47,1,1,0
41,0,0,1
28,1,0,1
42,3,0,1
29,0,1,1
41,3,2,0
44,0,1,1
42,3,1,1
33,0,2,0
43,1,1,0
32,1,1,0
35,1,2,2
36,1,2,4
31,1,1,0
35,0,0,1
34,0,2,0
41,1,1,0
33,0,0,0
31,2,0,0
24,1,2,0
50,1,0,0
37,2,0,0
41,0,3,1
32,0,7,3
44,2,2,0
31,2,8,3
27,0,6,2
40,1,2,0
30,1,16,3
34,1,0,0
32,0,2,0
39,0,0,0
50,3,1,2
36,1,0,1
34,0,2,1
44,0,2,0
42,2,1,0
42,2,1,1
47,2,2,1
33,1,3,2
32,0,2,1
46,2,0,0
40,4,3,0
35,2,1,0
35,0,4,3
36,4,2,0
45,6,0,0
40,0,2,1
37,1,1,1
41,2,3,0
34,3,0,0
33,3,0,0
44,1,0,0
32,1,0,1
37,4,1,1
39,2,4,0
42,0,1,0
33,0,2,0
36,0,0,0
39,1,1,0
36,2,1,1
40,1,3,1
32,1,1,0
36,3,0,0
18,1,6,3
21,0,18,1
43,1,1,1
32,2,2,1
29,2,0,1
38,1,2,1
30,3,0,1
43,2,1,0
29,1,0,0
33,0,0,0
28,1,4,2
34,1,0,0
23,2,0,0
45,1,2,0
21,1,1,1
35,1,3,0
27,1,0,1
35,1,0,2
37,0,1,0
38,0,3,0
35,0,2,1
39,0,5,0
38,1,0,0
31,4,5,3
31,0,1,0
43,0,2,1
34,2,1,0
32,1,0,1
43,0,0,0
40,1,1,0
31,7,4,4
44,2,1,0
37,1,1,0
32,0,6,1
49,0,0,0
37,0,0,0
35,0,3,1
33,1,0,1
45,2,1,0
30,1,1,0
31,0,0,1
48,0,0,0
41,0,2,2
46,2,0,1
27,0,0,0
38,1,1,0
33,2,1,0
40,2,2,4
40,3,2,1
35,2,5,0
38,1,1,1
42,4,0,2
31,2,3,3
43,0,1,0
30,1,5,0
38,1,1,1
34,0,1,2
39,1,0,0
48,0,1,0
32,3,2,1
45,0,0,0
27,1,2,0
37,0,3,2
30,1,4,0
39,1,2,0
37,2,1,1
35,1,3,0
45,0,1,1
21,7,4,3
28,0,3,0
21,1,6,7
26,0,0,0
37,0,1,0
29,0,15,0
37,3,4,1
41,8,0,2
36,1,0,0
41,1,1,0
34,0,1,0
41,2,1,0
35,2,1,1
49,1,0,0
44,2,2,2
38,0,2,0
36,3,0,1
27,1,1,0
43,1,2,0
50,1,1,1
44,0,2,3
30,0,1,0
38,3,0,0
36,0,2,0
37,1,2,0
35,1,0,0
52,3,1,0
37,1,3,1
34,0,0,0
30,0,1,1
31,1,2,0
37,1,1,0
27,5,6,3
34,3,1,3
48,2,0,0
37,0,6,2
30,0,1,0
28,3,3,0
41,1,0,0
55,0,0,0
40,2,2,0
40,0,1,0
41,0,0,0
28,0,0,0
24,3,7,2
33,1,1,1
33,6,1,2
31,1,0,1
43,0,2,1
41,1,2,0
41,0,0,0
43,2,1,1
27,6,4,1
33,2,6,2
46,0,1,0
48,2,2,0
47,0,1,0
44,1,5,1
36,3,0,2
28,4,0,0
46,0,7,1
32,0,0,1
35,2,3,1
31,1,1,0
37,1,1,0
46,1,0,1
42,3,0,1
43,0,0,1
25,4,2,0
35,1,0,0
29,1,1,0
45,1,0,0
39,0,3,0
35,1,1,0
39,0,3,2
46,0,1,1
26,6,0,0
27,0,3,1
47,2,0,0
45,1,0,1
34,0,0,1
30,1,0,0
43,1,2,1
41,2,3,0
40,1,2,0
29,0,0,0
37,10,1,1
32,1,2,1
41,0,0,0
42,1,0,0
37,1,1,0
47,1,1,2
56,1,0,0
35,1,2,0
35,1,3,1
30,4,5,4
40,0,1,1
39,2,0,0
41,1,0,1
39,1,1,1
24,3,0,3
34,0,2,0
45,3,0,0
32,1,1,1
32,0,2,0
43,1,0,0
35,1,1,0
38,0,1,0
29,2,0,1
35,1,0,0
48,0,1,0
29,1,0,2
30,16,1,3
39,0,1,0
34,1,3,0
30,1,0,0
45,0,1,0
26,0,4,0
37,1,1,2
31,0,3,1
42,1,1,0
34,3,0,0
36,0,1,1
33,1,0,0
37,1,0,2
40,1,2,0
25,2,2,1
37,0,1,1
29,4,5,6
32,4,1,1
38,1,1,1
31,0,6,0
40,0,1,1
40,1,3,0
47,0,4,1
43,1,4,0
39,2,2,0
39,1,2,1
39,0,1,1
38,1,0,0
30,0,1,0
30,3,7,4
41,2,1,0
32,3,0,0
37,3,1,1
27,1,0,0
33,1,1,0
38,0,5,1
39,1,2,0
36,4,0,1
32,4,1,1
28,1,0,1
33,0,8,2
34,1,0,1
25,3,8,6
40,1,1,0
46,2,1,0
41,3,0,0
37,1,2,0
36,1,2,0
29,2,0,0
35,1,5,2
39,1,2,1
28,2,1,1
49,0,0,2
41,0,3,0
34,0,2,1
51,0,3,0
42,2,0,1
53,1,1,1
40,1,7,1
42,0,1,0
41,1,0,0
42,1,2,1
37,3,0,0
29,0,2,0
36,0,1,1
43,0,1,2
30,1,2,0
38,0,0,1
20,2,3,1
41,3,0,1
48,1,2,0
41,1,0,1
38,1,0,0
32,0,1,1
23,1,1,0
44,2,0,0
43,2,2,0
21,7,3,5
43,1,0,0
36,1,2,0
43,1,0,1
36,1,0,2
31,5,5,2
35,2,0,2
38,0,3,0
50,2,1,1
31,11,1,0
39,0,2,0
34,1,3,0
40,5,0,1
31,0,0,0
45,2,0,0
39,1,2,1
38,1,1,1
22,4,2,8
22,1,0,1
34,0,0,0
34,0,0,1
36,0,2,0
32,0,0,0
40,2,0,1
46,0,1,1
39,0,1,0
37,0,2,0
39,0,2,1
38,2,3,0
25,0,0,1
35,0,2,0
31,3,0,1
39,0,1,1
37,0,3,0
42,0,3,0
34,1,3,0
25,3,5,6
28,9,1,1
41,0,2,1
20,3,1,0
44,0,1,1
45,0,3,0
36,3,3,0
33,2,0,1
37,7,0,0
26,0,1,0
32,0,2,0
25,1,7,6
34,1,2,0
37,0,0,1
32,0,2,1
39,0,0,1
50,2,0,0
27,3,5,6
29,0,4,1
36,1,0,0
35,1,0,0
31,0,1,1
31,1,3,0
27,1,3,1
36,1,4,0
30,1,1,0
32,1,0,0
39,0,4,0
32,1,0,1
45,1,0,0
29,3,5,2
33,4,6,6
27,2,0,0
30,1,2,1
29,0,2,0
32,0,1,0
45,0,3,1
46,1,1,1
35,0,1,0
32,1,0,1
38,0,3,0
25,0,1,0
32,1,3,1
36,3,0,0
42,3,2,2
35,1,0,1
47,0,2,0
36,2,2,1
36,1,1,1
41,1,1,1
34,2,1,1
34,3,3,7
33,3,1,0
36,1,1,2
40,2,1,1
35,1,2,1
32,1,0,1
40,0,2,0
35,1,2,1
50,1,2,1
41,0,0,0
42,2,0,1
33,0,0,0
34,0,2,2
39,0,0,0
32,6,0,3
40,0,0,1
39,0,2,0
33,0,1,0
32,0,1,0
46,1,0,1
40,0,1,0
30,3,6,3
36,2,0,0
35,1,4,3
40,1,10,2
35,1,2,0
31,1,0,0
31,0,2,0
31,3,2,1
37,0,0,1
36,1,2,1
36,1,1,0
28,3,4,2
43,1,2,1
40,1,0,0
41,0,1,0
26,1,13,1
26,7,4,8
37,0,0,0
37,4,0,0
35,0,1,3
40,1,1,1
25,2,2,4
39,1,1,0
49,1,1,1
47,0,0,0
32,2,2,0
26,2,3,2
41,1,1,1
45,2,1,0
28,2,1,0
28,1,0,2
34,2,9,1
49,0,1,0
50,0,3,1
29,2,0,0
41,2,2,1
38,0,1,0
46,0,0,0
35,0,1,0
29,0,1,0
35,1,3,4
42,0,7,0
40,1,0,0
39,0,0,0
18,3,7,2
28,0,1,1
45,2,0,0
37,1,1,0
33,1,0,1
40,0,1,1
38,2,5,0
39,2,1,2
29,1,2,0
39,1,1,2
37,0,1,0
37,1,2,3
45,0,1,0
34,1,3,0
41,3,2,0
33,0,2,0
45,0,1,0
32,1,0,0
32,1,1,0
44,1,2,0
52,2,3,2
38,2,1,4
37,0,1,0
37,3,3,3
28,0,7,1
30,2,1,2
34,0,1,0
37,7,0,2
43,1,1,0
46,0,1,1
37,2,0,1
43,4,1,1
29,0,2,1
31,2,2,2
38,0,2,0
50,1,1,0
43,1,0,0
39,1,1,1
37,0,1,1
33,0,3,0
38,0,3,0
23,0,6,0
39,0,2,1
45,1,0,0
41,0,1,1
41,1,0,1
27,0,7,0
35,2,1,1
26,3,3,3
44,0,0,1
42,1,0,2
34,2,1,0
37,1,2,0
36,1,3,0
31,0,0,1
30,0,9,4
48,1,2,2
34,0,0,0
33,7,1,0
25,5,4,5
39,1,3,3
43,4,5,3
36,0,2,0
41,0,0,0
32,2,1,1
32,2,2,2
35,2,6,3
29,1,1,1
40,3,0,0
37,1,0,0
27,5,4,1
30,9,1,4
36,0,0,0
52,0,2,0
38,0,2,0
27,2,7,3
36,2,1,0
25,1,2,0
47,1,0,0
44,1,0,1
34,1,2,0
35,1,2,0
27,1,7,1
36,1,1,0
40,0,1,0
37,1,2,1
42,0,2,0
34,1,5,2
47,0,3,0
36,0,1,1
32,0,1,0
33,1,1,0
37,1,8,0
37,2,2,1
33,7,0,3
31,0,2,0
32,0,2,0
35,0,2,0
25,0,12,0
42,0,0,1
41,0,1,1
32,5,0,1
47,0,0,0
32,2,2,0
37,1,0,1
30,2,1,1
40,1,8,3
32,0,0,1
28,2,0,0
43,0,2,0
31,2,0,0
39,1,1,1
27,3,2,5
47,0,0,1
43,0,1,0
40,2,2,0
30,0,2,0
45,0,1,1
40,1,0,0
38,0,3,0
31,0,0,0
21,11,0,3
23,3,3,0
32,1,3,1
42,0,1,1
35,1,2,2
39,0,2,0
35,0,2,1
47,1,3,0
28,0,1,1
49,0,0,1
36,0,2,2
39,1,2,0
31,1,1,2
32,1,0,0
30,1,2,0
36,0,2,1
31,0,1,0
35,4,6,0
33,1,2,0
36,2,0,0
55,1,1,0
45,1,2,0
35,2,2,0
34,2,1,0
38,1,0,0
35,1,2,1
40,1,2,0
48,3,1,0
40,0,0,0
33,1,2,1
38,1,4,0
39,1,1,0
32,3,6,3
34,1,1,0
23,0,0,0
42,2,1,0
30,2,1,1
43,2,0,0
38,1,2,0
38,1,2,0
31,1,1,0
38,1,0,1
31,0,3,0
30,2,0,0
40,1,0,0
37,3,4,3
38,2,0,0
42,0,2,0
33,0,2,0
50,0,3,1
28,1,1,0
34,2,0,0
30,1,1,1
37,0,0,0
35,0,0,2
32,1,0,0
41,0,1,0
49,0,0,0
40,2,2,1
37,1,3,1
34,1,2,0
41,0,1,2
50,1,3,3
40,2,2,0
33,0,2,0
45,2,1,0
36,0,1,2
34,2,0,1
39,1,0,0
36,0,0,0
28,4,0,0
51,0,1,0
38,2,1,0
48,1,2,1
26,3,5,6
34,0,2,0
37,0,1,2
38,1,2,0
25,6,5,3
42,3,0,0
28,2,3,1
35,0,2,0
33,1,3,1
43,1,3,0
39,2,1,1
40,0,2,2
38,0,0,0
43,3,1,0
52,0,1,1
32,2,4,1
43,1,3,1
45,0,2,2
37,1,1,0
26,0,8,1
30,2,2,2
35,1,3,0
32,3,0,0
36,2,3,1
43,1,1,0
41,1,1,0
31,0,0,0
42,0,1,0
30,3,3,0
32,2,1,0
33,1,3,0
34,3,5,5
45,1,1,0
30,0,0,0
39,0,1,0
29,1,5,1
35,3,3,0
36,2,2,1
29,7,1,2
35,3,1,0
38,0,2,0
31,0,1,0
41,5,1,2
37,1,1,1
35,0,1,0
29,3,2,3
35,2,3,0
40,2,2,0
43,1,0,1
32,1,0,0
40,2,2,0
39,1,1,0
38,1,1,0
36,0,1,0
41,1,2,0
38,0,3,0
39,1,2,1
47,1,1,0
49,1,2,0
33,0,10,0
32,1,3,1
42,0,2,0
33,1,5,0
44,1,1,0
32,0,2,0
36,0,0,1
42,0,2,0
32,3,3,0
39,1,0,0
44,1,2,2
39,1,1,0
47,2,2,0
39,3,0,1
52,0,1,1
35,1,0,0
24,2,0,0
37,1,3,0
54,0,1,0
39,1,0,0
34,1,6,1
38,1,2,0
34,4,0,0
40,1,0,1
44,2,0,0
34,0,11,2
42,0,2,1
39,0,0,0
42,0,1,0
33,0,2,0
40,0,2,0
44,0,0,0
32,1,1,0
35,0,1,2
36,0,3,0
45,2,1,0
37,0,0,0
35,3,1,2
27,1,0,0
43,1,3,2
36,2,0,0
44,0,0,0
45,0,3,1
39,0,1,0
34,1,11,3
39,1,0,0
39,0,2,1
37,1,0,3
33,0,11,1
35,1,1,1
29,5,3,2
46,1,1,0
31,1,3,2
42,0,1,0
36,1,2,2
26,0,2,2
34,1,2,0
41,1,1,0
33,1,2,0
29,2,2,1
36,1,1,1
38,2,1,0
43,0,1,0
39,0,1,0
39,0,2,1
33,1,1,0
33,1,2,1
41,1,1,0
23,3,7,6
39,5,0,2
42,1,1,0
38,0,1,1
31,0,1,0
32,2,0,2
32,0,1,1
39,0,0,0
29,0,0,2
36,5,0,3
30,0,1,0
36,0,4,0
34,0,0,1
41,0,0,0
45,2,0,1
34,2,0,2
38,1,1,0
38,0,1,0
33,0,1,1
34,0,0,0
33,0,2,1
43,0,0,1
36,0,0,1
30,2,4,1
40,3,0,0
40,1,0,0
45,1,0,0
34,1,1,0
22,2,0,1
32,0,1,0
23,1,0,0
35,2,0,1
40,3,4,2
46,2,0,1
44,0,0,0
42,1,2,0
32,0,8,0
33,2,2,1
38,3,1,0
26,0,0,0
37,1,0,1
17,2,1,0
38,0,1,0
29,3,5,1
47,0,1,0
35,1,2,0
27,1,1,2
25,2,0,1
32,4,3,2
31,1,8,4
33,1,0,1
43,0,2,1
41,0,1,0
41,3,1,3
37,1,2,1
43,0,0,3
44,1,1,0
33,2,1,0
52,1,2,1
41,0,3,0
34,0,1,0
34,1,1,1
35,0,0,0
35,2,1,0
44,2,2,0
20,0,9,1
45,0,1,0
44,1,0,1
29,1,1,1
34,4,8,4
39,0,1,0
23,4,5,6
34,2,1,0
33,1,2,3
27,1,3,3
40,1,0,0
46,3,1,0
37,0,0,0
42,1,1,0
31,0,3,1
28,0,3,2
25,0,2,0
43,2,0,1
39,1,1,1
37,1,1,0
33,3,0,0
28,0,0,1
43,0,3,0
39,1,1,1
34,3,0,0
25,2,2,1
34,2,1,0
33,1,2,0
38,1,3,0
37,0,1,0
35,1,2,1
32,2,1,0
40,0,8,2
37,2,1,1
38,0,1,0
37,0,0,0
38,0,2,0
44,1,0,1
30,0,1,0
30,0,1,0
43,2,0,1
34,1,2,0
43,0,1,0
37,5,3,3
34,1,1,0
46,1,0,0
49,1,0,1
30,5,4,0
21,4,9,4
31,0,8,1
22,3,4,5
34,2,2,2
37,1,0,1
38,3,3,1
28,1,2,1
36,1,3,2
42,1,2,1
53,0,2,0
41,1,3,0
45,1,0,0
29,4,1,2
33,0,2,1
26,1,13,0
28,3,0,2
21,1,4,2
31,3,3,0
35,3,0,0
48,1,1,1
40,0,1,1
43,5,0,1
32,0,1,0
27,2,0,1
33,1,0,0
33,1,1,1
50,2,2,1
36,2,1,0
23,0,0,0
39,0,0,0
25,3,7,2
34,1,2,0
41,3,0,3
30,3,2,3
40,0,1,0
42,1,1,1
47,0,3,1
41,1,0,1
33,0,0,1
41,1,1,1
34,1,3,0
31,2,2,1
30,1,3,1
29,2,0,0
39,1,2,1
27,5,2,1
34,0,2,0
51,1,1,1
37,1,2,1
31,1,0,0
33,2,0,0
36,0,6,0
30,1,3,1
35,0,6,1
23,1,8,0
34,0,3,2
52,3,0,0
30,1,2,0
35,11,2,2
27,1,0,0
38,2,0,2
33,1,3,1
46,1,1,0
24,2,1,1
30,2,5,1
54,2,0,1
31,3,0,1
41,0,0,0
39,1,1,0
30,2,1,0
34,1,3,0
35,4,0,2
38,1,1,2
38,2,1,0
31,0,0,0
33,0,2,0
46,1,2,0
49,1,0,4
41,0,1,0
34,1,0,0
41,2,1,2
44,1,1,0
29,1,5,2
26,4,2,0
40,0,2,0
37,1,4,2
39,0,0,1
37,1,3,3
48,0,0,1
48,0,2,2
31,1,0,0
30,0,3,1
46,0,0,0
31,0,1,0
25,0,2,0
42,1,2,1
28,0,1,0
36,1,2,1
48,0,2,0
40,1,0,1
36,0,1,0
46,0,2,0
23,6,4,5
39,2,1,1
39,0,0,2
40,1,1,1
31,1,1,0
45,0,2,0
36,1,2,0
40,1,0,1
43,0,1,0
40,1,1,0
36,6,0,3
28,5,6,9
34,0,2,0
38,1,1,0
49,9,0,2
36,2,2,0
40,0,4,0
31,0,0,0
41,1,0,0
39,1,2,0
30,1,1,0
42,2,2,0
41,0,2,0
29,0,0,1
49,0,1,0
39,2,0,1
24,0,1,0
23,0,1,1
42,0,2,0
31,1,0,0
45,0,0,0
32,1,0,0
40,1,4,2
39,2,1,1
42,1,4,0
34,2,2,0
31,0,9,0
39,2,0,1
34,3,7,4
47,0,2,0
37,1,0,1
16,0,8,0
36,1,1,0
26,2,1,0
21,4,4,4
31,1,4,0
38,1,1,0
47,2,0,1
38,2,1,0
38,2,3,0
48,2,2,0
32,2,1,0
40,4,0,0
40,0,1,0
45,4,0,0
37,2,1,2
29,1,2,1
41,1,4,0
37,4,0,0
38,0,1,0
35,0,0,2
31,0,2,2
33,2,1,1
33,0,1,0
29,2,4,0
42,1,0,0
35,2,0,1
43,2,0,2
43,1,2,1
45,0,5,0
37,0,0,0
35,1,2,2
35,0,1,1
49,0,0,1
37,1,0,0
40,0,0,1
30,1,2,1
47,1,3,0
36,2,1,0
44,1,2,0
38,1,3,0
32,1,1,0
35,3,1,1
33,0,1,0
36,1,0,0
42,1,0,2
32,3,0,1
23,2,6,7
46,0,1,0
33,0,0,0
24,1,10,0
41,9,0,1
21,3,6,4
44,2,2,0
36,2,1,0
32,0,2,1
48,3,2,0
30,0,7,1
35,5,3,0
47,0,2,0
43,0,1,0
40,1,1,0
34,0,2,0
39,1,0,0
32,0,6,1
24,1,4,5
34,3,2,0
41,1,1,0
31,1,0,0
44,0,1,0
38,1,0,1
39,0,1,1
28,4,5,3
39,1,0,1
45,0,0,0
29,2,1,0
27,1,1,0
39,0,1,0
48,0,4,0
51,0,1,0
21,3,4,3
42,1,1,0
29,2,0,0
49,1,2,0
29,1,7,1
34,3,1,0
36,1,2,2
39,1,0,0
30,5,0,0
44,0,0,0
44,0,2,0
41,1,2,0
33,1,0,0
31,0,2,0
35,0,2,0
29,2,2,0
30,1,3,1
27,0,1,4
40,0,2,1
39,2,1,0
35,4,1,0
36,0,0,0
33,0,1,1
47,0,2,0
53,0,1,0
31,3,1,0
37,0,0,0
39,3,3,3
36,0,1,1
48,2,0,1
28,5,7,2
49,0,2,0
51,0,1,0
31,0,2,0
43,0,1,0
22,2,0,1
41,0,3,0
38,0,7,0
32,2,4,0
35,0,2,0
38,1,0,1
24,2,2,4
40,2,0,0
49,1,2,0
31,2,4,1
32,1,1,1
30,5,7,5
32,0,2,0
30,3,0,1
32,0,0,0
26,3,8,2
30,1,12,0
34,1,0,4
43,3,0,0
34,0,3,1
32,2,2,0
29,0,0,0
26,2,0,1
35,1,1,0
33,5,1,1
39,0,0,0
33,3,0,0
35,0,0,0
45,1,1,1
29,8,0,1
36,1,1,0
51,1,2,0
40,2,1,1
44,3,0,3
31,1,0,1
42,1,3,0
36,0,1,0
44,0,0,0
23,1,7,3
47,0,1,2
53,0,0,3
32,2,0,1
30,4,0,1
34,1,1,0
33,0,0,0
34,2,0,0
24,1,0,0
29,1,2,0
32,1,3,0
39,0,3,0
46,3,1,1
39,0,2,0
30,3,5,2
33,1,0,1
33,3,2,0
42,1,1,3
29,1,1,1
28,0,7,0
43,1,2,0
41,2,2,0
41,2,2,2
21,0,1,0
31,0,2,1
37,0,0,1
35,2,0,0
30,1,1,0
43,2,1,0
48,1,3,0
40,2,0,1
43,0,1,0
28,0,4,0
41,1,1,0
38,1,3,0
45,1,3,1
26,1,0,0
31,0,1,0
32,1,4,0
35,1,2,0
28,1,2,1
36,2,3,2
37,3,0,0
33,1,0,0
41,3,2,1
37,1,2,2
35,0,0,0
34,1,0,0
31,0,0,0
36,2,1,0
43,0,0,1
26,1,3,0
46,1,2,0
34,0,1,0
35,1,1,0
46,1,1,1
32,8,0,0
45,0,2,2
37,1,1,1
36,1,1,1
33,4,1,0
52,0,0,1
31,1,0,1
40,2,1,0
43,0,1,1
29,1,0,0
37,1,3,0
35,1,7,1
29,3,2,1
34,1,0,0
36,0,1,2
31,3,5,5
30,0,4,1
39,3,0,0
23,15,1,0
49,3,1,2
52,0,1,0
29,0,9,0
36,4,1,0
40,1,0,0
26,7,5,4
28,5,3,5
41,0,0,0
27,0,1,1
32,2,3,0
45,2,2,1
26,3,1,0
31,2,1,1
28,0,1,1
45,1,0,0
32,1,2,0
39,0,3,1
52,2,2,0
42,3,1,1
40,1,3,0
37,0,1,0
36,0,0,1
33,1,1,0
44,0,0,1
37,2,2,0
35,1,2,0
37,3,2,0
36,0,3,0
36,5,2,3
35,2,3,2
34,0,1,1
27,0,7,0
43,1,2,1
30,5,1,2
31,1,7,2
27,0,1,1
37,1,0,0
38,0,2,0
37,0,2,0
36,1,2,0
39,0,2,0
31,1,8,0
33,1,4,1
44,1,1,0
41,1,1,0
37,1,0,1
17,1,2,1
36,1,2,0
44,0,1,1
45,1,0,1
34,0,3,0
37,1,0,0
37,0,1,2
30,0,1,0
41,0,2,0
37,3,1,1
33,1,1,0
28,4,3,2
27,0,1,1
31,2,0,0
40,0,1,0
48,1,2,0
22,1,2,7
37,0,0,1
43,1,3,0
33,3,0,1
35,1,0,0
47,1,1,0
38,1,1,1
33,2,0,0
38,0,1,2
24,4,0,1
42,2,0,0
38,1,1,0
33,5,1,1
32,1,0,1
29,2,6,1
42,2,2,0
42,1,2,0
30,0,9,5
45,2,0,1
34,0,2,0
44,0,1,0
30,4,3,1
27,6,2,2
24,1,0,0
51,0,0,0
25,4,0,1
41,0,0,0
34,0,3,0
36,1,3,1
33,1,2,0
23,8,3,2
31,0,7,2
32,1,1,1
37,0,0,1
40,2,0,1
31,1,2,1
33,0,0,1
31,1,3,1
34,2,4,0
44,1,1,0
43,0,0,2
36,2,5,4
41,2,0,1
35,2,0,0
35,0,2,1
45,1,2,0
43,1,2,0
37,1,3,1
30,1,1,0
26,2,1,0
47,2,0,0
38,1,0,0
40,4,2,1
42,0,2,0
53,0,2,0
42,0,2,0
36,1,2,1
38,0,1,0
27,1,8,3
33,1,2,0
33,0,1,1
37,0,2,1
43,0,0,1
57,1,2,1
34,0,0,1
35,0,2,0
43,0,7,1
37,1,2,0
41,1,0,1
26,1,3,0
36,1,1,2
29,2,4,3
30,4,5,1
39,0,1,1
36,0,3,0
51,1,1,2
32,0,0,0
37,0,1,0
33,1,2,0
44,0,2,1
34,1,1,0
40,0,2,0
42,0,2,1
35,1,1,0
39,0,2,0
50,1,0,1
31,1,4,1
36,1,1,0
31,1,0,0
35,2,1,0
35,0,0,0
42,0,1,1
42,1,0,0
40,1,1,1
49,0,4,0
42,0,1,0
35,0,2,0
34,2,2,2
38,0,0,0
50,4,1,0
26,0,0,0
33,0,1,0
35,1,2,0
44,2,0,0
23,6,5,6
39,1,0,0
36,1,0,0
34,0,0,0
42,0,2,1
35,0,1,2
39,0,1,0
43,2,3,1
27,1,0,1
46,1,0,1
51,2,0,0
34,1,0,0
47,0,1,2
47,1,2,1
41,0,0,0
38,1,1,0
32,0,0,0
32,0,2,2
29,2,4,0
32,4,2,1
35,1,0,0
34,4,2,0
38,3,0,1
44,1,0,0
42,1,0,1
38,3,1,0
28,0,2,0
46,2,0,1
40,0,1,1
41,1,1,2
31,1,4,1
42,0,1,1
21,2,4,0
35,0,1,0
35,0,3,0
39,2,1,1
35,0,5,1
41,0,1,0
41,3,4,1
43,0,1,1
38,0,3,0
31,0,0,0
39,4,0,1
32,0,1,0
36,1,1,0
28,1,7,3
44,1,2,1
28,6,1,2
34,3,0,2
38,0,5,0
36,0,0,0
47,0,1,0
39,4,2,0
31,1,1,1
35,2,0,0
32,0,1,0
38,2,1,1
29,0,1,1
27,1,2,0
38,2,0,0
42,0,5,1
48,2,3,2
37,0,0,0
34,2,3,4
37,1,1,1
39,0,1,2
32,2,3,2
36,2,2,1
39,5,0,1
35,2,2,0
39,0,2,1
39,0,4,3
39,0,1,0
41,0,2,0
42,1,0,2
33,3,8,2
55,0,0,1
38,0,1,1
39,0,1,0
32,2,0,0
36,1,1,0
36,1,7,0
29,1,1,1
31,0,1,1
41,1,0,1
27,4,1,2
36,0,1,1
37,0,0,0
39,0,2,0
37,1,2,0
33,0,1,0
33,2,0,0
33,1,3,0
33,0,3,1
33,2,1,0
52,1,1,2
29,0,7,2
31,1,1,0
51,2,2,0
36,0,1,2
24,0,2,0
33,0,3,1
40,1,1,1
43,1,1,0
33,0,5,0
30,0,2,0
44,1,2,0
31,0,0,0
37,1,1,0
34,2,0,1
38,0,0,2
47,0,0,0
33,0,0,0
40,0,1,1
27,1,5,3
39,0,2,0
35,1,5,0
31,0,5,0
41,0,1,0
31,2,2,3
33,4,0,0
36,2,0,0
37,1,0,0
32,2,0,1
33,2,0,0
30,1,2,0
39,1,3,1
19,2,4,7
34,1,3,0
29,1,1,1
36,1,3,0
31,4,0,0
41,3,2,2
41,0,2,0
28,0,1,1
36,2,2,0
36,0,1,0
40,0,1,1
55,1,1,1
42,0,0,0
33,2,3,4
32,1,0,0
38,0,2,0
27,3,5,0
37,1,3,3
44,1,2,0
20,7,4,4
43,1,0,0
34,1,0,1
48,1,1,0
42,0,4,0
31,0,0,3
44,7,1,0
38,0,1,1
31,6,0,2
37,0,0,0
33,0,4,1
26,4,0,0
38,1,2,0
43,1,0,1
45,0,1,1
31,1,0,0
37,2,1,0
44,0,1,2
35,1,1,1
42,1,2,1
32,3,0,0
39,0,0,1
40,1,0,1
34,3,1,0
16,2,5,3
33,3,3,4
43,1,0,1
34,0,4,0
42,1,1,0
36,2,0,1
39,0,3,1
28,4,2,2
25,1,1,0
37,1,0,3
49,1,0,0
37,0,4,1
30,0,1,0
41,5,4,2
39,0,3,1
41,1,1,2
28,0,0,0
35,0,4,0
46,0,1,0
46,1,3,0
42,0,1,0
33,1,0,0
32,0,0,0
44,0,0,0
40,2,1,0
39,0,1,0
39,1,1,0
37,0,1,0
33,0,1,2
41,0,0,0
32,5,1,1
18,5,10,4
30,2,0,0
33,11,0,2
41,2,0,1
38,2,0,0
34,0,2,0
46,0,3,0
29,1,1,1
39,2,2,0
31,1,3,0
36,1,0,0
28,2,1,0
35,2,2,0
26,0,7,1
38,0,1,0
47,1,2,1
47,1,2,1
37,2,0,1
42,2,1,0
33,0,1,0
24,1,6,0
34,1,2,2
37,4,0,3
30,6,2,1
23,5,6,7
22,0,6,2
42,0,0,1
22,4,9,7
31,1,0,0
39,1,1,1
30,5,4,2
32,1,3,1
28,0,0,0
36,1,1,0
32,0,1,1
45,1,2,0
39,1,3,0
46,1,2,0
41,1,2,0
31,0,3,0
39,2,1,0
33,0,1,1
30,2,2,1
45,0,2,1
32,2,1,1
34,0,2,0
42,2,3,0
35,0,2,1
39,3,0,1
38,3,0,1
39,0,1,1
32,1,1,0
36,1,2,0
34,2,0,0
41,0,2,1
33,0,1,0
42,0,0,0
40,1,1,0
32,0,1,2
39,1,0,0
39,2,2,1
31,0,2,0
30,1,0,1
33,2,1,5
31,4,2,2
33,0,0,0
42,1,2,1
45,1,1,0
47,0,2,0
38,1,0,0
40,1,1,0
31,2,1,1
40,1,0,0
30,1,0,2
41,1,1,1
49,1,4,0
40,0,2,0
38,0,1,1
38,0,2,0
46,1,2,0
31,2,4,2
45,2,9,6
35,4,0,2
40,1,1,1
31,1,2,0
38,1,2,1
38,0,4,0
39,3,2,0
29,0,0,0
28,1,1,0
36,1,3,2
38,0,0,2
39,0,14,1
34,1,3,0
34,0,4,0
33,0,4,0
31,1,3,1
35,1,0,0
35,2,2,1
52,0,0,0
40,1,2,0
29,1,1,0
44,0,3,0
37,1,0,1
52,0,3,1
36,0,1,0
48,2,0,0
39,1,2,1
34,0,2,0
43,2,1,0
39,1,0,0
24,2,1,1
41,1,0,0
37,2,0,0
37,2,0,0
34,2,0,0
30,1,0,0
44,2,1,2
40,2,0,0
30,1,5,4
35,2,4,5
34,2,4,2
38,2,1,1
36,1,0,0
36,0,1,0
30,0,0,0
41,1,1,0
31,5,5,10
25,4,7,5
29,4,9,5
38,2,1,0
46,1,0,1
38,0,1,0
36,1,0,0
39,3,0,0
32,0,1,0
35,1,0,0
46,0,0,1
27,4,1,2
34,2,0,0
30,1,7,0
32,1,1,0
38,2,3,0
36,0,1,0
31,1,1,3
41,0,1,0
19,5,3,5
21,1,1,1
28,4,3,2
41,1,4,1
38,2,0,0
40,1,1,2
34,0,1,0
25,0,2,0
34,2,2,1
33,1,1,0
30,0,1,2
42,1,2,0
46,1,3,0
38,0,1,1
25,1,2,1
31,0,1,0
42,1,1,0
37,1,0,1
31,3,0,0
41,1,1,1
34,1,0,0
38,0,2,1
33,0,0,0
33,2,1,0
31,2,3,0
36,1,1,0
39,0,0,0
36,1,1,1
35,1,1,0
29,1,1,0
47,0,0,1
40,1,0,0
48,0,3,0
23,1,8,4
47,1,1,1
46,0,1,0
36,1,0,0
29,1,4,0
39,0,4,1
39,0,2,0
51,0,1,0
38,1,2,0
36,2,1,1
32,0,0,1
42,0,2,0
40,0,0,0
36,1,1,1
37,0,0,0
39,0,0,0
38,1,2,0
51,0,0,1
39,2,1,0
35,2,2,1
32,0,1,0
45,2,0,1
34,0,1,0
38,2,1,2
31,0,0,1
34,1,4,0
43,0,2,0
44,4,2,0
36,2,0,1
43,1,0,0
39,0,2,0
35,0,0,1
40,5,1,1
41,2,1,2
39,3,6,4
47,0,0,0
36,0,0,0
33,2,0,1
36,0,0,1
34,1,2,1
38,0,1,1
43,6,0,2
38,1,1,0
31,11,1,2
26,2,1,0
56,1,1,0
48,1,0,1
35,0,0,0
31,0,3,0
24,3,7,0
42,2,0,1
29,0,0,0
37,0,0,0
43,1,3,0
44,2,0,1
29,0,2,1
33,0,2,0
31,0,2,0
44,1,3,0
36,0,1,0
34,0,2,0
34,1,2,0
29,5,3,2
37,0,0,0
28,1,2,1
40,0,2,1
39,1,2,1
39,0,3,0
28,2,1,1
43,0,1,0
28,2,11,3
32,2,2,0
42,1,0,0
32,0,3,0
30,1,0,0
44,0,2,0
37,0,0,0
26,0,2,0
44,0,1,0
40,1,3,1
44,0,1,0
36,0,11,0
39,0,0,0
35,1,2,1
37,1,1,1
33,0,2,0
28,2,1,1
38,0,1,0
41,0,0,0
47,0,1,0
36,8,0,0
30,1,0,0
30,3,0,0
31,0,3,0
35,1,0,2
34,0,1,0
43,1,2,0
28,5,4,4
40,0,0,0
48,0,1,1
36,2,0,0
36,2,0,0
36,1,0,0
42,0,2,0
31,0,0,2
37,0,1,0
50,4,2,1
30,7,0,1
38,0,3,2
32,0,1,1
39,2,0,1
34,1,1,2
31,0,1,0
39,1,2,0
38,2,0,1
33,0,0,0
31,1,1,0
43,0,3,1
29,0,10,3
33,2,1,0
32,1,0,1
32,0,1,1
43,1,1,0
39,1,2,0
39,1,1,0
34,0,0,0
48,2,1,1
47,0,1,0
37,1,0,0
33,1,1,1
42,0,1,1
26,1,1,0
41,2,0,1
38,2,3,0
46,2,3,0
42,2,1,0
35,1,0,1
45,0,3,0
23,2,9,6
42,1,0,0
42,1,1,0
28,1,0,0
29,1,1,0
36,1,0,1
41,2,4,1
50,0,0,0
24,4,5,1
34,0,0,0
36,0,0,0
34,0,2,0
37,1,1,0
33,2,1,0
43,1,1,4
41,0,1,1
42,1,0,1
40,0,4,0
32,0,0,0
30,1,2,0
32,7,0,2
38,1,0,1
36,0,0,1
43,0,1,3
36,1,1,0
32,0,8,0
44,0,1,0
45,1,1,0
38,0,1,0
41,1,2,1
36,2,1,6
39,1,1,0
37,1,1,1
32,0,3,1
38,1,0,0
34,0,0,2
31,1,1,0
31,2,1,0
41,0,2,0
31,2,6,2
29,2,5,4
29,0,0,1
39,0,3,1
35,0,1,0
29,0,0,1
29,4,1,2
34,1,0,1
40,0,1,0
46,1,1,2
33,0,1,2
36,4,1,0
40,0,2,1
36,1,0,1
28,1,1,1
31,0,2,0
33,1,4,1
34,1,0,0
28,0,1,0
40,0,0,0
31,0,3,0
46,1,2,0
23,1,1,1
34,0,1,0
37,3,2,3
49,0,0,0
45,2,3,0
43,0,0,0
36,1,1,1
34,0,10,1
35,0,1,0
33,1,0,0
30,0,0,0
28,2,1,1
35,2,1,0
42,0,1,1
39,1,0,0
48,0,2,1
29,1,0,0
33,1,0,2
43,0,0,3
33,2,2,0
36,2,0,0
43,1,1,1
50,0,1,1
49,2,2,0
32,0,1,1
28,3,0,1
29,2,3,0
44,1,1,0
28,0,5,1
36,2,1,0
35,1,2,0
30,1,2,0
36,0,0,0
33,4,3,1
42,1,5,0
31,0,3,2
23,0,1,0
27,4,1,1
38,1,0,0
31,2,2,0
39,1,1,0
47,0,0,0
27,2,0,0
44,0,2,1
44,1,0,0
33,10,2,6
44,2,1,1
32,0,4,0
42,1,0,0
29,1,0,0
43,0,1,2
43,0,0,0
45,1,1,0
39,0,3,0
33,0,2,1
23,5,2,0
29,0,8,0
23,5,4,5
35,1,0,0
41,1,1,0
32,0,1,0
34,0,5,0
31,0,2,0
43,0,1,1
42,3,1,1
39,1,1,0
33,2,0,1
44,1,3,0
40,0,2,3
42,0,1,0
41,1,3,0
42,0,0,0
34,0,0,0
34,1,1,2
31,1,1,0
36,2,1,1
39,0,0,1
36,0,0,0
26,3,8,4
41,0,3,0
30,0,2,0
29,1,0,0
36,0,1,1
31,0,0,1
39,1,0,0
36,1,1,1
32,0,7,0
29,2,1,0
34,1,0,0
49,1,2,1
44,2,2,1
24,6,7,2
39,6,0,0
32,0,1,0
36,1,1,2
38,1,2,1
22,5,0,0
29,0,0,0
36,3,1,0
45,0,0,0
40,1,0,1
44,1,3,0
37,1,2,0
37,0,2,1
48,1,2,0
41,0,2,0
42,0,1,3
30,1,2,1
55,0,1,0
34,2,1,0
22,1,4,3
36,0,0,0
38,0,2,1
23,4,4,3
36,1,2,0
37,1,2,0
36,0,1,1
34,0,0,0
52,1,2,0
44,1,2,0
23,1,16,1
41,0,10,1
29,1,1,0
30,0,3,0
31,0,2,2
37,0,2,0
32,3,5,2
30,2,0,1
35,1,0,0
32,0,0,0
42,2,0,1
33,3,0,0
40,1,0,1
31,0,10,1
40,0,1,0
49,1,1,1
36,2,0,1
36,2,0,0
38,6,0,0
44,1,2,0
33,0,6,1
40,3,1,0
33,1,11,2
29,1,1,1
37,0,0,0
36,2,0,0
44,1,1,1
41,3,5,0
49,2,1,1
33,0,2,1
39,2,1,1
39,0,3,1
41,0,0,1
35,7,3,1
43,1,1,0
32,9,6,4
42,0,2,1
41,0,3,1
32,1,0,0
34,6,1,0
32,1,0,0
32,1,3,0
32,0,0,0
48,4,0,0
31,1,1,1
36,1,0,0
41,0,1,0
28,3,2,1
31,3,14,5
40,1,2,1
45,0,2,0
42,1,1,0
41,0,0,0
46,1,0,1
35,1,1,1
42,0,0,2
37,7,0,1
60,0,0,1
32,0,5,1
43,0,0,0
23,1,0,3
47,0,0,1
36,1,0,1
36,2,0,0
30,3,2,0
47,1,1,0
45,2,0,0
33,0,4,0
44,2,2,1
27,2,2,2
38,0,1,1
24,0,2,0
39,0,0,1
46,1,0,2
37,0,1,1
36,0,0,0
33,0,4,1
28,2,1,1
39,3,6,2
38,1,1,1
36,0,0,0
37,0,0,0
38,1,1,1
28,4,0,2
35,1,0,0
23,0,6,0
45,1,2,0
38,0,2,0
20,3,1,2
38,1,2,0
42,1,2,0
41,1,0,3
36,4,0,1
31,1,5,0
32,1,2,0
34,1,2,0
34,0,0,2
32,1,2,1
31,0,0,0
24,3,6,1
47,1,2,0
49,3,0,0
39,0,2,0
33,2,3,4
40,1,2,1
36,3,3,0
41,1,0,0
44,1,0,0
37,1,1,0
25,0,0,1
50,1,0,1
39,2,0,0
31,0,0,0
28,2,2,3
24,2,2,0
24,5,2,1
38,0,4,0
49,0,1,1
43,1,2,0
30,1,1,0
36,0,0,0
42,0,0,1
39,1,2,0
37,0,0,1
40,0,1,0
34,3,1,0
24,1,2,0
44,1,0,0
47,0,1,1
35,0,0,0
42,1,1,0
43,0,0,1
34,1,0,1
42,0,2,0
27,3,0,1
44,0,0,3
28,2,3,1
48,0,0,1
35,0,1,0
37,0,2,1
30,2,3,0
34,0,3,1
24,0,1,1
26,1,5,2
47,2,0,0
37,1,3,1
38,0,2,3
40,0,3,0
33,3,0,0
47,2,1,2
26,4,1,0
33,1,1,0
30,2,1,0
35,1,1,0
37,2,1,0
38,0,0,0
33,2,2,0
30,1,0,0
35,3,1,2
29,3,0,0
40,1,0,1
43,3,0,1
34,0,2,1
37,1,1,0
26,0,2,2
35,1,2,0
36,0,4,0
44,0,1,1
31,0,2,0
30,0,4,2
35,0,0,1
37,0,1,0
38,0,2,0
32,2,2,0
39,0,1,1
21,3,2,2
36,3,3,1
39,0,0,0
32,2,4,2
40,1,1,0
32,1,1,0
23,4,3,0
45,1,1,1
27,0,15,2
31,0,0,0
29,1,1,0
49,1,1,0
41,1,1,1
27,1,0,0
38,1,3,0
45,0,0,1
36,4,2,2
37,2,1,2
43,1,3,1
35,2,1,2
44,0,1,1
32,4,3,2
39,2,1,0
32,1,3,0
35,5,1,1
38,0,1,0
36,2,2,0
37,1,3,0
38,0,3,1
31,1,1,4
33,0,0,0
40,0,3,0
35,3,0,1
37,0,0,0
28,3,5,3
39,3,1,0
37,0,1,1
38,1,1,0
36,0,4,2
32,1,1,0
33,2,4,2
28,0,1,0
42,1,0,0
49,1,1,1
30,1,1,0
38,1,2,0
26,1,0,2
40,0,0,2
36,1,0,0
42,1,1,0
36,0,0,0
34,1,1,0
41,0,2,1
30,1,3,1
32,0,3,0
37,2,1,1
31,1,0,0
32,3,0,0
37,0,1,0
35,1,0,0
42,0,2,0
30,1,10,2
36,2,2,0
49,0,0,2
31,2,4,3
35,3,0,1
44,1,1,1
26,6,0,0
35,0,1,1
32,0,2,0
35,2,0,0
49,0,2,1
34,0,1,0
40,2,2,0
30,4,0,0
49,1,2,1
44,2,1,1
42,0,1,1
37,2,1,0
40,0,2,1
44,5,2,2
37,1,2,0
22,4,3,1
32,1,2,0
43,1,1,2
34,3,1,0
29,3,2,3
36,0,0,0
32,0,3,0
40,2,0,0
41,0,0,0
32,0,1,0
27,0,0,0
49,3,2,0
38,1,3,0
43,2,8,2
31,0,1,1
37,0,0,0
45,2,1,0
40,0,0,1
39,0,2,0
42,1,1,0
40,1,0,1
41,0,2,1
39,1,8,2
40,0,0,1
30,0,1,2
46,0,2,1
30,0,2,0
33,0,1,0
32,0,0,0
39,1,2,0
26,1,1,0
42,0,1,2
35,1,1,0
42,0,2,0
32,0,2,0
35,2,8,6
33,0,0,0
38,2,0,1
45,0,0,0
29,1,2,0
35,0,0,0
38,1,0,0
24,1,2,1
26,2,0,1
41,1,2,1
38,1,2,1
39,1,0,0
41,0,0,0
37,2,2,0
36,0,0,0
41,1,0,0
31,2,1,0
40,1,0,0
31,0,3,1
44,1,1,1
40,1,1,1
36,4,3,0
42,2,2,2
37,0,1,0
24,1,12,2
35,2,2,2
27,1,2,2
43,0,2,0
45,1,0,1
35,1,0,0
50,0,0,0
42,1,0,1
45,0,0,0
42,0,0,2
41,0,0,0
38,1,2,0
32,3,3,2
40,1,1,1
36,3,1,2
32,1,1,1
45,1,0,0
27,3,4,2
46,3,1,0
36,1,0,0
28,0,0,1
33,6,0,0
32,1,0,0
38,2,0,2
38,0,1,0
39,2,4,2
39,1,1,0
34,0,2,0
27,3,0,0
39,0,0,2
37,0,1,0
50,0,0,0
42,0,3,0
26,1,11,0
36,0,4,0
35,1,0,0
40,0,1,0
33,2,0,0
35,0,0,1
26,0,1,0
37,2,1,3
28,3,2,3
35,1,1,1
29,1,0,0
34,3,1,0
52,2,1,0
37,1,3,0
28,1,1,1
36,2,1,0
24,6,2,0
36,1,1,0
31,1,0,1
31,2,4,0
39,0,0,0
40,4,1,0
29,1,1,0
36,2,0,2
23,2,4,1
39,3,1,0
35,0,4,0
39,5,0,1
35,1,1,0
35,0,0,0
32,3,1,0
34,0,1,2
30,10,0,0
36,1,1,1
29,1,1,1
36,0,0,0
34,0,2,0
29,0,1,0
37,1,2,0
48,0,1,0
25,4,1,2
39,0,0,1
33,1,2,1
46,3,0,0
23,0,1,0
44,3,2,3
42,1,5,0
43,0,1,0
34,0,1,0
40,0,2,0
30,3,2,1
41,0,0,1
37,3,0,0
38,1,3,0
39,2,3,1
32,0,1,0
44,1,1,0
43,2,0,0
34,1,1,0
30,1,0,0
25,6,5,2
34,2,1,1
37,0,1,3
25,0,6,3
51,1,1,1
43,0,1,0
34,3,0,0
37,2,0,0
19,3,10,7
33,1,3,1
31,2,0,1
42,2,0,0
34,0,1,0
29,2,3,2
36,5,3,2
39,2,0,0
34,0,1,0
37,1,1,0
35,1,0,0
31,1,0,0
30,1,2,0
34,1,1,0
43,0,0,0
43,0,1,0
45,1,0,1
34,1,1,1
26,3,4,3
45,1,2,0
39,1,2,0
39,2,1,0
39,2,3,0
45,0,0,0
28,1,5,1
23,4,8,3
46,1,2,1
42,0,1,0
36,1,0,0
41,1,0,0
28,1,10,2
32,0,0,2
45,1,1,0
42,2,2,0
26,2,1,5
41,0,1,3
40,5,1,0
33,2,1,1
35,1,3,0
30,6,0,2
36,1,2,0
38,2,3,0
37,1,1,0
43,1,2,0
31,0,1,0
30,0,1,3
33,1,8,2
39,1,2,0
40,2,0,0
38,0,0,0
39,1,1,0
40,0,1,0
31,1,1,0
32,1,3,1
36,0,0,0
37,0,1,0
44,1,0,0
35,0,1,2
34,2,4,0
29,1,1,1
40,1,1,1
45,2,0,0
37,1,1,1
39,0,1,1
37,1,0,0
31,0,0,1
39,0,0,0
36,0,1,0
36,3,6,1
38,3,2,1
26,0,0,0
27,4,3,5
43,5,6,1
44,1,1,0
39,0,3,1
40,1,0,0
43,0,1,2
44,0,4,0
35,1,2,0
47,0,1,0
31,1,2,0
35,1,1,2
48,0,0,1
34,0,2,1
42,0,2,0
35,1,1,0
32,5,1,0
32,2,2,0
43,0,1,1
30,2,1,1
31,0,1,0
38,0,0,0
44,0,1,0
42,1,0,1
34,0,2,0
32,1,3,1
24,0,10,1
35,1,1,0
37,1,0,0
49,2,1,0
43,2,1,0
34,0,3,0
37,4,1,0
46,1,1,0
33,0,2,0
30,0,4,0
30,3,7,3
31,3,2,0
21,2,1,2
22,1,0,0
26,1,2,0
40,0,2,0
50,0,2,0
38,2,2,0
44,2,1,1
43,0,0,0
34,4,0,1
35,1,1,0
29,6,2,0
46,2,0,0
24,1,2,0
44,1,0,1
43,4,2,1
30,1,0,1
33,3,5,3
34,2,0,0
34,5,1,2
34,2,1,0
46,1,1,0
34,1,1,0
40,0,0,1
33,1,2,1
38,1,0,0
35,2,2,1
39,3,4,3
25,3,8,1
38,0,4,0
52,2,0,0
30,3,9,1
39,1,0,2
38,2,1,0
30,1,1,0
39,1,1,1
24,3,2,4
35,1,3,1
30,0,1,0
33,2,2,1
41,2,0,0
36,2,0,1
32,2,2,1
35,1,1,0
41,1,1,0
41,2,1,0
30,0,1,0
42,1,0,1
50,2,2,1
27,2,5,2
48,1,1,0
35,7,0,0
31,2,1,1
38,1,2,0
37,2,1,0
42,0,0,0
43,1,2,0
39,0,1,0
39,0,0,2
41,0,2,0
38,2,2,0
35,1,2,0
37,4,2,1
28,0,15,3
44,0,0,0
33,1,3,1
45,1,1,1
35,1,0,0
33,1,1,0
39,0,2,1
29,4,2,0
45,2,1,0
45,1,3,0
32,0,2,0
39,1,1,2
40,1,2,0
43,0,0,1
22,1,1,2
45,2,2,1
20,1,1,0
33,3,0,0
36,0,3,0
31,4,0,2
39,3,4,2
35,5,9,3
33,2,0,2
30,1,1,0
33,0,0,0
31,2,1,0
35,0,0,1
36,2,0,2
41,0,1,0
34,0,1,2
32,1,7,1
33,0,3,0
27,3,8,7
31,1,1,0
49,2,1,2
24,0,7,8
37,3,2,0
30,3,10,1
24,0,3,1
41,0,7,1
32,0,2,1
32,1,2,0
33,1,2,0
33,2,1,1
36,0,3,0
34,0,3,0
26,2,1,1
45,0,0,1
33,0,1,1
31,0,2,1
32,0,2,1
42,7,1,1
33,5,2,0
41,0,2,0
30,2,5,1
37,0,0,1
33,1,1,0
38,1,0,2
34,1,0,1
38,2,0,0
31,1,1,0
28,0,0,1
38,1,3,0
44,3,4,0
32,2,2,2
35,4,1,0
34,0,1,2
30,2,0,0
39,2,1,0
44,1,0,2
33,0,2,0
46,1,1,1
44,0,0,1
47,2,1,0
33,0,1,2
42,5,2,0
33,0,2,0
41,0,0,0
30,2,2,0
42,3,1,1
50,1,2,0
49,2,0,0
44,0,1,0
41,1,0,1
32,1,2,0
40,2,4,0
21,5,5,5
38,0,0,1
39,2,3,1
32,0,1,0
39,3,2,0
31,1,3,5
43,0,0,1
30,3,1,0
45,1,0,1
46,0,1,0
43,0,1,1
45,4,1,1
47,0,1,2
28,1,0,0
36,0,1,0
32,0,0,0
35,1,2,0
27,1,2,1
42,0,4,1
42,2,1,0
27,0,3,0
26,0,10,3
38,2,1,1
28,0,1,0
41,1,0,1
25,1,0,0
27,2,9,9
32,1,1,1
37,2,3,1
28,1,9,0
39,1,4,2
34,1,2,1
30,2,1,0
32,2,1,1
34,0,2,0
22,8,4,3
34,3,4,2
24,4,7,4
42,1,0,2
22,3,3,7
50,2,1,0
26,0,6,2
27,2,3,4
49,0,2,0
31,1,0,0
31,0,1,2
27,1,3,0
20,0,2,0
32,3,2,0
45,1,1,0
48,1,0,1
27,3,6,0
31,1,9,0
33,2,1,0
43,0,0,0
37,0,0,0
38,1,3,0
38,0,1,0
35,0,1,0
51,3,1,2
37,0,3,0
41,1,1,0
38,1,5,1
38,2,1,0
33,1,1,0
33,1,0,1
32,1,3,0
33,0,1,0
49,0,0,0
48,1,0,0
38,2,1,0
42,4,0,0
38,0,0,1
46,1,1,0
26,0,1,0
29,2,0,0
46,1,1,1
38,2,2,2
30,0,1,0
42,5,2,1
38,0,10,3
26,2,2,1
32,0,1,0
28,2,1,0
41,1,0,1
36,2,1,0
43,0,6,0
34,2,3,0
33,3,0,1
28,3,0,0
43,1,2,0
35,2,4,1
42,1,0,1
34,1,1,0
34,2,1,0
30,0,0,0
28,3,6,8
32,3,2,0
28,3,8,0
43,0,4,0
33,1,1,0
29,0,0,1
37,0,1,0
28,0,2,0
43,0,0,1
58,1,4,0
24,1,0,0
33,1,2,0
42,0,3,0
52,2,0,0
36,0,2,0
39,0,2,0
43,1,2,0
31,1,0,0
33,1,0,1
40,1,1,0
36,2,1,0
48,1,2,0
22,0,16,0
40,1,3,1
40,0,2,0
36,0,2,0
39,1,5,1
35,0,0,1
34,0,1,0
34,1,0,0
37,2,0,0
34,0,0,1
36,0,1,0
32,1,3,0
30,1,1,0
39,1,0,1
31,2,0,0
41,2,0,1
34,3,5,2
39,0,0,0
39,1,1,0
45,7,7,1
46,1,1,0
39,1,2,0
31,2,4,3
29,2,3,1
28,0,0,0
34,0,1,1
33,0,2,1
38,1,0,0
28,1,0,0
26,4,5,4
28,0,0,0
37,2,1,0
44,1,1,1
28,4,1,0
56,0,0,0
31,0,0,0
34,1,1,0
42,1,1,1
21,1,4,9
54,0,1,0
34,2,1,0
43,2,0,1
30,1,1,0
41,2,2,1
41,0,1,0
37,0,0,0
32,4,6,2
33,0,0,0
34,2,2,0
43,1,2,1
44,1,1,0
45,1,1,0
40,1,1,1
44,0,4,1
41,1,1,0
47,1,0,0
36,1,1,0
28,0,0,0
33,0,2,0
33,2,1,1
35,1,0,0
45,1,0,0
37,1,1,1
42,1,2,0
39,1,3,0
37,1,0,1
30,4,7,3
40,1,1,0
37,1,4,0
29,3,3,4
38,2,3,1
39,0,0,0
32,4,3,1
30,0,6,1
46,0,0,1
32,0,1,0
31,0,1,0
31,1,0,2
22,1,6,3
48,1,1,0
36,0,0,1
47,1,1,1
35,4,2,1
40,0,1,1
37,3,0,1
44,1,1,1
32,0,1,0
34,2,0,0
47,2,1,0
33,2,0,0
34,2,0,0
48,1,1,0
19,2,3,4
46,0,0,0
37,1,0,1
28,0,3,1
41,1,0,0
43,0,2,0
36,0,2,0
33,0,2,1
39,0,1,0
35,2,2,0
35,0,1,0
46,0,0,1
45,0,2,1
24,1,3,0
39,3,0,1
36,0,2,1
33,1,5,0
33,0,1,2
42,0,4,2
40,0,1,0
30,0,2,1
40,1,0,0
32,0,6,0
39,0,1,0
39,0,3,0
31,1,1,5
33,1,1,0
36,1,1,0
35,1,2,0
29,1,0,1
28,2,1,1
53,0,2,1
39,1,2,0
36,9,0,0
40,2,2,1
41,1,6,3
31,0,1,0
30,1,1,0
37,0,3,0
33,0,2,1
39,1,0,0
31,0,4,0
38,1,0,0
36,0,1,0
37,0,0,0
31,1,2,0
32,3,1,0
40,0,1,1
31,2,0,0
22,4,6,4
36,1,1,0
39,1,1,1
37,3,0,0
33,0,2,1
39,2,1,2
38,0,1,0
38,1,2,1
42,0,0,2
33,4,0,1
32,1,2,1
36,1,3,2
33,1,1,1
33,0,2,1
40,1,1,0
41,0,0,1
40,0,2,0
32,6,6,3
29,1,2,0
22,4,1,5
37,0,0,0
54,1,3,2
26,4,10,3
25,0,12,2
33,0,2,0
37,0,3,0
40,1,3,1
27,0,2,0
46,2,1,0
36,2,0,0
33,1,2,0
46,1,1,0
31,4,2,4
31,0,0,0
41,1,0,2
29,3,9,0
28,1,1,0
24,1,3,0
29,2,5,4
33,0,3,0
35,1,2,1
33,1,0,2
35,2,1,1
32,0,0,0
34,2,1,0
27,1,1,1
39,0,1,1
23,0,0,0
37,0,3,1
37,1,1,1
31,1,4,2
36,2,2,1
34,2,4,0
37,3,5,10
33,0,3,1
39,2,2,1
32,0,0,0
35,0,0,0
24,2,1,0
38,2,2,0
47,1,0,1
38,0,1,1
41,0,4,0
50,0,3,1
34,0,0,0
45,3,0,0
37,0,2,0
38,6,6,4
35,4,5,5
33,1,3,3
45,0,1,1
41,4,1,0
42,0,1,0
42,1,1,0
39,4,5,5
35,1,4,2
41,0,1,0
41,2,0,0
41,1,1,0
28,0,2,2
45,1,1,0
34,5,0,2
32,3,2,0
38,1,2,0
38,0,1,0
39,2,2,0
34,0,3,2
29,0,1,0
33,0,8,0
41,1,3,0
38,0,1,0
33,0,2,0
33,1,2,0
37,1,1,0
34,1,6,1
34,1,2,4
33,5,0,2
44,0,0,0
16,2,3,3
34,1,0,1
50,0,1,0
41,0,3,1
36,0,0,0
28,6,3,2
26,0,1,0
36,0,1,0
40,1,1,0
36,1,1,0
28,0,1,1
47,0,1,0
37,1,0,2
34,0,0,0
27,0,0,0
47,0,1,0
29,0,1,1
50,1,2,1
42,0,0,1
42,0,1,0
32,0,2,0
41,1,0,1
32,1,1,0
33,6,5,4
33,1,0,0
38,1,3,0
26,1,5,0
43,1,1,0
32,0,7,0
36,0,0,2
43,0,0,0
45,1,2,0
31,5,7,0
42,2,1,0
51,0,4,0
40,2,2,0
40,0,0,0
49,1,0,1
39,5,4,1
36,2,3,0
37,0,3,1
35,4,0,0
35,2,3,0
46,2,1,0
31,0,9,1
41,1,1,1
34,2,1,0
25,1,2,1
29,2,0,0
38,4,3,2
27,5,3,4
30,1,1,1
39,0,0,1
37,0,0,0
43,3,1,1
27,4,2,2
46,3,1,0
44,4,0,1
41,0,2,0
30,6,5,1
39,0,0,0
38,0,2,3
27,0,1,1
37,1,0,1
37,0,0,0
37,1,5,0
41,1,0,0
33,1,3,1
33,4,0,0
33,0,3,0
55,0,1,1
38,2,2,0
32,0,0,1
39,0,0,0
41,2,1,0
39,2,4,1
37,3,0,0
38,0,0,0
43,1,1,2
38,0,0,0
44,1,1,0
34,0,2,0
33,2,0,0
35,0,1,1
34,3,0,1
30,2,1,0
35,4,3,1
34,2,0,1
38,1,2,0
47,1,1,0
43,2,2,0
32,1,2,1
38,1,2,1
27,1,4,3
32,0,4,0
38,2,1,3
39,1,2,0
44,1,4,0
39,1,1,2
38,0,1,1
18,3,5,2
29,7,1,0
35,1,1,2
27,0,1,0
44,1,1,1
40,1,0,1
39,1,2,1
52,0,2,0
26,6,13,5
40,0,3,0
37,1,2,0
28,1,1,0
45,2,0,0
41,1,1,1
44,1,0,0
38,2,1,0
33,0,2,0
40,0,3,0
40,3,2,0
36,2,0,0
36,0,1,0
39,2,4,1
41,0,1,0
37,0,1,0
28,1,1,0
22,1,9,6
35,3,1,2
35,1,1,0
35,2,0,0
28,1,4,0
12,5,6,5
32,0,4,1
49,0,1,0
38,1,0,0
39,2,1,0
42,3,1,0
30,6,1,3
37,1,0,0
32,1,3,0
32,2,3,0
31,1,0,0
41,1,0,1
26,4,2,8
23,7,0,3
37,1,0,0
37,2,1,2
39,1,1,0
37,0,2,1
33,0,0,2
23,3,4,3
43,0,1,1
30,1,1,2
39,1,0,0
30,1,1,3
41,1,1,0
33,2,6,3
36,0,1,0
37,1,3,0
42,1,1,0
37,1,0,1
28,1,1,0
44,1,0,2
42,2,1,0
45,0,2,2
45,2,1,0
41,0,1,0
42,3,1,0
41,1,0,1
36,2,1,1
46,1,0,0
32,4,2,0
37,0,1,0
40,1,2,1
33,0,0,2
31,6,3,2
47,1,3,0
35,1,1,2
39,0,0,1
32,1,3,1
33,3,4,1
48,1,0,0
35,1,3,0
37,1,2,0
49,0,2,0
37,1,3,0
39,0,0,2
36,0,0,0
37,2,3,1
34,0,1,0
31,3,1,0
32,0,0,1
43,2,0,1
26,1,0,0
35,1,1,0
56,2,0,2
32,0,1,0
37,0,0,0
35,3,1,1
46,2,1,1
25,4,1,2
32,3,3,7
36,0,1,0
29,3,3,3
46,0,3,0
29,0,8,1
28,1,5,0
39,1,2,0
34,0,2,2
34,1,0,0
22,4,7,8
49,0,2,0
38,0,0,1
36,7,1,0
35,0,1,2
31,1,3,1
39,4,2,0
40,1,0,1
42,1,1,2
28,0,3,1
30,0,4,0
33,0,1,0
30,2,1,1
37,1,1,0
34,3,1,0
39,1,0,1
27,3,2,2
34,0,11,0
36,2,2,0
28,5,1,1
43,2,0,0
31,2,1,1
42,3,2,2
29,3,0,1
27,2,0,1
35,0,0,0
26,1,0,0
30,1,0,1
31,2,2,1
33,0,0,0
29,4,3,2
36,0,13,2
51,1,0,2
32,0,0,0
33,0,2,0
37,13,0,2
30,2,5,2
41,0,1,0
34,2,0,1
36,2,1,1
43,2,1,2
44,0,0,0
32,1,1,0
33,2,2,1
24,2,1,0
44,1,1,0
37,0,1,1
35,0,0,0
48,1,2,0
27,2,0,0
43,0,2,0
38,0,1,1
30,0,0,0
38,2,1,0
39,1,0,0
28,0,0,0
50,1,3,0
34,1,0,0
29,2,0,0
38,2,2,0
38,2,1,0
24,3,1,1
35,0,7,0
27,1,0,1
45,2,2,1
34,0,0,0
52,0,1,0
43,2,0,0
40,3,2,0
36,0,0,0
38,1,1,0
42,2,2,0
41,2,0,0
33,2,2,0
34,2,1,0
37,0,0,0
39,1,0,0
41,1,2,0
30,2,1,2
38,2,1,0
37,4,0,1
33,1,3,1
30,0,2,0
38,1,1,1
32,1,0,1
36,2,1,0
37,0,1,0
46,0,2,3
24,3,9,1
42,0,0,0
38,0,1,0
42,0,3,0
42,0,3,0
37,0,2,0
37,0,0,0
32,0,1,1
46,0,2,1
45,0,2,0
38,1,0,0
42,0,2,0
27,1,1,0
39,1,0,1
43,1,1,1
29,0,1,0
46,1,2,3
44,0,1,1
38,4,0,0
38,2,4,1
24,4,2,2
48,0,1,0
29,4,4,0
28,0,9,4
39,3,0,2
38,0,0,0
39,3,1,0
28,0,1,0
37,1,2,1
31,2,3,0
25,1,1,0
27,0,0,1
39,1,4,0
34,0,0,0
32,5,3,0
36,2,3,0
33,1,0,3
36,4,7,3
29,2,1,3
40,0,0,1
34,0,6,2
32,0,2,0
41,1,2,0
40,1,2,0
36,1,2,0
45,1,0,2
36,0,4,2
35,1,0,1
38,0,0,1
32,0,1,0
32,0,1,1
39,0,1,1
39,2,1,0
44,0,1,0
37,0,0,0
29,0,0,0
36,0,2,2
44,6,1,0
36,0,0,0
20,2,3,3
28,5,3,3
33,0,0,0
39,1,2,0
26,0,5,1
33,0,0,1
30,1,4,3
46,2,0,0
33,1,3,0
36,3,2,0
32,2,2,0
46,2,1,0
28,0,0,2
47,0,4,0
39,1,1,0
32,0,1,0
34,0,1,0
28,0,1,0
36,1,3,0
38,0,1,0
53,1,0,2
47,2,1,1
42,1,2,0
37,0,1,0
36,0,1,3
33,0,0,0
44,1,1,1
38,2,1,1
35,3,3,0
35,0,4,0
39,0,11,1
28,0,3,0
36,1,2,0
38,0,1,0
41,1,0,1
39,2,1,1
42,1,1,1
38,3,1,0
42,1,1,0
35,3,0,0
36,0,1,0
31,0,3,1
35,0,1,0
32,0,4,1
29,1,0,0
41,0,1,1
24,0,8,1
37,3,1,0
36,0,1,0
39,1,2,0
40,1,1,1
31,1,5,2
36,1,1,1
22,0,2,1
34,0,0,1
38,0,0,2
35,0,0,1
31,0,2,1
31,6,5,4
42,1,0,0
37,1,3,0
28,1,4,4
33,1,0,0
35,0,2,0
43,0,0,0
25,1,1,0
37,2,2,0
36,0,5,0
34,2,1,2
30,0,1,0
28,0,9,0
43,0,0,0
32,0,3,0
40,0,2,0
42,1,2,0
40,2,0,1
36,0,1,0
28,3,0,1
44,1,1,0
41,1,1,0
34,0,1,0
29,0,7,2
42,0,1,2
32,5,1,0
34,0,0,0
42,2,4,1
34,1,1,0
39,2,1,0
48,0,1,0
35,2,0,1
33,2,1,0
33,0,1,0
41,0,2,0
41,0,4,2
34,0,0,0
34,1,9,3
28,1,9,0
46,0,1,0
31,1,5,2
41,1,2,0
30,3,3,1
35,1,2,1
36,0,3,0
31,2,4,0
30,5,1,1
41,2,2,0
36,2,0,0
60,1,4,0
45,2,0,0
20,5,3,1
51,0,1,0
43,2,0,0
38,1,1,1
44,2,3,1
44,0,2,2
32,1,1,0
41,3,0,1
35,4,3,0
37,1,1,1
30,0,0,0
50,0,2,0
43,1,1,0
32,2,0,0
44,1,0,0
29,0,2,0
43,1,0,0
39,0,1,0
38,1,2,2
41,0,1,0
30,3,0,1
27,3,4,3
34,1,1,3
29,0,6,1
32,0,2,1
36,1,4,2
42,0,0,0
47,0,0,0
42,2,2,0
37,0,1,0
42,1,0,1
36,0,2,0
36,1,2,0
43,0,0,1
34,0,2,1
36,1,1,1
37,0,0,0
34,1,4,0
42,0,1,2
35,0,3,1
36,2,1,3
37,2,0,1
35,1,0,1
47,1,2,0
45,1,0,0
36,1,1,2
55,0,2,0
36,1,0,1
25,0,13,1
34,0,1,1
37,0,7,0
39,1,1,0
36,0,1,0
47,3,2,0
37,0,2,1
37,0,0,0
34,1,1,0
36,1,1,0
36,2,4,3
43,0,1,0
21,0,5,0
32,0,1,1
26,4,6,6
40,1,4,0
10,4,5,11
35,3,1,0
36,4,1,1
39,1,1,2
23,5,1,0
33,0,1,1
32,0,3,1
34,5,2,0
34,2,2,1
38,1,0,0
31,1,0,0
45,0,1,0
32,1,3,1
22,6,0,2
35,0,1,1
39,0,0,0
30,2,2,1
38,4,1,1
49,1,6,2
39,0,0,2
40,0,0,1
37,1,4,0
19,2,4,3
28,0,0,0
35,0,2,0
27,2,4,1
41,1,0,0
39,5,2,2
38,2,0,1
33,4,2,0
38,3,2,0
42,0,1,1
47,2,0,0
38,1,0,0
30,0,1,0
44,0,1,0
34,2,0,0
41,1,2,1
41,1,3,0
34,0,0,0
30,3,1,0
46,2,2,0
33,1,2,0
28,1,0,1
31,1,0,0
49,0,1,0
38,0,7,0
36,0,2,0
33,1,1,1
51,1,1,0
39,7,1,0
38,1,0,2
42,1,2,0
32,5,6,2
36,0,0,0
39,2,2,0
30,8,0,1
33,3,1,2
27,2,1,0
25,3,5,4
36,1,0,1
32,0,1,0
33,2,0,0
43,1,2,1
35,0,0,0
32,4,9,3
32,0,0,0
33,4,8,1
32,5,1,2
40,0,2,0
38,0,2,1
37,2,1,0
42,0,1,0
42,3,5,5
31,1,5,2
32,2,2,0
34,1,14,5
29,2,2,0
25,1,7,5
39,1,3,0
41,0,8,1
35,0,2,0
28,1,1,0
37,1,3,2
41,1,1,0
31,0,1,2
50,0,0,0
33,1,1,0
33,2,1,0
31,1,0,1
31,0,1,0
42,3,2,0
36,1,3,0
31,2,4,1
34,1,5,7
34,1,0,0
24,4,7,1
35,0,0,1
31,5,0,0
35,2,4,0
40,0,2,0
32,9,1,1
48,0,0,0
45,0,1,0
35,1,0,0
36,0,8,1
28,1,1,2
34,0,1,0
48,3,0,3
45,1,1,0
41,2,1,1
28,1,3,0
38,1,1,0
30,4,1,1
37,0,1,1
24,1,4,0
45,4,1,1
30,2,2,2
33,0,3,0
27,1,6,3
40,1,2,0
30,1,3,2
26,6,8,2
31,0,3,1
51,0,0,1
43,0,1,0
46,1,1,2
34,3,1,1
31,1,2,1
32,0,1,0
33,0,6,0
30,2,1,0
34,1,1,0
38,2,2,1
31,2,3,0
35,1,0,2
36,1,0,1
33,1,0,1
32,0,1,1
35,0,3,1
32,0,1,0
38,0,2,0
31,1,3,1
31,0,1,4
40,2,0,2
30,0,1,0
28,0,7,6
41,2,1,3
29,6,2,2
42,1,1,1
52,1,2,1
43,1,0,0
42,0,4,1
24,1,2,0
27,2,3,3
37,5,3,1
31,4,1,3
41,0,2,1
39,0,2,1
40,1,1,3
38,10,0,1
35,1,0,0
42,0,2,0
24,1,0,0
28,1,0,0
21,4,5,2
26,10,1,1
40,2,1,0
39,1,0,1
41,0,0,1
38,1,0,1
37,0,1,0
47,3,0,0
29,5,0,1
40,1,1,0
32,2,1,0
35,2,2,0
38,0,1,0
31,1,1,1
24,0,1,1
45,0,4,0
25,0,5,3
29,1,1,0
35,0,2,0
27,2,1,1
33,0,1,0
29,0,6,1
34,2,0,1
42,1,3,0
25,0,0,0
40,11,0,1
45,2,1,1
38,3,3,0
43,0,0,0
28,0,0,0
27,0,2,0
29,1,1,0
34,2,6,1
42,1,1,0
33,2,3,3
41,1,0,1
41,0,2,1
37,0,0,0
30,4,3,1
35,1,2,0
35,0,2,0
42,1,0,0
45,1,1,0
33,0,3,0
29,4,6,4
39,0,0,1
41,2,1,1
48,0,2,0
22,0,1,0
44,0,0,3
43,0,0,0
33,1,1,0
49,1,1,0
36,2,1,0
35,6,3,2
34,0,1,0
29,0,0,1
35,1,0,0
35,0,1,0
30,2,1,0
31,0,0,1
46,2,0,1
35,0,3,0
40,2,2,0
35,0,1,0
30,0,2,1
33,0,0,0
34,6,5,4
31,0,1,1
29,1,1,0
47,1,1,0
43,2,1,0
39,5,1,1
53,1,1,1
26,1,0,1
29,3,1,0
27,0,4,2
35,1,0,0
37,1,0,1
36,0,0,0
40,1,1,3
38,4,3,0
18,1,3,1
32,1,3,1
35,2,2,1
50,2,0,1
35,1,2,2
35,1,1,0
35,4,1,0
31,0,1,0
31,0,3,0
30,2,0,0
34,4,0,3
29,2,4,2
35,1,1,0
29,2,2,1
43,0,1,0
40,0,0,1
36,1,0,0
29,1,0,0
36,0,3,0
34,0,1,0
36,2,3,0
37,1,1,1
53,2,1,0
49,0,0,0
36,2,0,0
38,1,1,1
30,2,3,4
31,5,1,0
49,0,1,0
33,1,0,1
28,1,2,1
30,0,0,0
45,1,0,0
46,4,1,0
49,2,1,1
38,0,0,0
36,1,0,2
31,0,1,0
40,1,0,0
34,1,1,0
41,1,2,1
42,5,0,1
44,0,0,1
43,1,2,0
42,0,4,0
37,0,1,0
32,0,1,0
37,3,0,1
37,1,0,0
34,0,1,0
37,0,1,0
55,1,2,0
42,1,0,3
37,1,2,0
35,0,5,0
38,1,1,1
43,0,0,0
38,1,1,0
43,0,0,0
35,1,4,0
45,1,2,1
29,1,0,1
43,4,2,3
47,2,0,2
36,1,0,0
35,2,0,1
40,1,2,0
31,1,1,0
48,0,0,0
40,3,2,0
28,3,0,1
45,3,1,0
45,0,1,1
36,0,0,1
36,3,1,1
45,0,0,0
31,0,0,0
26,0,0,0
37,0,2,2
36,0,0,1
33,1,3,0
40,3,0,0
25,1,2,1
41,1,2,0
33,3,2,1
40,0,0,0
39,0,3,1
42,1,1,0
44,0,1,1
37,3,1,0
31,1,8,0
37,0,1,1
37,4,2,1
42,2,0,0
35,0,9,0
31,2,3,0
35,0,3,2
41,3,0,1
36,0,3,1
32,0,2,1
29,1,1,1
40,1,3,0
40,3,2,3
40,1,2,0
38,1,2,0
33,4,5,3
33,1,1,0
36,0,1,1
28,1,1,0
28,0,1,1
20,3,4,3
32,0,2,0
37,3,4,6
35,0,1,0
38,0,1,1
34,0,2,1
33,4,0,1
42,2,1,0
27,2,1,0
40,0,0,0
43,6,0,2
47,1,0,0
36,2,2,0
33,6,0,0
44,0,2,0
34,0,0,0
42,1,1,0
36,2,0,0
44,0,3,0
40,2,2,0
42,1,1,2
33,0,3,0
30,0,1,0
40,2,1,1
33,0,0,0
28,0,3,0
36,1,0,0
42,2,1,0
31,3,0,1
32,1,3,0
38,1,2,0
29,1,0,0
26,0,0,0
46,1,1,1
27,2,1,0
45,1,3,1
41,2,1,0
39,0,0,0
39,0,1,0
40,5,2,2
36,2,2,1
34,0,6,3
36,1,3,0
39,0,3,0
47,3,3,0
33,2,0,0
36,0,1,0
33,0,2,1
35,6,1,0
45,2,0,0
37,1,0,0
37,1,0,0
36,1,0,0
35,0,1,1
38,0,1,0
40,1,1,0
37,0,0,1
31,1,1,0
42,1,1,1
37,2,0,0
45,1,1,2
39,0,1,0
33,1,2,1
40,2,1,0
28,0,0,1
37,1,2,1
33,1,1,1
29,0,0,0
36,0,1,0
44,1,2,0
36,1,1,0
48,0,0,0
33,0,3,0
33,2,0,0
38,2,0,1
27,0,0,0
41,0,2,0
32,0,4,1
34,0,3,2
46,2,1,1
39,6,1,0
38,0,1,0
39,1,2,0
24,4,5,5
28,2,2,0
35,1,1,0
47,1,4,1
30,0,1,0
44,0,3,0
38,1,2,0
37,1,1,1
37,1,2,0
33,1,2,0
34,0,1,3
28,3,10,6
39,0,2,0
31,1,2,1
38,2,1,1
30,1,4,1
39,0,2,0
34,0,1,1
25,0,2,0
34,1,1,0
42,1,2,0
48,1,4,1
34,2,0,0
36,1,3,0
40,0,3,0
42,1,2,0
21,1,3,1
37,3,2,2
27,2,4,1
47,1,0,0
32,0,1,0
29,8,5,3
27,2,1,0
38,2,1,0
45,0,2,1
41,0,3,1
40,2,0,0
40,0,1,0
37,0,1,0
26,1,1,1
27,1,6,1
36,0,0,0
37,1,0,0
39,1,1,0
44,1,2,0
40,0,3,1
22,7,1,1
40,1,1,1
33,1,1,1
31,0,0,2
39,3,4,6
35,4,1,1
36,0,2,0
35,1,0,0
31,0,0,0
37,3,2,0
46,1,0,0
30,0,3,0
35,1,0,0
32,1,1,1
34,0,1,1
36,0,1,1
35,0,1,0
46,2,5,0
28,1,1,0
20,5,1,3
40,0,4,0
26,2,6,5
35,4,1,0
33,2,1,0
27,0,1,1
40,0,4,0
23,1,6,4
46,1,1,0
35,0,0,0
43,0,0,1
30,0,6,1
50,1,1,0
33,1,1,0
38,1,0,3
33,0,2,0
25,2,1,2
44,1,1,0
32,3,0,2
43,0,0,0
29,0,3,0
32,0,1,0
49,0,0,0
43,1,0,0
42,1,1,0
37,1,2,1
36,0,2,0
46,1,2,0
38,1,6,1
42,0,0,1
25,3,4,2
23,5,3,3
33,0,0,2
40,1,1,2
42,1,2,0
25,0,6,3
31,1,1,0
35,0,1,0
36,1,3,4
25,0,1,0
31,1,0,1
36,1,0,0
41,2,1,0
31,1,0,0
37,2,0,1
30,1,1,0
36,5,6,5
35,2,0,0
36,0,0,0
39,0,2,1
27,0,4,0
48,0,0,0
40,2,2,0
21,3,5,2
27,1,3,2
37,0,1,0
37,1,0,1
27,0,3,0
56,0,2,1
30,1,5,0
40,0,2,1
39,2,0,1
50,3,2,1
36,0,2,1
48,0,2,0
39,0,1,0
44,0,0,0
41,1,2,0
38,0,1,0
28,0,3,0
35,0,2,0
46,0,1,0
38,1,4,0
41,1,2,0
25,5,2,1
32,0,4,1
22,0,9,6
29,2,4,5
39,1,1,1
33,1,2,1
23,2,2,0
42,1,1,2
35,1,3,0
37,1,0,0
38,3,2,0
32,4,4,3
44,0,1,0
28,1,3,0
23,0,1,1
35,1,1,0
37,2,1,1
30,0,1,0
47,3,3,1
45,2,0,0
40,3,2,2
36,1,1,0
36,0,0,1
34,2,0,1
49,2,0,0
39,0,0,2
43,0,3,0
43,0,0,1
45,3,4,6
34,2,1,0
45,1,0,0
32,0,2,1
35,4,1,1
48,1,2,1
40,0,1,1
43,1,2,2
38,3,3,1
34,1,0,0
40,1,0,1
31,2,3,0
33,0,0,1
43,0,1,1
25,0,0,2
39,0,1,0
32,3,4,10
32,2,0,1
41,2,1,0
36,1,1,0
32,1,5,0
29,5,0,1
40,0,1,1
33,0,0,0
33,2,2,0
31,10,0,2
25,0,11,3
36,0,3,0
35,1,3,1
53,0,1,0
40,0,1,0
34,2,1,0
40,0,10,2
38,0,3,0
46,2,1,0
35,2,2,1
36,3,3,1
32,1,0,0
36,6,0,2
48,1,4,5
41,1,0,0
15,4,5,4
30,1,0,0
33,1,6,4
21,6,2,1
40,0,1,1
34,0,1,0
36,0,1,1
30,0,0,1
25,3,3,2
43,1,0,1
30,0,0,2
34,2,1,1
37,2,2,0
39,1,1,0
36,2,3,0
42,0,9,4
38,0,2,1
27,0,0,1
48,0,0,0
38,2,4,1
28,2,4,1
38,2,2,1
37,1,0,0
37,0,0,0
34,1,2,0
28,4,0,3
36,0,2,0
40,0,3,0
47,0,1,1
34,0,1,1
35,3,0,1
23,1,2,1
33,1,0,0
34,1,1,1
30,4,0,2
36,0,2,0
29,2,3,4
36,0,1,0
22,3,2,2
38,3,1,0
39,0,0,0
41,0,0,0
41,1,0,1
42,0,2,0
28,1,1,0
43,4,0,0
33,1,3,1
38,1,1,2
46,0,1,1
25,0,2,0
20,2,8,3
37,0,0,0
40,1,2,0
32,3,9,4
37,1,3,2
35,1,0,1
43,2,2,2
43,0,0,1
34,1,1,0
43,5,0,2
37,2,1,0
33,3,1,3
30,3,2,3
25,4,4,3
44,0,2,0
42,2,0,0
32,0,0,1
40,0,2,0
34,0,2,1
22,3,9,4
48,0,2,1
27,0,2,0
39,1,1,2
29,1,2,0
37,2,0,2
32,0,2,1
29,4,1,0
30,1,0,0
50,1,0,0
42,2,0,1
32,1,1,0
43,0,2,0
35,1,1,1
34,2,0,1
18,0,8,6
38,1,0,0
40,0,2,0
50,0,1,1
35,0,0,0
26,1,2,0
37,1,3,0
42,0,1,1
38,0,1,0
33,0,0,0
41,2,2,1
41,1,1,1
29,1,3,0
47,3,2,0
41,0,0,0
35,2,1,0
25,1,0,0
41,0,2,0
35,0,1,0
38,3,3,0
34,0,0,0
43,1,2,2
32,7,3,6
29,0,1,0
37,1,2,0
37,0,2,0
36,0,2,1
34,0,1,0
35,0,0,0
34,0,0,0
41,0,0,0
32,0,0,0
19,2,3,0
35,0,0,0
39,1,0,2
40,0,1,0
49,0,0,0
41,1,2,1
30,1,1,0
32,1,0,1
51,0,2,0
23,3,3,0
54,1,1,0
40,0,2,0
52,0,0,0
33,1,2,0
42,1,1,0
46,0,0,0
43,0,1,0
30,2,1,0
33,2,2,0
30,4,1,3
34,0,0,0
44,2,0,0
36,1,3,1
34,1,1,0
27,0,0,0
40,0,1,0
40,0,0,0
30,2,2,1
29,2,2,0
33,0,2,0
31,1,3,1
31,5,1,2
37,0,1,0
41,1,0,1
37,0,1,0
39,1,1,1
31,2,2,0
27,0,10,2
46,1,1,1
25,1,5,0
44,1,3,1
47,4,1,1
51,2,3,2
37,2,1,1
37,1,1,0
32,2,1,0
38,0,2,0
40,2,4,0
37,5,0,0
43,3,0,0
50,1,0,0
28,2,2,0
43,0,0,0
31,1,0,0
29,0,1,0
26,0,0,0
38,2,2,1
39,1,1,0
33,9,1,2
31,2,1,0
31,5,3,0
24,2,3,5
38,0,5,0
42,0,0,1
46,1,2,1
48,1,2,1
35,1,1,0
33,2,0,1
40,1,2,0
44,0,2,0
29,0,1,0
46,1,1,0
21,6,7,9
34,1,0,0
40,2,1,0
40,0,7,1
23,1,1,2
54,3,0,0
37,1,0,0
39,0,0,1
39,2,0,1
27,2,4,4
39,1,1,0
30,2,2,2
20,4,6,3
45,0,4,0
32,10,0,1
33,0,3,0
48,1,1,0
31,2,3,3
28,1,0,0
30,5,1,1
35,1,0,2
31,1,1,1
37,2,3,1
36,3,2,0
48,0,1,0
30,2,1,0
45,3,1,0
52,2,0,0
31,0,0,0
30,1,1,0
48,0,0,0
45,2,1,0
39,0,2,1
36,0,0,0
37,0,1,0
38,3,1,0
34,3,0,0
45,1,4,0
35,0,2,0
37,0,2,1
42,1,0,1
31,0,1,0
44,1,2,1
33,2,0,0
30,0,4,0
41,2,1,0
29,1,0,0
31,0,0,0
48,0,3,1
33,0,1,0
43,1,4,1
34,1,1,1
44,3,2,0
29,0,2,2
31,2,5,5
31,1,0,0
37,0,1,0
33,0,0,0
29,1,3,0
42,1,0,2
47,1,2,0
33,2,0,0
38,0,1,0
36,0,2,1
31,0,0,0
36,4,2,0
29,0,3,0
41,2,0,0
31,0,2,0
27,2,0,0
31,2,0,2
39,0,0,1
35,0,2,0
37,2,0,1
32,2,1,1
29,0,0,0
32,3,7,1
42,0,3,0
35,2,5,0
37,1,1,1
33,1,0,2
35,1,2,0
39,0,3,0
41,2,1,0
42,1,1,1
46,0,2,0
43,2,2,0
39,0,6,3
40,1,1,2
32,3,1,0
39,4,0,1
39,0,0,0
44,3,1,4
36,1,0,0
29,1,2,0
28,4,2,5
34,0,0,0
30,0,0,0
27,0,1,1
35,0,0,1
26,1,1,0
34,1,4,2
36,1,0,1
24,5,4,7
44,1,1,0
31,0,2,0
35,1,3,0
39,1,0,0
40,1,1,0
40,0,2,0
37,2,1,0
36,1,2,0
30,0,1,1
48,3,0,0
30,2,0,0
37,1,1,2
36,0,1,0
38,0,0,0
38,10,0,1
32,0,2,2
32,1,1,1
53,1,1,0
54,1,1,1
26,0,2,0
44,1,2,1
36,3,2,2
30,1,1,0
33,5,0,1
31,3,2,2
35,1,0,0
44,1,1,0
39,1,1,0
41,0,1,0
40,1,0,0
32,2,0,0
33,2,5,5
34,0,1,0
44,0,2,1
33,0,0,1
39,0,2,0
31,0,0,0
31,2,0,1
28,0,1,0
40,3,1,2
31,1,3,1
25,0,0,0
30,5,1,1
30,1,2,0
31,8,1,1
36,1,0,0
43,2,1,2
32,1,2,0
34,2,2,1
45,0,0,0
35,1,4,0
33,1,2,1
33,0,1,2
30,2,0,1
31,3,1,1
30,2,0,0
52,1,0,0
29,6,2,1
39,0,2,1
29,6,5,4
34,1,1,1
32,0,0,0
26,1,1,0
32,3,2,0
33,0,1,1
41,0,1,0
43,3,2,0
36,1,2,0
28,3,1,1
31,1,1,0
37,0,2,0
37,1,2,0
28,0,1,1
24,1,1,0
33,3,9,3
42,4,4,1
44,3,3,0
41,0,2,0
41,1,1,0
42,1,0,0
44,1,1,0
37,3,0,0
30,0,1,0
46,0,2,1
32,1,0,0
29,0,1,0
37,0,1,0
41,1,4,1
41,1,1,0
37,1,0,0
33,1,1,0
46,1,2,1
38,1,1,0
36,1,0,0
41,0,2,0
42,1,3,0
32,2,2,7
36,3,0,0
42,0,2,1
28,2,1,3
35,1,2,1
35,0,13,1
22,5,6,4
24,1,0,2
26,2,3,0
45,1,0,0
34,0,6,1
42,1,4,4
34,0,1,0
40,1,1,0
35,0,1,0
34,0,0,1
38,0,0,0
35,0,0,0
32,1,1,0
29,2,1,4
33,1,0,0
50,2,3,2
32,2,1,0
42,3,0,0
44,1,3,0
38,2,0,0
48,0,1,1
20,0,1,0
39,1,0,0
42,2,4,0
41,0,1,0
34,0,2,0
43,1,0,1
32,1,3,0
30,2,1,1
36,2,3,1
30,1,1,0
43,1,1,0
44,0,2,0
33,0,2,0
42,0,0,0
31,0,0,0
45,2,6,8
47,2,1,1
35,0,2,1
23,2,0,0
38,1,1,0
34,0,2,2
37,0,1,0
31,0,0,0
41,1,2,0
45,1,0,0
32,0,3,1
49,1,1,1
31,3,5,3
42,1,2,0
29,4,6,2
31,1,1,2
42,0,1,0
32,0,5,0
34,0,3,5
26,2,2,1
41,1,0,0
44,0,1,2
48,1,1,0
34,1,0,1
36,1,1,1
44,0,0,0
35,1,0,0
31,0,2,2
42,3,2,5
35,0,2,1
39,1,1,0
29,0,2,0
44,1,1,1
36,0,1,0
38,6,0,0
21,6,5,2
40,2,2,0
46,0,1,3
43,1,0,1
30,2,3,0
37,1,0,2
37,1,2,1
33,0,0,1
37,0,1,0
42,1,2,0
34,1,6,7
42,2,2,2
39,1,2,0
37,1,2,0
37,2,1,2
36,1,0,1
39,1,1,0
29,2,1,1
35,2,0,0
43,4,1,0
34,0,0,0
40,1,1,1
46,2,2,0
44,1,1,0
35,2,1,0
41,3,1,1
26,2,3,1
33,1,3,1
49,1,2,1
41,0,1,0
24,2,4,2
24,0,8,1
36,0,0,0
32,0,0,1
45,0,1,0
29,4,1,1
36,1,1,1
27,1,1,0
35,1,2,1
33,0,3,0
36,2,0,0
38,2,2,0
34,0,5,2
31,0,0,0
36,1,1,0
47,1,1,0
41,0,1,0
27,0,4,5
33,3,0,0
33,2,1,0
37,0,0,0
41,2,1,0
40,1,2,1
41,2,2,1
33,3,1,0
46,0,0,2
28,1,0,0
49,1,3,0
48,0,2,0
28,2,6,5
32,2,0,1
39,0,1,0
45,1,3,0
40,1,1,0
33,8,0,0
52,0,3,0
31,1,1,0
32,0,2,0
24,0,7,1
20,4,4,2
35,0,1,0
35,1,0,0
30,3,4,1
32,0,0,0
35,1,0,1
28,3,3,0
45,0,1,0
43,0,0,1
32,0,0,1
30,5,0,4
35,0,2,2
31,1,5,0
31,0,0,0
36,0,1,0
38,1,2,3
38,2,2,0
25,3,4,2
36,0,3,0
42,3,0,0
48,0,2,0
51,0,1,0
29,1,7,1
35,1,1,4
36,1,2,0
25,2,0,0
46,0,2,1
42,0,1,0
48,1,0,0
28,4,7,3
46,1,0,1
29,0,2,0
31,0,0,2
26,5,3,5
41,1,0,0
37,0,1,0
30,2,1,0
43,0,1,0
36,0,1,0
30,7,0,0
37,0,0,1
35,3,3,1
38,1,1,1
38,8,1,0
30,1,3,0
43,0,0,1
39,1,0,0
26,0,3,1
39,0,1,0
31,1,2,0
36,1,1,2
31,1,1,0
35,0,2,0
29,0,3,3
31,0,3,0
28,1,0,0
43,0,1,0
43,0,2,1
26,1,2,0
40,2,3,0
38,0,2,0
27,0,8,4
44,0,2,0
44,2,1,0
31,1,1,0
38,2,4,0
32,4,0,0
35,3,2,2
27,3,5,1
30,2,2,0
33,0,1,0
42,1,1,0
32,0,3,4
21,2,5,4
44,0,2,0
24,0,1,0
43,0,0,0
42,0,0,1
40,3,0,0
38,1,1,0
31,2,2,2
43,0,2,1
32,2,1,0
36,0,1,1
51,0,0,0
28,0,5,2
36,1,0,0
40,0,0,0
35,3,4,2
45,2,2,0
50,3,0,1
41,1,1,0
42,1,2,0
33,0,0,0
42,0,2,0
36,1,1,0
35,1,0,0
38,1,0,0
52,0,2,0
37,1,0,1
39,0,0,0
31,1,3,0
34,2,5,0
39,1,1,0
30,2,1,1
35,0,4,0
31,0,2,0
31,1,2,2
17,4,4,4
31,0,1,0
38,2,1,0
38,0,3,0
34,0,2,0
36,4,4,0
41,0,2,0
33,2,0,0
40,1,1,2
35,0,2,0
36,3,0,0
44,1,0,1
42,0,2,0
32,0,2,1
33,0,1,0
38,1,1,0
37,0,2,1
25,0,9,0
43,1,1,0
35,0,3,2
34,0,2,0
29,2,3,1
38,1,1,0
44,1,0,0
34,1,0,1
44,1,1,0
39,0,0,0
37,1,3,0
36,3,3,4
36,2,2,0
45,0,1,1
39,0,0,0
38,2,0,0
31,1,6,4
28,1,2,1
31,1,3,2
40,1,1,0
38,0,0,1
33,3,5,1
41,0,0,1
26,6,1,4
32,1,1,1
40,0,1,1
29,1,4,0
35,1,5,2
32,0,3,0
21,4,4,5
44,1,0,0
35,2,0,0
40,0,0,3
36,0,1,0
32,3,0,3
28,9,0,0
32,3,4,1
32,0,3,2
34,0,4,2
40,1,1,2
35,0,1,1
33,2,0,1
24,1,3,0
34,0,1,0
28,2,5,2
38,2,0,0
36,0,3,1
46,1,1,0
41,0,1,1
26,1,2,0
39,0,0,1
26,1,1,1
35,0,0,0
36,0,1,1
30,3,1,0
32,1,3,0
37,0,0,0
43,3,1,2
42,0,5,1
44,1,1,1
44,0,0,1
31,0,2,0
37,0,0,1
45,1,1,0
42,3,9,0
33,1,3,2
26,1,3,0
38,0,1,0
38,2,0,0
31,2,2,1
32,1,2,0
27,3,1,2
30,3,2,0
46,0,3,1
45,1,1,0
35,3,1,0
40,0,1,1
29,3,1,0
38,0,3,2
38,2,1,0
40,0,3,0
41,4,2,2
36,0,0,0
44,0,0,0
29,0,2,0
48,1,1,0
39,2,1,1
39,0,0,0
49,2,1,0
39,1,1,2
33,0,1,0
37,1,1,0
47,0,1,0
41,1,1,0
38,1,1,1
47,4,2,1
38,0,2,2
39,0,0,0
30,0,2,0
21,2,3,1
37,1,3,1
38,0,1,0
32,3,1,1
35,1,0,0
49,1,0,0
40,2,0,0
24,2,3,1
32,2,2,2
43,1,2,0
36,6,0,0
27,1,0,0
32,1,0,2
29,1,1,0
38,3,0,0
34,1,0,1
33,2,0,1
41,2,0,0
46,0,2,1
43,2,0,0
50,1,1,0
32,1,2,0
36,0,3,1
33,0,0,0
36,0,2,0
34,5,0,1
27,2,3,1
27,5,1,2
30,3,0,2
30,5,2,4
39,4,0,0
38,1,1,0
31,1,8,0
43,2,2,1
30,0,1,1
32,1,2,1
53,2,0,0
32,1,3,0
38,0,2,0
37,0,1,0
36,1,1,0
23,0,0,1
22,6,14,5
34,1,1,2
46,1,1,0
31,0,0,0
40,1,0,0
49,0,1,1
28,1,2,0
48,0,1,0
37,0,4,1
46,0,0,1
33,1,0,1
36,0,1,0
35,3,0,0
56,3,1,0
44,1,1,1
32,2,1,0
39,1,1,0
32,1,2,0
35,3,6,2
33,5,1,0
53,3,0,0
40,2,0,0
38,2,1,0
31,0,1,0
35,3,0,2
38,0,0,0
21,2,4,2
38,5,1,0
32,2,3,1
39,0,2,2
31,2,1,2
26,2,0,0
38,0,2,1
29,0,6,1
43,0,1,0
34,0,0,1
33,2,0,0
36,1,0,0
39,4,1,0
28,1,1,0
38,2,1,1
31,0,0,1
34,1,2,3
21,1,1,4
42,2,1,0
31,0,1,1
39,0,1,1
50,1,0,1
36,0,2,0
37,0,4,0
38,1,2,3
35,1,1,1
31,5,0,0
49,7,3,1
31,2,2,0
26,0,2,1
42,1,4,1
30,1,4,1
41,1,0,0
29,0,1,0
35,1,2,1
43,1,0,2
29,0,1,0
36,2,1,0
28,4,1,0
23,1,2,1
40,1,0,0
30,2,4,0
34,1,0,2
32,1,1,0
31,1,3,0
33,1,5,0
36,1,0,0
36,2,1,0
38,1,1,2
44,0,0,0
35,0,1,0
39,4,4,0
41,1,1,0
37,0,1,1
42,0,0,1
50,0,3,2
28,1,3,1
29,7,0,1
35,0,1,1
35,0,2,0
39,3,2,0
38,0,1,0
30,1,6,0
44,3,3,0
45,1,1,1
45,0,1,0
37,1,7,3
35,2,1,1
31,1,1,0
35,0,3,0
36,0,7,1
39,2,1,0
51,1,2,2
45,3,2,0
45,1,1,0
34,0,0,1
40,0,0,0
37,3,4,6
40,1,1,1
40,0,2,0
34,0,1,1
35,0,0,0
33,0,5,0
43,1,0,0
33,0,2,0
43,2,3,1
36,0,1,1
34,1,1,0
43,0,1,1
25,2,1,0
35,2,2,1
47,0,0,1
32,1,1,1
32,0,0,2
30,2,2,1
43,0,2,0
24,0,1,0
40,0,1,0
31,2,1,1
36,1,2,1
34,0,2,1
30,0,0,0
30,2,3,2
32,2,1,1
33,3,6,0
33,2,2,0
36,0,4,0
35,1,1,0
23,3,7,1
40,0,1,3
32,1,3,0
41,0,0,1
36,0,4,1
28,5,0,0
36,1,2,2
28,2,2,0
40,1,1,0
39,0,1,0
37,0,0,1
42,0,0,0
45,1,0,0
44,0,0,0
40,1,1,0
39,2,2,1
43,1,1,0
32,2,2,2
37,0,1,1
43,1,1,0
31,0,0,1
30,1,6,0
30,2,1,0
51,0,2,1
38,0,1,0
36,0,0,0
33,0,2,0
36,3,1,0
37,0,1,1
42,2,2,3
34,0,0,0
36,2,2,1
38,1,1,0
39,0,1,1
39,1,0,0
35,0,1,0
36,1,1,0
40,0,0,0
36,1,0,2
36,1,4,0
35,1,3,1
38,0,4,0
37,4,0,1
25,0,0,1
37,0,1,1
37,1,1,0
43,2,0,1
45,1,1,0
21,7,0,1
43,1,1,0
24,3,11,10
43,1,3,0
36,2,0,0
45,1,2,1
38,2,1,1
27,1,9,1
40,0,2,0
31,8,3,0
40,1,2,1
25,0,2,0
54,3,2,0
43,2,1,0
45,0,1,0
24,1,3,1
38,3,3,1
40,1,0,1
44,0,2,0
40,0,1,0
27,3,1,2
34,0,1,2
31,0,6,2
38,0,1,0
33,2,0,1
37,1,1,1
30,0,0,0
49,1,2,0
42,1,2,1
44,3,4,0
32,0,5,1
30,3,0,1
37,1,2,1
34,3,6,3
52,1,0,1
41,2,0,0
30,0,4,0
44,1,1,0
40,0,0,1
35,2,3,0
30,1,7,1
38,0,2,2
36,0,1,1
39,0,1,0
48,0,0,2
26,1,4,2
31,0,3,0
36,2,3,0
40,0,0,1
32,1,1,0
37,1,3,6
26,1,2,1
43,2,2,1
43,1,0,1
26,1,2,0
40,0,2,0
31,2,0,0
35,0,1,0
28,3,0,0
35,1,1,0
24,1,5,3
46,1,0,0
25,1,0,0
55,1,0,0
45,1,2,0
32,5,6,3
38,0,10,1
38,1,0,1
40,0,0,3
29,1,1,0
29,0,2,0
44,1,1,0
29,1,2,0
37,0,1,0
31,4,2,3
44,0,1,0
38,1,1,2
37,1,1,1
32,5,1,0
33,1,0,1
40,1,0,0
40,1,2,0
37,1,2,1
33,3,4,2
45,0,2,0
39,1,4,1
30,0,1,1
31,0,2,0
30,5,8,2
31,0,0,0
36,6,2,1
34,1,3,1
43,2,0,0
26,1,0,0
43,1,1,1
42,1,1,0
31,0,0,0
15,2,5,4
38,0,2,0
36,3,1,0
30,0,0,0
34,1,0,1
27,0,2,2
29,0,2,1
30,4,7,3
31,0,0,1
39,0,0,0
36,7,0,1
36,0,2,0
37,1,4,1
35,0,2,0
36,0,7,0
37,0,0,0
31,1,0,0
30,1,0,1
30,1,1,0
38,0,1,1
25,0,0,0
40,0,0,1
39,0,1,0
52,1,0,0
42,1,2,0
42,1,1,0
40,2,1,1
29,8,1,1
35,3,0,1
45,1,1,0
32,0,3,1
37,1,1,2
35,6,4,3
44,2,1,0
38,0,1,1
34,3,2,0
36,3,6,0
45,2,1,2
34,3,1,0
32,2,1,0
30,1,2,0
39,0,0,1
36,1,2,0
19,2,3,4
40,0,1,0
31,3,0,1
38,0,0,0
42,1,0,0
37,0,1,0
43,1,1,1
47,0,3,2
21,3,1,0
44,1,1,0
38,1,2,0
38,1,4,0
36,1,0,0
36,1,0,0
41,1,0,0
38,0,0,2
34,0,1,1
32,3,2,0
30,2,0,1
41,0,0,1
37,3,0,2
35,2,1,0
48,3,0,0
39,3,2,3
31,1,2,1
38,0,0,0
44,0,1,1
33,2,2,3
37,1,1,1
40,1,1,1
26,0,2,1
44,1,3,0
35,2,1,0
39,0,1,0
39,1,0,0
36,2,2,1
42,0,0,0
40,2,2,0
34,0,1,1
40,3,0,0
43,0,1,1
32,2,2,0
41,0,0,1
34,3,3,0
46,0,6,1
43,0,5,0
27,0,2,0
37,1,0,0
34,1,3,0
39,0,3,1
39,1,0,0
30,1,2,0
41,3,0,0
42,2,3,0
31,3,3,1
44,2,0,0
36,3,0,0
36,2,3,0
26,0,9,0
30,0,0,0
36,1,0,0
40,1,5,2
38,0,1,0
35,0,0,0
32,0,0,0
33,2,1,2
26,1,3,3
34,0,6,2
42,1,1,0
37,1,4,2
39,3,1,0
45,0,2,0
29,4,3,1
43,3,1,1
45,1,2,1
37,0,2,0
32,0,0,0
36,0,1,0
34,0,1,0
45,2,2,0
37,2,0,1
33,0,9,1
39,0,1,0
47,1,4,1
23,6,0,1
46,1,2,0
25,1,2,0
35,0,3,0
33,0,3,1
34,1,1,0
38,0,1,1
38,1,2,1
24,1,3,2
41,0,0,2
26,1,7,2
36,2,3,0
23,0,5,1
41,2,3,1
29,2,0,0
44,1,1,0
31,0,3,0
56,2,0,0
35,1,2,0
31,0,2,0
41,0,0,2
39,1,0,1
46,1,1,0
34,0,1,1
26,4,3,0
39,1,4,0
32,0,1,0
43,0,3,3
31,0,8,0
23,0,15,2
32,2,2,1
40,0,4,2
24,2,5,2
36,2,2,0
38,1,3,0
25,2,8,3
37,2,2,1
40,0,0,1
34,0,1,0
40,1,1,0
28,7,0,1
24,1,1,0
42,1,1,0
33,1,0,0
32,0,0,0
31,1,2,1
32,3,1,0
38,1,0,1
25,4,3,2
30,0,6,1
31,0,2,1
46,3,0,0
42,1,6,3
42,0,1,1
32,0,3,0
24,3,4,3
39,1,4,1
41,0,1,1
45,1,0,0
31,2,1,0
34,2,1,0
48,0,0,0
42,0,0,2
36,0,0,2
34,0,9,0
36,0,1,1
33,0,5,0
35,2,3,0
31,2,1,1
46,0,1,1
40,0,2,1
35,2,1,0
43,1,2,1
45,1,2,0
27,8,0,1
32,2,0,0
32,2,3,1
40,1,0,0
33,4,0,1
47,0,1,0
38,4,0,0
47,2,1,0
36,1,3,0
39,0,2,3
26,2,4,3
40,2,3,0
38,0,1,0
42,2,0,1
36,1,1,1
30,1,0,1
29,1,1,0
34,1,1,0
33,0,0,1
39,1,1,0
34,3,5,0
32,1,0,0
30,2,11,1
36,0,3,0
42,2,0,1
36,0,2,0
46,1,1,0
31,7,0,1
33,1,4,0
49,1,2,0
36,2,3,0
32,1,4,3
29,1,2,0
37,3,1,0
32,0,1,0
35,0,2,0
28,2,1,0
39,0,1,1
34,4,1,1
35,1,1,1
37,1,1,0
40,0,1,1
30,2,0,0
34,3,2,0
34,0,2,2
47,1,2,1
41,0,3,0
37,0,0,0
35,2,0,1
28,1,0,0
32,2,1,0
37,1,4,1
29,1,1,0
29,1,1,0
30,0,1,0
44,0,0,0
41,1,2,0
35,2,0,1
44,1,2,1
33,1,1,0
37,1,2,0
37,0,4,2
53,0,1,0
38,1,2,1
38,0,1,1
44,0,0,2
41,1,3,0
35,2,3,0
26,2,4,3
37,2,2,0
31,2,1,0
42,1,1,0
29,3,0,0
42,1,1,0
30,0,0,0
29,0,1,0
46,0,0,0
33,5,4,4
19,1,3,0
36,9,1,1
43,1,0,0
44,1,2,0
30,0,1,0
42,0,0,1
34,2,0,0
34,0,1,2
27,4,6,8
22,4,4,3
22,6,0,0
42,0,1,0
47,1,2,0
35,0,1,0
29,0,0,2
41,0,1,2
30,3,1,4
40,2,5,0
31,2,2,1
30,3,3,0
42,1,0,1
40,1,4,0
35,1,1,0
40,0,1,0
36,1,2,0
29,2,0,0
28,3,5,3
39,0,1,0
43,1,0,0
40,0,0,0
28,1,1,1
30,0,0,0
37,0,1,0
28,6,10,5
38,0,2,0
39,7,0,0
44,7,0,0
46,0,1,1
40,0,0,0
40,6,5,2
48,0,1,0
34,1,1,0
32,0,2,0
43,0,1,1
33,1,2,0
42,1,3,0
51,4,1,0
36,2,0,0
35,0,1,0
37,0,1,0
26,2,2,0
36,2,0,0
38,3,1,3
34,2,0,0
31,1,0,1
42,0,1,1
34,0,1,0
39,1,1,0
49,0,1,1
31,1,1,0
42,2,0,0
33,0,2,0
28,1,12,3
26,7,2,3
46,1,1,1
34,0,2,1
29,0,0,0
38,1,1,0
45,0,0,0
41,1,6,0
39,2,1,0
40,1,1,4
40,1,1,0
27,0,1,0
41,2,1,0
42,1,1,0
22,0,1,0
27,0,2,2
45,2,2,0
49,2,1,0
48,3,3,1
27,3,0,0
37,1,2,0
43,0,0,0
42,0,3,0
38,2,1,1
33,3,1,1
33,0,2,0
29,2,0,1
34,2,1,0
39,0,1,2
25,7,8,0
45,1,2,1
33,1,0,1
48,0,0,1
35,0,0,2
39,1,1,0
39,0,1,0
37,1,0,0
29,0,4,0
49,1,0,2
28,3,0,0
27,1,1,0
37,1,1,0
34,3,1,0
38,0,1,0
29,2,1,1
37,1,0,0
45,1,1,1
37,0,0,0
21,4,5,4
41,0,0,1
33,1,0,0
42,0,1,1
35,0,0,0
46,2,0,1
40,0,2,1
38,3,0,0
43,0,0,0
38,3,0,1
41,0,0,1
27,1,2,1
28,3,6,0
50,0,1,0
38,2,5,1
28,3,0,1
34,1,0,1
26,4,0,2
35,2,1,0
38,0,2,0
39,1,1,0
42,0,1,1
40,2,0,0
30,2,3,0
39,1,1,1
38,0,1,0
38,3,0,1
23,2,4,0
43,1,3,0
42,2,4,0
43,6,0,2
26,1,7,1
33,0,1,0
37,0,11,1
35,2,0,1
43,5,0,1
42,1,1,1
33,0,0,0
20,1,5,2
45,0,1,0
35,3,1,0
33,0,2,0
41,0,0,0
26,3,3,0
39,0,2,0
40,0,0,0
30,3,0,1
34,2,0,1
44,0,0,0
41,2,3,0
29,0,0,0
47,0,0,0
33,0,0,0
28,0,3,0
44,1,2,0
46,1,1,1
34,0,1,0
33,0,1,1
30,1,1,1
38,2,1,0
31,2,2,3
35,3,0,0
39,0,1,1
37,0,0,1
43,1,2,1
37,1,0,0
29,0,1,0
40,0,0,1
37,1,1,0
35,0,2,0
27,1,1,1
41,0,1,0
38,3,0,2
43,0,0,0
31,0,0,1
37,0,2,0
43,2,2,1
38,3,5,1
33,2,6,1
30,1,0,0
30,0,0,1
33,2,1,0
36,1,1,1
42,0,1,0
46,2,1,0
37,3,1,0
33,2,3,0
32,1,1,0
44,0,0,0
24,3,1,1
57,1,0,0
36,1,1,1
28,1,5,1
31,0,3,1
40,2,1,0
33,5,4,1
42,3,1,0
42,2,1,1
30,3,1,0
43,1,1,0
28,1,1,0
23,1,1,0
43,1,0,3
37,0,1,0
47,0,6,1
43,3,0,0
26,2,11,5
39,0,0,2
29,3,0,0
47,0,1,0
33,1,3,5
35,1,0,0
40,3,1,2
43,1,0,1
43,1,0,0
31,1,2,1
40,0,1,0
28,0,1,0
32,2,2,0
32,1,2,2
52,1,2,0
30,1,7,2
46,0,0,1
41,2,0,0
36,0,1,0
40,0,0,0
18,2,3,3
33,1,2,1
44,0,1,0
51,1,0,0
37,1,3,1
38,1,0,1
39,5,4,5
38,0,2,0
35,0,3,0
28,1,2,1
47,1,4,0
35,1,1,0
32,1,8,1
24,3,1,1
36,2,0,1
38,0,1,0
46,1,0,1
32,1,0,1
34,1,2,0
31,0,3,0
37,1,0,0
33,2,8,1
42,6,2,0
43,0,1,0
47,0,1,1
34,2,1,0
41,1,1,1
34,3,1,2
32,0,5,1
36,0,1,0
35,0,3,1
46,0,2,1
39,1,0,1
33,1,0,1
39,1,1,1
32,1,0,0
32,6,4,7
42,2,0,0
29,1,5,1
26,0,5,1
41,3,0,0
45,2,3,0
38,0,0,0
36,1,0,1
34,0,0,0
37,1,3,0
33,1,0,0
38,1,0,0
35,9,0,0
45,1,6,0
45,0,0,0
40,0,1,1
41,0,0,1
33,0,3,0
40,0,1,0
34,0,7,0
39,0,0,0
34,0,1,1
48,0,0,1
32,1,2,0
30,0,2,3
36,0,1,1
30,2,0,1
37,1,0,0
38,0,1,1
39,0,0,0
20,3,4,4
31,0,2,0
34,1,2,0
33,1,3,0
31,2,0,0
27,1,1,0
44,1,0,0
36,1,2,2
55,1,2,0
40,3,0,0
31,0,2,0
35,2,0,1
37,1,2,0
44,0,0,1
36,1,13,0
47,1,3,0
27,0,7,0
43,0,2,2
41,0,3,1
46,0,1,0
47,2,1,0
48,0,1,0
23,2,2,1
33,0,1,0
36,1,1,0
20,3,6,4
28,1,3,1
31,3,2,1
35,0,0,0
33,1,5,0
39,1,3,0
45,1,0,1
40,0,4,0
36,0,3,0
43,1,0,0
27,0,8,0
32,3,0,0
43,1,2,1
40,2,2,0
37,1,1,0
36,1,1,0
31,0,2,0
42,2,1,0
45,0,0,2
31,0,1,0
31,1,2,0
25,2,0,1
32,1,0,1
41,2,1,1
28,8,1,2
40,1,6,1
46,1,3,0
47,1,0,0
37,0,2,0
44,0,0,0
28,1,2,0
38,0,0,0
39,0,0,0
38,0,1,0
34,1,0,1
37,1,0,0
37,2,0,1
41,3,0,1
45,1,2,1
39,0,1,0
35,0,0,0
35,0,2,0
39,1,1,2
34,0,4,0
46,2,1,0
43,1,0,0
31,2,2,1
45,1,0,1
37,1,1,0
36,1,3,1
36,1,1,0
44,1,3,2
33,0,2,1
37,0,2,1
40,0,0,1
30,1,1,0
30,1,0,1
35,5,1,1
29,4,0,4
35,1,1,0
35,3,0,0
30,1,2,0
37,0,5,0
25,2,5,2
35,3,1,0
39,1,2,0
26,4,7,4
39,1,1,1
44,0,3,0
35,2,1,0
36,0,3,0
40,0,1,0
44,1,1,0
35,0,0,0
48,1,4,0
35,3,8,1
38,1,3,1
42,2,1,1
44,0,1,1
39,0,2,0
21,2,4,2
27,0,6,0
28,0,4,0
37,2,1,2
33,0,2,0
32,5,5,5
31,1,0,0
33,0,8,1
34,6,0,0
37,0,0,0
40,2,0,1
30,4,0,1
39,2,3,1
33,0,5,1
24,1,0,1
41,3,2,0
37,1,0,0
36,0,3,1
41,1,0,0
37,0,0,0
37,1,0,0
26,4,0,1
47,1,3,1
43,0,1,0
39,1,2,2
34,3,1,2
25,1,2,0
31,1,1,0
24,0,14,1
36,1,1,2
31,4,5,5
39,1,1,1
47,0,1,1
34,0,1,0
48,1,1,0
39,1,1,0
36,0,0,1
38,0,4,0
33,1,2,0
31,3,4,3
35,1,0,2
40,2,3,0
43,0,0,0
43,2,1,0
38,1,4,0
42,1,1,0
32,0,1,0
41,0,2,0
39,1,0,1
32,3,1,1
42,0,2,1
40,0,0,0
38,1,1,0
38,0,1,0
29,0,2,0
36,1,3,0
33,8,0,1
29,1,2,1
41,3,9,2
30,2,2,0
37,2,2,1
34,0,3,2
34,0,4,3
36,1,2,0
39,3,4,2
26,1,0,1
36,0,6,1
36,1,3,1
33,0,0,0
26,1,2,1
34,1,2,0
25,0,1,0
34,2,1,0
39,1,1,1
43,1,0,1
42,2,0,0
35,0,3,1
40,1,2,0
36,0,4,1
32,1,0,2
47,2,2,1
45,0,2,1
35,3,2,0
45,0,2,0
26,0,2,2
30,1,0,2
33,0,1,0
44,0,0,1
28,0,1,0
40,0,1,0
35,0,3,0
22,1,1,9
33,2,0,0
37,1,3,1
38,2,0,1
47,2,1,1
32,1,0,0
30,1,6,0
22,4,2,1
44,0,3,0
38,0,0,1
37,1,0,0
31,4,10,3
39,1,2,0
25,0,6,1
36,1,1,2
29,0,2,1
32,0,2,0
33,2,1,1
37,0,1,1
51,0,1,1
51,0,0,0
39,2,2,1
33,1,0,0
26,0,0,1
33,2,1,0
34,2,1,2
36,3,1,0
43,2,1,0
40,2,1,1
42,1,2,0
37,1,0,0
27,1,2,0
37,2,2,0
38,0,0,0
33,2,0,3
36,0,0,1
31,1,1,0
43,0,0,0
44,1,1,0
40,2,1,2
28,1,0,0
46,1,2,0
32,0,0,0
39,1,2,1
37,0,1,3
39,2,3,0
37,1,0,0
38,1,1,2
35,5,0,0
34,2,0,1
51,0,0,0
35,0,0,0
34,0,3,1
37,0,3,0
37,0,1,1
33,0,0,2
45,1,1,0
38,1,1,0
41,0,0,0
39,1,0,0
35,0,2,0
32,1,0,1
37,0,1,0
40,0,0,1
41,0,1,2
31,4,6,2
38,0,2,0
45,0,3,0
31,0,1,0
48,1,2,2
31,0,0,0
35,1,0,0
34,5,0,0
27,1,0,0
32,3,6,4
31,0,2,0
30,1,0,0
33,0,0,0
48,1,2,3
45,1,0,0
28,0,3,1
31,7,2,1
34,1,0,1
33,2,1,0
37,1,5,0
39,2,1,0
39,0,0,0
39,0,0,1
36,0,0,1
41,0,2,1
37,0,1,0
37,0,5,1
42,0,3,0
36,2,3,1
23,1,0,0
46,6,0,0
35,1,2,1
41,3,0,1
41,0,2,0
50,1,1,0
45,1,3,0
39,0,0,1
25,3,5,1
45,0,0,1
31,0,0,0
56,4,0,0
28,0,4,1
38,0,0,0
31,1,0,0
33,1,1,0
31,5,7,2
31,3,4,0
37,0,0,1
39,2,1,0
26,5,2,1
46,0,0,1
44,2,3,1
44,3,0,1
27,4,8,4
42,1,4,0
39,1,2,1
30,0,2,0
34,0,2,0
34,0,2,0
35,0,0,2
43,1,1,0
25,4,4,1
23,1,1,3
40,0,3,0
47,0,2,1
46,1,0,0
45,1,0,0
26,2,0,1
40,2,2,1
28,0,1,0
51,2,0,0
32,2,1,2
26,4,8,4
42,0,1,0
48,1,0,2
31,2,1,0
30,0,1,1
41,1,1,0
39,1,3,0
41,3,0,0
31,6,3,4
41,1,0,0
42,0,2,1
32,1,0,1
34,1,4,1
38,4,4,4
31,1,1,0
41,1,2,0
31,3,1,1
46,2,1,0
38,6,5,3
47,0,3,0
43,0,2,0
34,0,0,0
35,1,0,2
37,0,3,1
38,1,1,2
38,5,0,3
34,0,0,1
31,0,0,1
23,0,2,1
32,2,2,0
38,0,1,0
42,0,9,0
42,1,1,0
35,1,0,0
38,3,2,1
26,1,1,1
29,0,0,0
32,0,1,1
47,1,2,1
28,0,0,0
33,7,0,0
33,2,1,1
25,7,0,0
34,0,3,0
44,0,0,1
36,1,0,2
37,1,0,1
48,0,0,0
29,0,10,2
39,0,0,1
28,1,3,1
38,0,1,0
52,2,3,0
43,1,2,1
42,1,5,0
26,2,1,2
37,2,0,0
39,1,0,1
42,1,1,0
35,1,1,0
33,0,1,0
39,2,1,2
32,2,4,0
34,1,4,1
32,0,3,2
46,0,0,1
44,1,1,1
33,1,10,6
35,0,0,0
39,1,2,0
38,0,1,1
41,1,2,0
41,1,2,3
46,0,1,1
30,1,4,2
31,0,1,0
30,0,4,0
39,1,1,1
48,0,1,1
38,0,2,1
25,0,2,0
33,0,1,0
39,1,2,0
33,1,10,1
33,1,3,1
30,0,3,0
47,3,1,0
45,2,2,2
42,1,1,1
29,1,0,1
33,0,2,0
39,1,1,1
54,0,0,0
32,0,0,1
46,1,1,1
38,1,1,0
36,4,0,0
31,0,0,0
32,0,1,0
48,1,0,1
38,0,1,0
27,1,1,0
37,1,1,1
43,1,1,1
35,2,0,1
22,2,4,6
32,1,4,1
43,1,2,0
35,1,2,3
37,1,1,0
31,5,0,0
52,5,1,2
42,0,1,0
44,1,2,0
40,0,2,0
36,0,0,0
38,1,0,0
34,1,1,0
28,5,1,1
33,1,3,0
32,3,0,0
28,2,0,0
30,4,5,2
35,3,2,0
38,1,1,0
35,4,1,1
37,1,2,0
36,0,1,1
38,1,1,0
44,2,3,0
29,2,0,0
19,0,1,0
36,3,1,0
45,1,3,1
40,2,0,0
30,0,1,2
26,0,4,1
37,0,2,0
37,0,0,1
35,4,0,2
50,0,0,1
27,0,9,1
39,0,9,2
42,2,0,0
47,2,2,0
34,0,1,1
40,1,0,0
40,2,1,0
34,0,3,0
26,1,0,0
39,0,3,1
32,0,2,0
47,1,3,2
24,0,8,1
41,0,2,1
34,2,0,0
34,1,0,0
29,2,2,0
37,0,0,0
24,1,1,0
22,1,1,0
39,1,1,0
32,2,1,0
54,3,2,0
38,1,0,0
40,0,2,0
52,1,0,0
39,6,4,4
39,0,0,1
41,1,2,4
39,1,0,1
37,0,7,1
22,3,4,3
41,0,0,0
41,0,3,1
39,0,0,1
36,1,1,1
35,0,1,0
43,2,0,0
27,0,1,0
39,2,3,0
34,2,0,0
22,2,5,2
44,1,3,2
29,2,3,5
29,0,2,0
47,1,2,0
39,0,1,1
19,5,12,3
35,1,2,1
39,0,1,0
34,2,0,0
45,0,6,2
39,1,1,0
31,0,2,0
38,0,2,0
27,1,1,0
37,2,1,0
32,0,0,0
41,2,1,0
27,2,1,1
32,1,0,0
37,1,0,1
46,2,0,0
33,1,1,0
28,1,0,0
44,2,2,0
39,1,1,2
31,2,0,1
45,3,0,1
42,0,1,1
41,2,0,1
37,0,1,0
40,2,0,0
36,2,1,0
40,1,2,1
37,1,0,1
47,0,1,1
34,0,3,0
42,1,3,0
34,0,1,1
33,3,2,0
27,1,4,0
36,0,2,0
35,3,0,0
33,1,1,0
34,2,0,0
32,2,6,1
37,1,0,0
35,2,2,1
35,1,0,0
38,1,2,1
50,1,1,1
35,0,3,0
36,2,2,0
37,0,2,0
53,0,1,0
24,1,3,2
33,2,6,1
41,1,0,0
36,0,3,1
32,1,0,1
38,3,1,2
34,4,4,4
31,0,0,1
40,1,1,0
30,0,3,0
35,0,1,0
18,6,12,3
51,0,1,0
32,4,5,5
33,0,0,1
51,1,0,0
34,1,2,0
38,1,2,1
27,0,7,1
41,1,1,3
42,0,0,0
33,0,2,0
29,0,1,2
48,1,1,1
39,2,1,0
35,0,1,0
44,2,1,1
41,1,3,0
24,4,2,1
42,0,1,0
36,1,6,5
37,0,2,0
40,0,0,0
39,1,0,2
29,8,0,4
31,0,0,0
44,0,1,0
39,2,2,0
34,0,2,0
38,2,0,0
44,1,2,1
32,3,0,0
28,2,5,2
46,1,1,0
41,2,0,0
34,1,2,0
28,0,1,1
27,1,1,0
35,1,5,0
33,2,0,1
25,1,0,0
45,0,1,0
44,1,1,2
41,1,1,0
33,0,2,3
42,1,2,2
32,0,3,0
36,0,1,0
42,0,1,1
40,2,0,0
36,2,1,1
65,0,3,0
37,1,2,0
47,2,2,0
38,1,2,2
35,0,1,0
42,1,0,0
24,2,0,0
26,1,4,2
33,0,0,0
40,1,3,1
37,1,1,0
39,0,1,1
38,1,2,0
34,4,1,2
37,0,2,0
42,1,1,0
32,4,3,3
25,0,4,5
39,4,1,1
33,3,0,0
40,1,1,1
49,2,2,1
29,1,1,1
27,2,1,1
48,0,2,0
38,2,2,2
25,6,0,2
38,2,2,0
24,2,1,1
43,2,0,0
37,1,0,1
31,9,0,0
31,1,3,0
25,3,7,3
34,3,0,1
42,4,0,0
28,0,3,0
33,1,1,1
28,0,0,0
21,0,3,0
36,0,1,2
26,2,6,3
35,3,0,1
32,2,1,1
31,0,4,0
52,1,2,0
35,0,2,0
36,1,1,0
36,5,2,0
35,2,0,1
32,5,0,1
36,5,1,1
36,1,0,0
51,0,1,1
35,4,2,0
34,5,0,0
35,0,4,1
27,5,5,4
34,0,0,2
44,1,3,1
36,0,2,0
29,6,0,1
51,0,0,0
48,0,2,0
26,0,2,0
42,1,2,1
52,0,1,0
30,0,0,0
48,0,1,0
43,2,1,0
24,2,3,1
33,0,0,0
39,0,1,1
36,0,1,2
27,1,0,0
33,3,1,0
36,2,3,1
32,3,1,1
37,0,2,0
32,0,1,0
42,1,0,1
35,1,2,2
50,0,1,0
35,4,1,0
31,1,0,0
33,3,0,2
29,0,3,2
37,1,0,0
30,13,0,3
24,0,0,0
28,0,1,0
42,0,2,1
33,1,0,0
32,1,2,2
51,1,0,0
42,1,1,1
41,1,5,0
42,3,1,0
45,1,2,2
41,0,0,0
31,2,0,1
28,2,4,6
38,0,0,0
35,5,2,0
37,2,0,0
43,0,0,0
44,1,3,0
40,5,5,3
42,0,0,0
30,0,5,0
42,3,0,0
32,0,0,0
34,0,0,0
47,0,1,0
27,1,1,0
25,1,0,1
44,1,1,2
37,1,3,0
42,1,1,2
39,4,4,2
35,1,2,1
33,2,0,0
30,1,0,1
40,2,2,2
34,1,6,0
39,0,2,0
45,1,1,0
32,0,2,2
37,2,5,2
30,0,2,0
48,2,0,1
45,0,1,1
35,1,1,0
37,1,2,0
43,0,1,1
38,1,2,1
46,0,0,0
26,0,10,0
39,1,1,0
40,0,2,0
39,0,1,0
38,0,1,1
34,0,6,2
36,0,3,3
42,1,2,0
32,2,0,1
41,0,0,0
44,4,1,0
46,1,0,2
37,0,0,0
36,0,2,0
40,1,0,1
34,0,0,1
39,1,1,2
44,0,0,1
39,2,7,2
40,0,0,0
35,1,2,0
40,0,1,0
33,0,0,1
28,3,0,0
34,8,0,0
28,0,0,0
38,0,1,1
31,2,1,0
33,2,2,0
30,0,0,1
31,0,1,0
50,1,1,0
48,1,0,1
32,0,5,1
41,1,0,3
30,1,1,0
49,5,0,0
35,13,1,1
25,5,7,7
40,1,2,1
41,0,1,1
47,1,1,1
38,0,1,0
39,0,1,1
39,0,0,0
27,0,0,0
37,1,2,2
33,1,7,0
26,1,2,0
41,0,0,0
42,1,1,0
48,2,6,0
41,0,1,0
29,10,1,1
28,2,0,0
38,0,1,0
32,0,0,2
43,1,0,0
40,4,1,0
31,2,1,0
36,5,1,0
34,1,1,0
34,1,1,0
33,2,0,0
41,1,1,0
39,1,1,0
27,2,5,0
32,0,0,0
36,1,4,1
30,0,1,0
28,1,2,2
37,2,2,0
29,0,3,0
40,0,0,2
42,1,1,2
37,1,2,1
38,1,3,0
25,3,1,0
40,3,1,2
37,1,1,1
31,1,1,0
46,1,0,0
32,2,4,0
27,0,1,0
31,2,2,1
42,2,1,0
42,1,6,2
39,2,0,0
30,0,4,2
33,0,0,0
48,0,1,0
38,4,5,3
31,0,1,0
36,3,1,1
44,1,0,1
45,3,1,0
34,3,1,0
21,3,6,5
38,3,2,0
36,0,0,0
31,0,1,2
53,2,3,0
34,0,0,0
30,2,0,0
35,3,2,1
29,0,0,0
39,0,1,0
35,2,1,1
35,0,1,2
26,8,1,2
29,2,4,5
39,2,0,1
42,0,2,0
34,0,1,0
32,0,1,0
38,1,2,1
39,1,1,2
43,1,0,0
32,2,0,1
36,0,1,0
36,3,0,1
27,0,0,1
46,0,1,0
35,4,4,4
32,0,0,2
55,1,1,0
27,0,3,2
35,0,4,0
30,0,1,2
44,1,1,0
41,0,2,0
35,1,0,0
34,1,2,0
30,2,4,1
36,0,0,2
35,2,0,1
25,1,2,2
43,2,3,0
43,2,1,0
48,1,3,0
33,3,0,1
48,0,0,1
43,1,0,0
43,0,2,0
43,0,0,0
39,0,0,0
42,1,1,1
36,0,1,1
33,1,0,1
35,1,2,0
32,1,4,0
26,2,4,1
33,2,1,0
40,0,0,0
34,1,5,0
24,0,3,0
26,1,3,0
33,1,1,2
33,0,0,2
30,2,4,0
34,0,0,1
47,1,1,0
39,0,2,0
48,1,1,0
34,0,2,0
36,1,1,0
41,0,1,0
37,2,2,2
27,1,1,0
36,10,2,1
39,0,3,0
20,0,1,1
35,2,3,2
22,2,6,2
26,2,7,3
32,0,2,0
29,1,0,1
38,0,3,0
25,6,3,4
40,0,2,0
46,2,2,0
36,0,0,0
34,1,2,2
30,0,1,1
46,1,2,1
34,1,0,1
40,3,2,0
40,2,1,1
30,0,5,1
34,1,0,1
41,1,0,0
37,0,0,0
27,1,2,1
44,1,1,1
37,1,1,0
38,1,1,1
39,4,2,1
42,2,2,0
36,0,2,0
42,2,1,0
40,0,2,0
42,1,1,0
43,0,2,0
37,2,4,0
40,0,2,0
40,2,0,0
34,0,0,0
35,0,2,1
40,1,1,0
35,1,5,0
19,2,2,0
31,0,3,1
50,2,1,1
37,2,2,1
35,3,1,2
37,4,0,0
38,1,8,1
35,1,1,0
34,0,3,0
34,1,3,0
36,0,0,0
51,3,8,2
42,3,0,1
52,2,0,0
26,2,6,1
36,3,5,1
48,1,0,0
32,2,0,0
46,1,2,0
31,2,2,0
32,2,1,0
39,0,0,1
40,1,4,0
24,3,5,2
30,2,3,1
31,0,4,0
36,0,1,1
35,0,2,0
41,1,7,0
38,1,1,0
34,0,2,0
35,1,0,0
39,0,6,0
22,3,2,4
31,1,2,0
34,0,4,1
45,0,0,1
37,1,0,0
21,2,8,3
47,1,3,0
29,1,2,0
38,0,0,0
31,3,2,1
39,1,0,1
45,1,1,1
42,0,1,1
27,3,3,4
26,0,6,0
38,2,2,0
49,4,0,0
28,4,1,1
26,1,2,1
44,2,2,0
45,1,0,0
32,2,1,0
36,6,0,1
40,0,3,1
34,0,1,0
44,0,0,0
34,0,2,0
34,0,5,0
36,1,0,2
49,0,1,1
36,0,0,1
22,0,1,0
28,1,2,1
33,2,1,0
33,4,2,1
26,4,2,2
23,1,6,2
34,1,0,1
38,3,3,0
42,0,0,1
46,1,3,0
36,1,1,0
44,1,4,1
32,1,2,2
47,1,0,1
34,0,3,0
38,0,8,2
30,0,0,0
40,1,0,0
39,6,0,0
48,2,0,0
36,1,1,0
33,0,1,0
34,0,0,3
35,1,0,0
29,0,1,1
36,1,3,0
37,1,1,0
38,0,0,2
31,1,9,4
44,3,0,0
29,0,1,0
23,3,7,3
40,1,2,1
27,3,1,1
36,1,0,0
38,2,2,1
31,3,4,2
24,2,5,5
36,0,1,0
25,0,0,0
42,0,7,0
39,0,1,0
26,0,0,0
42,0,1,0
41,1,1,1
29,1,2,0
28,5,0,2
31,0,1,1
36,2,5,0
30,0,4,0
36,0,2,1
37,2,2,1
46,1,0,1
38,2,0,0
43,0,1,0
32,3,7,9
45,1,1,1
31,1,1,0
33,1,0,0
39,2,1,0
41,0,1,0
39,0,3,1
27,1,2,1
33,4,1,0
42,0,1,0
43,0,3,1
33,0,3,0
47,1,2,0
35,0,4,1
36,11,0,3
36,0,2,0
28,1,0,1
29,0,5,0
34,0,3,1
37,1,0,1
28,2,3,1
42,1,1,2
46,4,2,0
29,0,8,0
29,1,2,0
44,0,1,0
37,1,1,0
30,0,3,1
47,1,3,0
40,0,1,0
43,2,4,1
38,2,2,1
38,1,5,0
43,9,0,0
58,0,0,0
44,1,3,0
38,0,2,1
49,2,0,0
30,5,5,8
28,1,1,0
29,2,6,1
31,0,8,1
32,0,1,1
42,0,2,0
21,1,6,3
39,2,0,0
34,0,3,0
38,0,0,2
41,2,7,0
43,3,2,0
30,4,3,2
42,1,2,0
36,0,1,1
37,1,0,0
36,1,1,0
24,2,1,1
32,1,1,0
36,1,2,0
33,1,0,0
26,1,5,2
42,2,3,0
42,1,0,1
39,2,0,1
40,3,1,1
37,1,1,0
37,2,1,1
33,1,0,0
33,5,5,2
38,1,2,1
48,5,1,0
38,0,1,0
42,0,1,1
33,2,1,1
30,2,7,3
37,1,0,0
30,1,1,0
45,0,1,1
42,1,1,0
42,0,1,2
34,3,3,2
34,4,1,0
30,0,6,1
30,2,1,2
52,1,2,0
47,1,1,0
35,0,1,0
42,1,1,0
36,1,1,0
35,2,1,1
31,4,4,3
39,0,0,0
35,6,5,2
44,3,0,1
54,0,0,0
36,1,1,0
40,0,2,0
38,2,1,0
34,3,2,2
36,1,0,1
26,2,1,0
32,0,1,0
50,0,1,1
41,1,0,0
29,0,4,0
36,2,2,0
36,2,1,0
38,0,0,0
47,1,1,0
28,3,1,0
37,0,3,0
34,1,0,2
36,1,6,1
38,0,0,1
42,0,1,1
41,0,0,0
28,2,1,1
36,1,3,0
31,1,0,0
46,0,1,1
24,0,4,2
36,1,0,0
33,3,0,0
45,0,2,0
33,1,4,1
44,2,1,0
33,6,4,2
41,0,2,2
34,0,2,1
42,0,1,0
39,0,2,1
42,0,0,0
34,2,0,1
29,1,0,1
32,0,12,3
33,0,2,0
48,0,4,0
38,1,1,0
28,1,0,0
38,1,0,0
40,2,1,1
38,1,2,0
27,0,5,2
47,0,1,0
39,0,2,0
36,3,1,0
32,1,1,0
38,0,1,0
47,1,1,1
39,2,3,3
36,1,1,0
32,2,1,0
34,2,2,3
48,1,1,2
32,1,7,3
37,0,1,1
27,1,0,0
32,0,1,0
39,1,0,1
38,2,2,4
32,0,1,1
21,5,3,3
42,3,5,3
19,4,1,0
28,1,1,1
35,2,1,1
30,4,1,1
46,0,2,0
35,1,0,0
35,0,1,1
39,0,0,0
31,1,0,0
37,0,1,1
45,2,0,0
31,0,1,0
29,1,1,0
40,0,0,0
24,0,0,1
53,1,1,0
47,1,3,0
17,0,8,1
32,0,1,0
29,0,4,1
42,2,1,0
29,1,3,2
38,1,2,0
35,0,3,0
33,2,3,3
24,4,3,2
32,1,3,2
38,0,0,0
41,2,0,0
33,2,2,0
37,1,1,0
36,0,2,0
30,8,0,0
35,1,1,0
35,1,3,1
33,2,2,2
41,2,3,1
37,0,1,0
27,1,1,0
28,3,0,0
35,1,1,0
32,5,2,3
38,2,6,1
41,2,2,0
27,1,1,0
38,1,3,0
39,2,1,1
41,0,0,1
48,0,1,0
40,0,1,0
35,1,0,2
25,0,3,0
35,2,0,1
29,1,1,1
37,2,0,0
42,0,0,0
31,0,1,0
37,1,2,0
32,1,1,0
31,1,1,1
31,1,1,2
27,2,8,3
61,1,3,1
33,4,1,1
38,0,1,2
36,0,3,1
36,0,9,0
42,0,4,0
33,1,2,0
45,1,1,2
45,0,1,1
41,3,0,0
40,2,2,0
32,0,6,0
47,0,2,0
32,1,1,0
44,0,2,1
35,0,3,5
42,8,0,1
31,1,2,5
29,2,5,1
26,2,5,4
44,1,1,0
32,1,1,0
38,3,0,0
33,0,1,0
40,1,1,0
36,1,1,1
46,0,0,1
33,1,2,0
20,1,4,7
31,0,12,3
33,0,2,0
39,1,1,0
29,0,0,1
38,2,3,0
43,2,0,1
37,0,3,0
50,2,2,0
38,2,1,0
40,0,0,1
27,4,1,0
33,5,0,2
36,0,0,0
43,1,0,0
39,0,0,0
31,0,1,1
36,1,1,1
34,0,1,0
27,1,4,1
37,2,1,0
50,3,1,1
39,0,1,0
34,2,1,1
37,3,1,0
39,1,2,0
33,0,2,0
30,0,0,1
41,3,0,0
33,1,0,0
45,2,2,1
31,0,8,3
31,2,3,1
41,2,2,0
41,1,1,0
30,1,2,0
42,1,0,0
25,2,1,0
31,2,4,2
38,0,0,2
40,2,1,0
38,2,0,0
34,2,4,3
38,2,2,2
48,2,2,0
21,2,3,0
32,3,10,5
44,4,2,1
38,2,4,0
27,0,5,1
29,0,11,0
28,2,6,3
34,5,1,0
49,4,0,1
51,1,1,1
25,3,3,3
23,0,2,0
31,0,1,0
27,0,2,0
40,1,5,0
33,0,0,0
25,0,0,0
31,3,1,0
24,3,0,0
47,2,1,0
43,2,0,0
42,0,2,0
35,3,0,1
40,1,3,0
34,0,2,0
45,4,0,1
35,5,1,3
42,1,2,0
29,1,0,1
24,0,11,0
36,9,1,0
42,1,1,0
40,2,0,0
37,1,2,0
41,0,1,0
46,0,3,0
46,1,1,0
23,2,2,0
48,0,2,2
40,1,3,1
30,2,2,1
25,0,1,0
43,3,0,0
47,1,1,0
46,1,0,2
29,2,1,0
39,2,1,1
35,1,0,0
35,1,4,0
38,1,5,2
38,1,3,0
26,0,1,0
35,0,1,0
42,0,1,1
37,0,0,0
37,5,1,0
35,1,3,1
23,0,2,5
37,1,0,0
35,1,0,0
32,0,0,0
31,0,1,0
36,0,0,1
38,1,1,1
28,1,1,3
29,1,3,0
37,0,2,0
36,2,1,1
18,4,1,0
35,1,0,0
40,0,1,0
47,3,0,1
38,0,1,1
20,5,4,2
31,0,3,0
28,1,1,0
30,1,3,10
41,0,0,0
48,4,5,3
35,0,2,0
44,0,2,0
27,4,0,0
28,5,0,2
29,0,1,1
34,0,0,0
54,0,3,1
38,0,1,0
37,2,0,1
28,1,1,2
36,2,2,0
44,4,2,0
31,0,1,0
33,0,2,1
50,0,1,0
27,4,2,0
32,1,0,0
39,2,1,0
36,2,0,0
38,3,0,0
45,0,1,1
37,0,1,1
32,2,4,6
24,6,7,4
39,3,0,2
38,0,2,1
44,0,1,0
32,2,0,0
33,2,1,0
33,0,2,0
47,1,1,1
43,0,1,0
57,1,0,1
37,1,1,0
35,2,1,0
46,0,1,0
41,0,0,0
33,3,0,1
43,3,2,3
51,0,2,0
30,1,1,1
22,5,8,7
31,3,2,0
33,1,3,1
24,1,0,0
41,0,2,0
39,1,0,1
24,8,0,0
42,0,1,1
41,0,2,2
43,1,3,0
26,0,1,0
33,6,3,1
36,2,0,0
33,0,4,0
35,3,0,1
36,3,0,3
37,0,0,0
34,1,3,0
41,2,2,0
42,0,1,0
40,0,0,1
38,6,1,1
42,1,0,1
33,0,1,0
40,0,1,0
43,0,1,0
42,1,1,1
34,0,3,0
39,0,3,0
29,4,1,2
31,0,11,2
36,0,2,0
31,0,1,0
42,13,0,2
46,0,1,0
37,1,4,0
35,3,2,1
44,4,1,1
39,1,0,0
39,2,0,1
36,1,1,1
40,3,2,0
39,1,0,0
36,1,1,1
37,3,0,2
31,3,1,0
46,1,1,1
36,0,2,0
40,1,1,0
32,1,0,0
28,6,3,3
31,1,2,1
41,0,0,0
30,1,0,0
31,1,3,1
43,2,0,0
34,2,0,0
40,3,2,1
38,1,0,0
34,1,0,0
33,1,2,1
44,0,0,0
26,1,3,1
43,3,0,0
40,0,4,0
32,1,1,1
32,0,1,0
34,1,1,0
40,1,4,1
36,1,3,1
45,1,0,0
29,0,3,1
34,1,1,0
35,6,1,0
28,0,1,0
52,1,0,1
39,1,2,1
36,0,2,1
42,0,2,0
29,2,1,1
35,0,0,0
47,2,1,0
38,2,0,0
31,1,1,3
28,3,1,2
39,0,0,0
31,0,1,0
28,3,1,3
30,0,3,1
36,2,1,0
34,0,2,0
17,6,1,2
35,3,0,0
41,0,0,2
39,0,0,0
29,3,0,0
28,0,1,0
33,1,0,0
34,2,1,0
36,1,0,3
40,2,2,1
45,0,0,2
30,4,2,2
49,1,0,0
48,1,1,0
34,2,0,0
42,0,0,1
33,1,0,2
23,5,6,4
41,0,1,0
38,1,1,0
38,0,2,0
50,0,2,1
38,1,2,0
38,1,2,0
36,0,1,0
40,1,1,0
28,2,4,0
31,0,3,1
30,0,11,0
40,0,1,0
36,2,0,0
47,0,1,1
47,1,1,0
39,3,0,1
43,1,1,0
29,7,1,1
46,3,1,0
33,4,5,1
32,9,0,0
42,1,0,2
29,0,0,1
30,2,0,0
32,1,1,0
39,1,0,1
33,0,4,1
53,0,0,0
26,1,0,1
18,5,2,1
31,5,10,6
46,2,2,1
36,1,0,0
31,2,0,0
43,1,2,0
30,0,2,1
38,2,2,0
16,1,5,4
34,5,0,0
37,0,3,0
30,1,2,0
33,1,2,0
43,4,0,2
38,0,1,1
34,1,0,1
30,0,9,1
38,1,1,0
28,0,4,0
34,0,4,1
52,0,2,1
38,3,0,0
29,2,0,0
31,3,1,2
38,1,1,0
23,2,6,8
32,5,0,0
34,4,2,2
35,1,0,0
35,2,2,0
39,1,2,0
33,0,0,0
33,2,1,1
31,2,2,3
39,2,2,0
38,3,0,0
44,1,0,1
26,2,2,0
34,1,14,2
29,1,3,2
32,0,0,1
44,1,1,1
33,0,2,1
39,0,3,1
38,0,2,1
27,0,2,0
29,5,6,5
36,1,0,0
34,0,4,1
28,0,6,1
28,3,1,0
43,1,0,0
31,0,2,0
38,0,0,0
45,0,1,0
42,0,2,0
36,0,1,0
47,0,2,1
34,0,1,0
39,0,5,1
47,1,0,1
38,0,1,1
32,1,0,0
41,0,0,0
34,1,0,0
46,2,3,0
40,1,1,0
33,0,1,0
38,1,0,0
33,3,3,1
36,1,2,0
46,1,4,0
40,3,4,0
29,2,2,3
35,0,4,0
47,0,2,1
51,0,3,0
21,2,5,4
40,1,0,0
31,1,0,0
30,0,2,0
38,1,1,0
41,2,0,1
39,0,1,0
36,1,1,0
38,1,1,1
42,0,2,0
37,2,1,0
33,2,0,0
38,2,0,0
31,0,0,1
32,1,0,1
24,5,0,1
32,2,1,0
45,1,0,0
32,1,2,1
34,4,4,3
47,0,3,0
40,1,2,0
29,1,4,0
40,1,0,0
35,3,3,1
22,4,3,4
36,3,5,1
44,0,1,0
40,0,0,0
43,0,1,0
31,3,0,1
36,3,1,1
27,1,1,0
37,1,1,0
39,0,1,0
35,1,3,1
26,1,9,1
47,0,4,0
36,1,2,0
36,3,2,0
37,1,0,0
29,10,1,1
33,3,4,1
36,0,1,0
38,5,1,0
37,1,1,2
54,1,2,0
33,2,1,2
40,2,1,1
30,1,1,0
38,2,0,0
35,1,3,2
32,1,4,5
34,0,1,0
32,0,0,1
44,1,0,0
32,1,2,0
30,1,10,5
38,1,0,0
41,0,0,1
40,3,0,0
36,0,2,0
44,3,0,1
29,4,2,2
33,0,0,1
38,0,0,1
36,1,3,0
35,0,2,1
42,2,1,0
41,0,2,0
37,3,1,0
35,1,7,1
30,0,2,1
44,0,1,1
40,0,0,1
48,2,2,1
35,1,1,0
42,1,2,0
33,7,2,3
26,1,0,0
25,3,5,4
34,0,0,0
36,1,0,1
26,0,6,1
41,1,0,0
26,0,9,1
34,1,0,0
43,1,1,0
37,0,2,2
38,3,1,0
38,1,2,1
31,0,0,0
33,1,0,0
45,2,2,2
32,0,0,1
42,2,1,1
36,1,4,3
31,6,9,6
30,4,3,3
50,1,0,0
36,0,2,1
22,4,4,4
31,0,0,0
34,0,1,0
28,1,0,0
33,1,0,1
29,1,4,0
40,0,2,1
34,1,2,0
39,1,1,3
22,4,4,2
31,0,1,2
32,4,3,0
41,3,2,0
28,0,4,0
24,6,1,1
48,0,5,1
37,0,0,1
36,0,0,0
27,1,2,1
30,3,4,2
29,0,2,0
32,8,0,1
34,1,0,1
36,0,1,1
47,0,2,3
37,0,0,1
44,2,2,0
29,1,1,0
33,0,2,2
33,0,0,1
38,1,1,0
32,0,6,1
27,0,2,0
33,2,1,0
42,3,1,0
32,1,1,0
32,0,0,1
34,1,0,0
31,5,1,1
44,2,0,2
30,2,1,2
31,0,2,0
49,0,4,0
25,2,1,0
37,1,2,0
43,2,3,1
37,0,1,0
41,3,3,0
32,1,0,1
44,0,0,0
36,2,0,0
36,0,3,0
38,0,2,1
34,0,2,1
24,0,8,2
57,0,3,0
42,1,1,0
35,0,0,0
31,2,0,0
35,1,0,0
43,4,0,1
33,0,0,1
34,0,3,1
36,3,0,2
45,0,1,0
34,3,6,1
49,1,3,0
39,3,0,1
38,0,1,0
38,0,1,1
40,0,2,1
34,1,0,0
46,1,2,1
34,0,1,0
24,2,8,4
26,1,0,1
42,3,3,1
43,1,1,1
33,6,0,1
31,2,5,3
31,1,1,0
40,0,1,2
29,3,3,2
33,3,3,0
31,1,4,1
43,0,0,0
42,1,0,0
39,0,0,0
36,1,0,1
36,1,0,1
34,3,0,1
28,1,0,0
51,0,0,0
36,2,1,2
36,1,1,0
37,4,2,0
43,1,1,0
28,1,2,1
35,1,1,1
41,0,2,0
29,6,2,0
29,1,0,0
34,2,5,5
46,1,0,0
45,2,3,1
38,0,0,0
40,0,4,1
27,3,7,10
40,5,3,2
48,0,1,1
36,2,0,0
33,0,1,1
44,1,2,0
38,1,1,0
34,1,0,0
40,0,1,0
42,2,1,0
23,3,0,2
45,1,2,0
44,2,0,1
40,1,2,0
47,1,1,1
30,0,2,0
37,0,0,0
38,3,1,2
33,2,5,3
29,1,3,3
32,1,1,3
27,2,1,0
40,0,1,1
39,0,4,1
33,4,2,1
31,8,1,1
33,1,0,1
34,2,2,1
32,4,3,5
45,1,0,0
38,0,2,1
33,1,2,1
45,0,1,0
43,3,1,1
37,3,5,2
47,1,2,0
32,0,0,1
40,2,1,1
41,0,3,0
44,3,3,0
30,2,0,1
38,1,0,0
30,0,11,0
40,1,2,2
32,4,1,2
46,1,2,1
28,0,2,0
44,0,4,1
38,0,3,0
35,0,0,0
50,0,2,0
47,2,1,1
34,0,1,0
33,0,3,0
41,2,0,0
46,1,1,0
42,0,2,0
26,1,10,2
46,2,1,1
28,1,1,0
32,2,5,3
33,0,1,0
46,1,1,1
40,1,3,0
48,1,2,0
46,1,0,0
35,0,1,0
36,0,0,1
42,2,1,0
34,0,1,2
30,6,1,1
40,1,3,1
35,0,0,0
31,1,0,0
28,2,7,2
35,3,3,5
36,0,5,1
53,2,1,0
34,1,2,1
30,1,0,0
42,3,1,0
30,3,4,1
44,1,0,1
37,1,1,0
36,0,2,2
29,0,0,0
39,0,5,3
32,2,9,5
32,1,1,0
40,2,0,1
41,2,0,1
49,1,0,0
30,1,1,0
42,3,1,3
24,1,2,0
38,0,1,0
33,0,2,0
30,0,2,0
15,3,10,6
33,0,2,1
27,4,0,1
29,0,6,1
46,0,0,0
26,6,0,1
33,1,0,1
40,4,3,2
43,0,1,0
27,0,2,0
38,1,1,1
36,1,1,0
26,2,0,2
38,1,0,1
31,0,1,0
25,4,4,3
37,0,3,0
39,1,1,0
43,0,1,0
34,2,0,1
28,0,9,0
28,1,2,3
33,0,3,2
47,0,0,1
37,1,1,1
52,2,2,0
37,1,1,0
46,0,0,1
37,4,2,1
33,0,0,0
37,0,2,0
36,2,3,1
42,0,3,0
36,2,5,0
33,1,1,0
27,1,7,1
35,0,1,0
40,1,1,0
27,1,7,1
36,0,1,0
30,0,1,0
38,1,2,2
40,6,1,2
43,1,2,0
38,1,1,0
31,0,0,1
26,1,3,3
37,1,3,2
40,2,0,0
29,4,0,1
29,3,3,0
28,3,2,0
41,1,0,0
35,0,1,1
35,3,1,1
32,0,3,2
42,2,0,1
32,1,0,0
29,4,3,3
48,1,1,4
44,0,0,0
33,2,0,0
39,1,0,1
26,4,1,2
39,0,1,1
31,0,2,1
39,1,7,3
32,1,1,1
36,0,0,0
49,2,2,1
30,1,0,0
39,2,1,0
30,3,0,1
29,2,3,0
35,1,3,0
47,0,2,0
41,0,3,0
35,6,1,0
33,0,3,0
35,0,1,0
35,3,1,0
41,0,1,0
36,1,0,0
27,3,1,1
44,1,3,0
40,0,1,0
45,4,1,0
37,0,0,0
39,0,2,1
37,3,2,1
44,1,0,1
25,7,0,2
21,0,2,0
30,2,4,2
34,4,4,1
28,3,0,1
16,2,15,6
48,0,2,0
32,2,2,2
39,3,2,0
40,1,0,0
43,1,0,0
41,0,0,0
34,1,1,1
44,0,0,1
28,1,4,3
31,1,1,1
40,0,2,0
26,7,10,2
29,1,2,0
25,1,1,0
40,1,2,0
36,3,3,4
44,0,1,0
42,1,0,0
17,4,6,4
34,5,1,3
40,1,1,0
22,5,0,1
37,2,4,1
46,2,2,0
34,1,0,0
47,1,1,0
37,1,2,0
47,3,2,1
32,0,1,0
32,0,2,0
29,0,0,1
29,0,2,1
24,1,10,0
42,1,2,1
39,0,0,1
37,2,3,0
35,1,1,2
40,1,1,1
36,0,1,0
42,0,4,0
34,0,0,1
28,3,2,2
34,3,1,0
38,1,0,1
40,1,0,1
38,1,0,0
45,1,1,0
45,1,3,0
34,0,0,1
38,2,1,1
29,0,1,1
25,1,3,0
31,1,0,0
53,1,2,0
34,0,0,0
42,2,1,3
30,0,1,0
34,0,2,1
40,1,1,0
40,0,3,0
39,0,2,1
36,1,1,1
37,1,0,0
41,1,2,0
32,0,2,0
33,1,2,0
39,0,1,0
45,0,1,0
35,1,1,0
39,1,1,1
24,0,1,1
45,0,1,1
30,1,3,1
38,1,1,0
40,1,0,2
33,1,0,0
45,2,0,1
33,2,2,0
32,2,1,0
32,0,1,0
42,0,1,0
24,2,7,5
32,1,0,0
36,4,1,0
27,0,12,0
23,7,2,1
31,0,3,2
37,2,3,0
45,0,1,0
36,0,2,0
42,0,3,0
39,0,0,1
38,1,2,0
35,1,1,0
38,1,2,0
47,0,1,0
46,0,1,0
33,1,4,0
32,0,1,0
32,0,4,0
37,1,0,0
37,1,1,3
29,6,2,4
42,1,0,0
39,0,1,1
36,1,3,1
42,2,1,1
36,0,2,0
40,0,2,1
45,0,0,0
25,5,5,5
29,3,4,2
35,0,0,0
46,0,2,0
20,5,6,4
38,0,2,1
38,2,1,0
33,0,5,2
45,0,1,0
37,0,2,0
33,2,2,0
39,1,1,1
42,2,1,0
37,0,0,0
47,0,1,0
21,0,3,1
31,8,2,1
45,1,0,2
39,1,1,0
37,0,0,0
37,2,2,2
37,0,1,0
46,2,0,1
33,1,4,1
38,1,1,1
51,2,3,2
36,0,1,0
49,2,2,1
25,0,0,1
36,2,1,0
37,2,0,1
40,2,1,0
39,0,0,1
26,1,0,0
41,0,0,1
39,1,0,1
35,0,2,0
34,0,2,1
34,0,0,0
44,1,0,0
32,4,0,1
29,0,3,2
48,2,1,0
35,2,2,1
40,1,0,0
30,2,1,0
44,0,0,0
47,0,1,0
37,0,4,0
35,0,2,1
43,0,0,0
35,1,1,0
36,0,0,1
33,0,1,1
38,3,1,1
47,0,0,0
39,1,0,1
45,0,1,1
38,0,1,1
41,0,1,0
35,0,0,0
41,0,2,0
47,1,0,0
38,0,1,0
30,7,0,2
38,7,1,1
35,0,2,1
29,5,3,3
35,0,0,0
37,0,0,1
37,0,1,1
35,1,8,1
32,0,0,1
43,1,1,1
26,8,1,2
35,0,1,0
38,2,0,0
45,0,0,0
38,1,4,1
26,2,3,1
32,3,1,1
32,2,2,0
37,1,0,1
33,0,2,1
40,1,1,1
42,1,1,1
30,2,0,0
37,1,1,0
36,0,1,0
25,0,1,1
25,5,1,2
45,1,2,0
45,0,1,0
32,6,0,0
43,1,1,2
35,0,2,0
37,2,1,1
41,3,0,1
44,2,1,0
42,2,2,0
43,1,3,0
32,0,2,0
32,1,1,0
34,6,0,2
32,1,1,1
39,0,2,1
34,0,1,0
37,0,3,0
32,1,2,0
37,0,0,0
39,1,1,0
44,0,1,0
38,1,2,1
38,1,2,0
37,2,3,0
41,0,0,1
28,4,5,4
32,2,3,0
45,0,2,1
30,0,0,0
35,1,5,3
33,2,1,0
45,1,1,1
38,0,1,0
44,0,1,0
38,1,2,2
27,2,4,2
42,2,1,0
38,1,3,0
37,1,1,0
35,2,1,0
32,0,0,0
39,0,1,0
27,2,0,1
47,0,1,0
33,1,2,1
47,3,2,1
26,7,0,0
38,2,2,1
41,1,2,0
42,3,0,0
37,0,1,0
39,1,0,1
23,1,2,1
30,3,7,4
34,2,1,0
40,4,0,2
27,0,1,0
29,0,1,0
37,4,4,3
32,2,4,3
40,2,4,3
29,0,0,0
37,0,0,0
29,2,0,0
40,1,1,0
35,1,0,1
36,0,1,1
35,0,0,0
36,0,0,0
33,0,0,0
31,2,1,0
30,5,4,3
47,1,1,0
40,1,1,0
36,0,2,1
42,2,3,3
32,5,1,0
30,1,1,0
34,0,1,2
49,2,2,0
31,2,1,0
45,1,1,0
40,1,0,0
38,1,0,1
36,0,0,0
32,0,12,0
51,1,0,0
35,2,1,1
29,0,2,1
44,3,2,1
31,0,2,0
34,1,5,1
35,0,2,2
36,4,0,0
41,0,0,0
30,0,2,0
28,0,0,2
29,1,1,0
25,6,5,3
34,0,0,1
33,0,0,0
29,0,1,2
43,1,0,0
34,0,3,1
30,5,2,1
49,1,1,0
29,1,2,0
31,1,0,0
34,0,3,0
38,1,0,0
36,0,10,2
31,2,0,2
39,1,1,0
34,0,1,1
27,0,0,0
30,1,3,3
33,0,2,3
31,1,3,0
42,1,1,2
31,1,2,0
33,0,1,0
42,2,1,0
22,3,4,3
40,0,0,0
42,1,1,2
42,0,3,0
41,0,0,1
27,0,1,0
43,1,1,0
39,0,0,0
37,1,2,1
33,0,2,0
42,0,0,0
33,1,0,1
31,3,1,1
41,1,1,0
43,1,2,0
34,4,6,2
37,0,0,0
37,2,1,0
27,7,2,1
33,0,1,0
34,1,1,0
53,1,1,0
49,1,0,0
38,1,1,2
43,2,1,0
33,1,0,2
42,0,1,0
31,1,2,1
33,1,1,1
38,0,0,0
45,1,1,1
41,1,0,0
26,0,1,0
38,2,2,0
25,1,1,0
47,0,0,0
42,1,1,1
28,1,1,1
40,2,5,0
35,5,1,1
40,0,4,1
31,2,0,0
41,0,2,0
38,1,0,0
33,4,2,4
32,1,1,1
35,0,0,1
39,0,1,0
44,0,3,0
47,1,0,0
25,4,1,1
47,1,2,0
39,2,1,0
46,1,0,2
34,0,1,1
37,0,1,2
37,1,1,1
36,3,1,0
26,0,11,0
33,5,0,1
47,2,2,0
36,1,1,0
39,1,3,0
42,2,0,0
42,2,1,0
32,0,3,2
32,1,1,0
47,0,1,0
29,2,1,0
30,0,1,1
27,3,5,5
40,1,1,0
33,1,1,0
35,1,0,0
28,6,4,1
38,0,3,0
41,1,1,0
30,3,2,0
43,4,3,0
32,0,9,1
23,7,7,4
33,2,0,0
42,2,4,2
27,2,6,7
36,5,1,1
40,2,0,0
43,2,2,2
39,2,0,1
40,1,1,0
27,2,1,0
48,1,3,2
33,1,1,0
43,2,1,1
40,0,2,2
31,11,1,1
36,2,1,0
39,1,1,0
44,1,0,0
32,1,1,0
37,1,2,0
42,0,1,0
33,0,1,0
41,2,2,2
49,2,2,1
34,0,0,0
34,0,1,1
39,0,9,0
38,1,5,3
35,7,1,1
44,0,0,0
46,1,0,0
24,3,1,0
31,0,0,1
40,0,1,1
38,1,2,0
26,3,7,3
37,2,0,1
30,1,5,2
37,0,2,0
31,4,3,4
38,0,0,1
40,0,2,0
41,1,0,0
40,2,0,1
39,0,1,0
34,0,2,1
41,0,2,2
37,1,0,1
34,4,1,0
33,1,0,0
36,2,1,0
37,3,1,0
27,5,4,4
34,0,0,1
20,3,2,2
46,0,1,1
38,0,2,0
31,2,0,1
37,2,0,0
24,0,12,0
45,2,1,0
32,2,0,1
46,0,1,0
36,0,3,1
34,1,2,0
32,3,6,1
44,0,1,0
38,0,2,1
49,4,1,3
39,0,2,0
34,7,1,0
41,1,1,0
30,2,1,0
42,5,1,0
45,0,1,0
35,0,2,1
49,1,0,0
42,1,0,1
44,1,1,2
51,1,0,0
26,1,0,0
49,1,2,0
47,1,0,1
26,3,1,0
30,0,0,0
51,1,1,0
36,5,0,0
41,0,0,0
42,0,1,1
36,0,0,0
33,2,9,3
32,0,0,0
28,0,1,1
32,4,2,1
39,2,0,0
43,2,1,0
30,0,5,2
39,1,1,0
34,1,1,2
30,4,0,0
41,1,2,0
38,0,1,0
28,9,0,1
32,0,0,0
30,2,12,4
29,0,2,1
36,0,1,1
31,3,0,0
35,3,1,0
41,0,0,0
35,1,1,0
36,2,0,0
34,1,1,1
29,0,0,0
38,0,4,0
45,2,0,0
29,12,0,3
29,2,1,2
39,1,1,1
50,2,0,0
42,0,0,0
43,1,2,1
36,0,1,0
35,1,0,0
40,0,3,1
41,1,0,1
46,0,2,0
41,1,3,0
32,4,0,1
36,0,1,1
34,1,1,1
39,0,0,0
38,4,0,1
42,5,4,5
36,0,3,1
41,1,2,0
40,0,1,1
26,1,1,1
32,3,0,0
30,4,0,1
28,0,2,1
28,0,0,0
38,2,3,0
23,0,1,0
38,1,2,0
32,8,0,0
35,1,1,0
44,2,1,0
42,1,2,2
38,1,0,0
33,0,1,0
39,0,2,1
31,0,0,1
37,0,2,0
33,0,0,0
31,1,0,1
40,4,1,1
40,1,3,0
38,1,2,0
29,2,2,0
39,3,5,1
36,0,2,1
40,2,2,1
41,1,3,2
38,0,1,0
47,1,1,0
40,5,3,0
26,1,9,1
39,0,2,0
47,0,0,2
43,0,1,0
28,0,1,1
46,1,0,1
44,0,1,1
30,1,0,0
30,0,0,0
37,1,2,1
40,1,1,0
31,9,1,1
38,0,2,2
45,0,1,0
52,1,0,1
36,4,2,0
43,3,1,0
35,0,1,1
41,0,0,0
31,1,2,0
44,0,1,0
51,1,2,0
33,4,2,0
25,1,3,0
38,2,1,4
39,1,0,0
33,0,0,1
42,0,2,0
38,2,3,1
35,1,2,1
36,0,3,0
41,1,1,0
30,1,1,0
40,0,1,0
27,2,1,0
27,0,0,0
48,0,2,0
40,1,0,2
43,2,2,1
43,0,1,0
28,0,2,0
37,1,4,0
35,0,2,2
24,2,4,6
30,0,5,1
41,0,1,3
34,1,2,0
44,3,1,1
46,4,0,2
31,1,3,0
31,0,1,0
27,0,2,0
42,1,0,0
39,4,1,1
36,2,1,0
43,2,2,6
36,1,2,0
27,4,0,2
32,0,1,1
49,1,4,0
34,2,2,0
46,0,1,1
38,1,0,0
37,1,1,0
53,1,6,1
37,0,1,1
29,1,2,0
40,1,1,1
39,2,2,0
35,1,7,0
40,0,0,0
37,0,2,0
42,1,2,1
40,1,2,1
38,0,1,0
37,0,1,3
33,1,3,1
38,2,4,3
43,1,2,0
32,0,3,0
29,4,8,2
30,3,2,7
37,0,2,3
44,0,0,1
27,3,0,2
37,1,0,0
38,3,1,1
35,0,5,1
46,0,1,3
37,0,2,0
36,5,0,0
44,0,2,0
37,3,3,0
37,0,4,0
38,2,0,0
38,0,1,1
36,0,4,0
38,1,2,1
32,0,11,2
31,2,2,0
37,1,1,0
34,0,1,0
26,3,7,9
34,0,2,0
36,0,2,1
48,0,0,0
32,2,0,1
44,0,2,0
47,0,0,0
39,0,2,0
33,6,4,0
33,1,2,1
30,0,3,0
44,3,2,0
33,0,1,0
42,0,2,0
34,2,1,0
37,0,3,0
35,0,0,1
33,1,3,0
43,0,1,0
57,2,1,0
32,2,1,0
37,0,2,1
40,1,3,2
38,4,2,0
32,0,1,1
32,2,5,0
29,1,4,1
48,4,2,2
35,0,3,0
40,0,1,0
31,4,1,3
26,0,5,2
43,2,2,1
34,1,2,0
36,2,4,0
40,0,0,1
36,1,0,1
36,0,0,0
31,0,0,1
38,1,1,1
35,0,0,1
34,1,8,4
42,1,0,0
40,0,0,1
37,2,2,0
35,2,4,2
34,1,0,0
44,1,2,0
41,1,1,0
20,4,4,12
39,0,1,0
30,4,5,1
43,0,0,1
46,1,2,3
45,0,2,1
35,1,0,1
37,4,1,0
37,6,0,1
26,1,1,0
50,1,2,0
43,0,0,0
29,0,1,1
21,1,4,3
42,1,6,2
39,1,1,0
36,3,1,1
32,2,5,4
32,2,5,1
33,3,2,4
32,2,1,1
27,3,3,0
46,2,1,1
32,0,2,0
30,2,2,0
30,0,2,0
38,0,0,1
32,1,3,0
33,8,2,0
29,1,2,0
46,2,1,1
39,1,0,0
39,0,1,0
45,1,1,0
43,2,1,0
42,0,0,0
39,1,1,0
40,1,1,0
32,3,2,5
23,4,4,1
43,1,0,0
40,0,3,2
33,2,0,0
41,1,1,1
35,0,1,1
42,1,2,0
35,0,1,0
43,1,4,1
35,2,0,0
26,2,2,1
37,1,1,0
42,1,1,1
25,1,2,0
21,4,6,6
30,9,6,0
33,0,1,0
33,0,0,0
45,0,0,0
30,1,0,0
41,0,2,1
33,3,2,1
42,0,1,1
34,0,0,2
27,0,4,0
25,0,1,0
33,6,0,0
43,1,1,1
47,0,1,0
34,2,1,0
43,0,1,0
33,1,0,1
38,0,2,0
29,0,3,1
34,2,0,0
37,2,1,0
38,0,1,0
33,4,3,1
35,0,1,1
46,0,2,1
35,0,10,2
52,0,3,1
38,0,1,1
28,1,1,0
35,0,0,0
31,0,1,0
28,0,2,1
32,0,0,1
47,0,2,1
33,0,0,1
38,2,0,0
28,1,5,3
39,1,0,0
40,4,3,3
49,0,2,1
41,0,2,0
33,0,4,0
35,0,2,2
42,1,3,0
44,0,0,3
36,0,0,0
29,6,3,3
30,4,4,2
35,0,3,0
36,1,0,0
48,1,0,1
37,0,0,0
28,2,4,2
31,0,6,1
43,0,3,0
32,1,3,1
24,1,1,1
36,1,2,0
40,0,1,0
33,1,0,1
47,0,0,0
20,3,8,4
43,0,2,0
30,1,2,0
33,1,2,1
40,3,1,0
39,1,0,0
31,2,1,1
40,1,1,0
40,1,3,1
38,4,4,5
36,0,0,3
35,1,4,2
31,3,9,5
28,1,3,0
31,0,2,0
29,2,0,1
42,1,4,1
39,0,1,0
37,1,1,2
36,0,4,0
48,0,1,0
48,0,0,1
32,1,1,0
39,1,0,2
28,0,1,0
32,0,1,2
42,0,1,2
28,0,5,4
20,5,2,0
29,1,1,1
44,1,3,0
32,1,0,1
36,0,0,1
45,0,1,0
32,1,1,1
34,5,3,5
44,2,0,0
33,1,2,0
46,0,1,0
44,1,3,1
33,1,6,0
36,1,1,0
29,2,1,2
25,2,3,5
38,0,1,0
30,2,6,2
31,0,0,0
37,0,1,1
30,2,4,0
53,1,1,1
32,1,0,0
39,0,0,1
36,0,2,0
40,1,1,1
19,0,6,2
40,1,2,0
28,4,2,6
35,0,2,1
37,0,1,0
43,0,2,0
40,2,0,0
39,1,0,0
37,1,2,0
43,1,1,0
30,2,0,1
38,1,2,0
50,0,0,1
30,0,1,1
47,2,0,0
33,1,1,0
39,8,0,2
41,1,0,0
28,2,5,2
43,1,2,0
40,0,0,0
45,0,1,0
37,0,0,0
47,1,1,1
38,0,3,0
39,6,0,2
39,0,1,0
36,2,3,0
37,1,0,1
43,1,2,1
29,0,1,0
38,2,1,0
33,3,0,0
27,1,0,0
32,0,5,1
38,0,0,0
46,0,1,0
27,0,0,0
48,0,1,1
50,1,3,1
33,1,0,1
34,0,6,0
35,0,1,2
53,0,1,1
35,2,1,2
25,0,0,0
38,0,0,1
37,1,1,1
40,0,1,0
41,0,1,0
52,1,0,0
39,2,1,0
30,0,0,2
29,1,0,1
37,0,3,0
22,1,8,1
37,2,1,0
34,3,2,2
44,1,0,0
33,4,0,2
42,0,6,0
44,1,3,1
32,6,0,1
32,1,0,2
29,0,2,0
40,0,3,0
29,0,1,0
38,0,1,1
24,2,2,3
38,1,1,0
34,2,1,1
40,0,1,0
32,0,8,1
44,1,0,0
30,1,1,0
43,1,0,0
38,1,0,0
36,2,1,3
36,0,0,0
36,1,0,0
40,2,0,0
38,11,0,1
33,1,2,0
36,2,3,0
35,1,1,1
43,1,0,0
38,0,0,0
37,1,3,0
46,4,1,1
33,2,1,0
25,0,9,0
32,0,0,0
33,7,1,3
39,5,2,2
42,0,1,1
35,2,0,0
43,3,0,1
35,0,3,2
35,0,0,0
29,1,0,1
39,0,0,1
27,0,2,0
42,2,0,0
28,2,1,0
39,2,0,0
41,3,0,0
32,1,3,2
27,0,1,0
30,2,0,0
25,1,1,0
51,2,0,1
43,1,0,0
31,2,0,3
40,2,2,1
37,2,0,1
31,0,1,1
33,1,0,0
38,0,1,1
28,3,3,4
38,0,0,1
26,7,4,2
26,2,11,5
20,3,6,2
36,0,3,0
28,1,1,0
41,2,0,0
31,1,2,0
33,2,0,0
30,1,1,0
31,2,3,2
37,1,0,0
33,1,0,0
37,2,0,2
45,1,1,1
38,0,2,0
40,0,1,0
40,1,0,0
37,1,1,0
39,1,0,1
31,2,3,2
30,0,2,1
38,0,2,0
32,1,4,0
32,0,6,1
39,1,1,3
41,0,1,0
35,6,1,1
37,1,3,0
33,3,1,1
41,0,1,0
41,2,2,0
34,1,0,1
40,4,0,0
33,1,0,1
47,1,2,0
25,1,3,0
33,2,2,0
34,3,1,2
37,1,1,0
35,0,1,0
42,5,0,0
35,1,4,0
31,0,1,0
40,0,2,0
34,3,3,2
38,0,1,1
41,1,1,3
31,1,1,0
32,1,0,0
35,1,2,3
37,1,0,0
35,0,0,2
42,1,1,0
40,2,1,1
44,1,2,0
36,0,2,1
40,2,1,0
38,1,4,0
29,1,3,3
31,0,0,1
45,1,0,1
33,0,3,0
39,0,2,0
43,0,3,0
39,1,1,1
30,10,0,2
41,2,0,1
42,2,3,1
44,0,1,0
40,1,0,1
40,1,0,1
57,1,4,1
34,3,2,0
24,0,2,0
28,1,9,2
37,4,3,0
39,3,1,1
45,0,0,0
29,1,1,0
25,0,1,0
41,2,0,1
38,0,3,0
39,2,2,0
36,0,1,2
33,2,2,0
38,0,0,0
24,0,5,0
47,0,0,1
35,1,2,0
47,1,0,0
29,2,1,2
33,9,1,1
29,13,4,1
28,1,2,1
36,1,1,1
43,1,2,0
30,2,3,7
50,1,0,1
55,0,1,2
30,3,1,2
44,1,1,0
31,2,3,0
52,1,1,2
39,0,1,0
41,0,0,0
42,5,0,4
39,1,0,0
44,1,4,0
40,0,1,0
33,2,0,2
39,0,2,0
39,2,2,0
50,2,0,1
36,0,1,0
31,9,0,1
32,5,1,1
34,1,2,1
28,2,1,0
38,0,0,2
31,6,3,9
33,9,0,0
39,0,0,0
34,0,6,0
41,2,2,0
50,0,0,0
31,0,0,2
44,1,2,1
26,4,0,1
46,1,1,1
22,9,7,0
40,0,1,0
43,0,0,0
37,2,8,3
25,4,4,1
35,1,2,3
36,0,1,0
28,1,0,0
45,1,1,2
44,0,2,0
35,1,1,0
37,1,0,0
41,0,1,0
25,1,6,0
33,2,0,0
24,2,3,4
26,1,6,2
34,2,0,1
31,1,1,2
39,1,0,1
44,1,2,0
43,0,0,0
27,0,1,0
39,1,0,0
35,1,1,2
38,1,1,1
39,1,2,0
40,2,0,0
41,5,0,1
36,3,3,3
32,2,0,2
35,0,4,0
38,1,3,1
29,2,0,1
29,1,2,1
56,1,0,0
48,0,4,2
35,0,1,0
48,1,3,0
44,0,0,0
41,0,1,0
38,1,3,1
52,1,0,0
20,1,4,0
43,0,2,0
33,0,1,0
43,0,0,0
42,0,1,1
30,2,0,1
31,0,9,2
31,1,0,0
34,1,4,1
36,0,2,0
33,1,0,0
52,1,1,0
37,3,1,0
29,2,1,0
34,1,1,0
38,2,0,1
55,0,0,0
31,1,2,0
31,3,1,2
33,0,1,1
30,0,2,1
35,2,1,0
39,2,1,0
28,6,1,1
39,0,1,0
32,0,4,0
36,5,2,3
38,2,2,1
32,2,1,0
36,0,1,0
36,4,1,3
34,1,2,0
43,2,3,0
32,0,1,0
29,14,1,1
32,2,2,0
31,3,5,2
30,5,1,0
45,2,1,1
44,0,1,1
35,0,1,1
36,1,0,1
41,1,0,0
24,8,6,5
29,2,8,3
25,1,2,0
35,0,3,0
32,0,0,0
38,1,1,0
30,5,0,1
33,2,3,1
25,3,2,4
35,1,0,0
43,2,0,1
48,0,0,0
37,1,1,0
36,2,0,0
34,1,1,1
43,1,1,1
28,2,3,1
43,1,1,0
43,1,1,0
54,1,0,0
35,1,1,1
39,2,0,0
43,1,0,2
47,2,2,0
37,1,1,0
33,5,5,2
31,0,0,1
47,0,0,1
38,2,0,0
33,0,1,0
37,0,1,0
43,3,0,0
34,3,0,0
34,1,2,0
40,1,1,0
21,1,2,4
29,5,7,3
43,0,1,0
45,5,1,1
33,1,2,0
45,0,0,0
35,1,2,0
42,0,4,0
24,0,6,1
40,0,1,0
34,3,2,1
33,0,2,0
32,0,1,2
35,0,2,0
40,0,0,0
36,4,0,1
42,1,2,0
35,1,6,0
36,1,4,0
34,1,0,0
40,0,2,0
36,2,1,0
30,2,1,2
45,1,1,2
33,0,2,1
33,1,1,0
39,6,1,1
32,1,2,1
38,1,2,2
43,0,0,0
41,0,1,0
42,1,0,0
41,1,5,1
37,2,3,0
31,3,1,2
38,1,2,1
41,3,2,2
32,0,5,0
39,2,3,0
44,0,2,0
36,0,2,0
32,2,5,1
30,1,2,0
38,1,2,0
47,1,2,0
39,0,1,0
14,5,4,4
35,0,0,1
32,1,3,0
35,2,0,0
35,0,1,0
37,1,0,1
27,0,3,0
38,1,0,0
49,3,2,1
46,0,3,2
38,1,2,0
30,2,0,3
26,2,2,0
36,0,0,0
43,2,0,0
36,3,1,0
39,1,1,0
46,0,0,0
26,0,1,0
28,1,6,1
42,0,1,0
37,1,3,0
37,2,0,1
36,3,0,0
41,1,1,0
33,0,0,0
30,1,2,0
43,0,1,0
35,1,1,2
46,1,0,1
44,2,0,0
44,0,0,0
30,1,1,0
37,1,2,0
36,2,1,0
25,1,1,0
35,2,0,0
38,0,1,0
47,1,1,1
32,1,0,0
40,0,1,1
33,2,0,0
32,0,2,0
36,0,0,0
43,2,5,4
33,1,3,1
30,2,6,0
41,1,0,0
38,0,3,0
33,2,0,0
33,0,1,0
33,3,0,0
30,2,0,0
46,6,3,3
46,0,0,0
38,1,2,2
39,1,3,0
39,0,0,0
21,0,5,2
36,1,1,2
34,0,0,2
49,0,2,0
33,6,9,4
30,3,1,2
43,3,3,0
43,0,0,0
37,0,0,1
47,1,1,0
33,1,2,0
37,2,0,0
24,0,0,1
33,4,1,0
32,1,4,0
29,0,1,0
27,3,0,0
28,3,1,3
39,2,0,1
36,1,0,2
45,0,1,2
29,0,0,0
43,2,3,0
41,4,2,2
44,1,0,1
43,0,4,1
33,1,1,0
38,2,3,2
26,4,0,3
31,1,3,0
39,0,5,0
35,0,0,0
31,1,5,4
34,0,6,2
28,0,2,0
31,1,1,0
36,1,2,1
26,0,9,1
27,5,1,0
39,0,2,0
35,2,2,0
25,1,3,2
38,0,1,0
33,3,3,2
40,1,2,1
37,0,0,0
39,0,0,1
47,0,0,0
45,0,1,1
27,3,5,2
40,0,1,0
33,0,0,0
32,1,1,0
45,1,1,1
41,0,0,0
41,0,1,0
31,1,1,0
32,1,1,1
32,4,5,9
43,2,1,3
31,0,0,2
39,1,1,0
32,0,4,0
44,0,0,0
33,2,1,0
33,0,0,0
33,0,1,1
54,1,2,0
25,9,1,0
30,1,1,0
49,1,2,1
32,3,1,0
32,0,1,0
35,4,0,1
29,0,5,0
40,0,2,0
37,1,0,0
41,5,0,0
35,1,1,0
30,1,1,0
33,0,1,0
37,0,2,1
39,1,0,2
28,1,2,1
37,1,2,1
34,1,1,0
23,4,6,3
41,1,5,0
35,1,6,0
43,1,2,0
38,1,2,0
38,1,2,0
27,1,1,1
44,2,0,1
47,2,0,0
32,2,1,0
46,4,2,1
49,1,0,0
34,2,0,0
32,3,1,0
37,1,0,0
34,2,1,0
52,0,0,2
32,5,6,5
39,13,0,1
32,0,1,0
27,1,3,2
35,1,0,1
41,0,4,0
38,0,0,1
34,1,2,0
40,1,0,1
38,2,2,1
41,1,1,1
38,2,1,0
25,5,1,1
36,1,1,0
38,2,1,1
33,3,1,0
35,3,1,0
41,3,1,0
29,2,3,0
41,0,2,0
30,1,9,0
39,0,2,0
49,1,0,0
38,1,1,0
25,1,0,0
41,1,2,1
24,2,1,1
30,0,1,1
39,1,0,2
37,0,7,2
34,2,1,0
34,1,1,0
29,1,1,0
30,0,0,0
46,0,0,0
34,0,2,0
31,1,3,0
35,3,1,0
44,2,3,0
44,0,1,1
47,1,3,0
50,1,1,1
41,0,0,1
40,3,0,2
40,1,1,0
45,1,3,0
17,5,4,3
29,0,1,0
34,7,0,1
26,0,1,0
38,2,1,1
53,1,0,1
53,0,0,2
39,2,1,1
42,2,0,0
30,2,1,2
46,1,0,1
36,0,4,1
29,5,2,1
35,0,1,0
32,2,2,0
38,0,2,0
47,3,1,0
35,1,3,0
34,0,0,1
27,0,1,0
51,1,1,0
39,0,0,0
43,0,0,1
34,4,2,4
37,0,0,0
30,0,1,0
27,0,3,0
46,0,1,0
35,3,0,0
37,0,1,1
27,2,2,0
40,1,1,1
37,0,1,1
36,1,2,0
38,0,0,2
37,0,3,1
42,1,10,1
34,2,1,1
44,0,2,0
50,0,1,0
32,1,2,1
50,0,1,1
42,3,3,0
39,0,2,1
40,0,1,1
39,1,1,0
32,3,2,5
15,3,6,10
40,0,0,0
36,2,0,0
40,1,0,0
33,4,2,0
38,1,1,0
32,11,1,1
43,1,1,0
37,0,2,1
47,0,0,0
39,0,1,0
46,0,1,1
40,2,2,2
35,0,1,1
31,1,3,1
32,1,3,0
30,2,7,3
39,1,3,0
42,0,0,0
42,0,0,0
37,1,0,0
44,1,0,0
37,0,0,2
39,0,1,1
43,1,1,0
28,2,2,2
34,1,4,0
30,2,2,0
39,2,1,0
37,0,0,0
35,1,1,0
33,0,1,3
41,0,2,0
36,2,0,1
37,0,2,1
35,1,1,3
34,0,2,0
29,1,6,1
48,2,2,0
30,2,6,5
32,3,5,5
38,1,0,0
41,0,0,1
29,2,1,0
32,3,0,0
25,4,4,4
26,2,5,2
34,1,0,0
43,1,0,1
19,6,0,0
41,1,4,1
32,0,1,1
45,2,2,1
28,0,3,1
34,0,9,1
49,0,3,0
30,3,3,1
40,0,1,0
40,0,0,0
37,0,0,1
52,0,2,0
49,1,1,0
28,1,0,0
31,3,0,1
32,0,2,0
52,1,0,0
25,3,4,6
24,3,0,0
31,1,0,2
39,1,1,0
47,1,0,0
32,3,2,0
40,1,1,0
25,3,2,2
33,0,0,0
39,1,0,0
40,1,2,0
37,2,1,1
37,1,2,0
47,0,0,0
31,3,1,2
35,2,4,1
33,1,5,0
16,3,4,3
34,1,0,1
26,1,2,0
31,0,1,1
40,4,0,0
37,6,1,1
44,1,1,0
36,0,1,0
44,0,2,1
37,2,0,1
23,2,6,1
40,1,0,2
28,1,1,0
31,1,1,2
39,0,0,1
43,2,1,0
49,1,1,0
49,1,1,0
21,0,3,1
23,1,1,1
33,3,1,0
33,0,2,0
27,0,2,1
36,0,0,1
41,1,1,1
42,2,0,1
36,2,0,0
43,0,1,0
41,1,2,1
48,7,4,1
31,2,4,0
34,2,2,0
23,0,1,0
46,2,1,0
37,1,1,0
28,1,1,1
34,3,3,1
43,1,0,0
34,0,2,0
48,0,2,0
55,2,0,0
37,1,1,0
42,1,1,0
37,0,1,0
31,4,0,3
39,0,1,1
36,0,3,0
38,1,1,0
35,1,1,0
29,4,0,1
27,2,6,1
38,0,1,0
37,0,1,0
30,5,0,0
41,1,2,1
39,5,0,0
34,1,1,0
44,1,2,0
27,3,5,1
32,9,0,0
28,3,1,1
23,0,0,0
30,0,1,0
37,0,1,1
27,0,1,0
31,1,1,1
39,1,2,0
49,1,2,0
38,0,1,1
22,0,1,0
35,0,0,2
38,1,1,0
35,2,0,1
34,1,1,1
37,1,1,0
31,0,0,0
40,2,1,0
33,1,0,1
27,1,0,0
39,0,2,1
39,0,1,1
34,2,2,0
29,2,0,0
40,0,1,1
41,3,3,3
30,0,0,0
25,3,2,2
26,0,6,1
42,1,3,0
37,3,0,0
27,0,0,1
36,1,3,1
47,2,3,1
33,4,3,5
28,0,4,0
40,2,3,0
42,1,0,0
26,2,6,5
45,3,4,3
26,0,0,0
36,3,1,4
49,1,1,0
29,1,3,0
49,0,1,0
39,1,0,0
49,2,2,0
25,0,0,1
36,2,3,2
40,1,1,0
34,0,2,1
31,1,2,0
42,0,1,1
34,1,2,0
44,0,2,0
45,2,0,1
38,3,2,1
48,1,3,0
31,2,2,1
32,1,0,0
43,0,0,0
35,0,1,1
44,1,0,0
26,0,1,2
36,2,5,1
43,0,4,2
32,7,0,1
27,1,1,1
49,2,5,0
34,5,0,2
28,5,0,1
25,0,4,3
52,2,0,0
49,0,3,1
32,1,1,0
42,0,0,0
24,0,4,0
41,8,0,0
39,2,1,0
34,2,4,0
33,0,0,0
32,5,2,3
39,0,2,1
24,0,2,0
39,0,0,1
31,0,1,1
48,0,0,0
35,1,2,0
34,1,0,0
34,1,0,1
34,0,0,1
29,0,0,1
37,2,0,1
41,0,2,2
21,1,5,4
32,0,0,1
51,2,2,0
32,2,2,0
51,2,3,0
34,1,1,0
30,3,2,1
35,2,0,0
35,0,0,0
36,2,0,0
31,1,1,0
41,0,0,0
25,10,0,0
36,5,4,4
27,0,4,6
32,0,0,0
34,1,1,1
41,0,3,0
44,1,0,1
45,1,0,2
47,2,0,0
33,2,8,3
35,2,1,7
30,1,1,2
31,1,1,1
38,0,1,1
37,0,2,0
34,2,1,0
30,1,0,2
41,1,1,0
43,1,1,1
36,0,0,0
50,2,0,1
32,0,1,1
42,3,2,0
37,0,0,0
36,0,3,1
39,1,1,1
37,0,2,2
47,0,1,1
42,1,0,0
34,2,0,0
39,2,1,0
44,2,1,0
54,0,0,0
31,0,2,0
30,1,0,1
39,7,0,2
31,2,2,1
37,2,0,0
51,0,2,1
40,1,0,0
34,1,1,3
37,2,1,0
31,5,0,4
36,0,1,0
39,0,8,1
36,3,1,0
28,5,1,1
30,0,0,0
40,0,0,0
41,3,1,0
42,1,0,2
20,1,2,0
38,2,2,0
27,2,2,0
33,2,1,0
33,1,0,1
28,2,3,1
41,1,0,0
45,2,2,1
30,2,2,0
33,0,1,0
44,4,4,1
33,1,1,0
52,1,1,1
47,1,0,0
41,1,1,1
35,2,1,0
27,0,0,0
49,7,2,2
30,3,1,0
32,0,11,3
42,1,0,0
53,1,0,1
23,0,4,0
41,0,1,1
36,0,0,1
38,0,0,1
42,2,0,0
40,1,1,1
42,1,1,1
26,0,1,0
35,1,3,0
35,4,7,5
36,3,1,1
40,1,2,1
32,0,1,0
34,1,2,0
32,4,2,2
39,0,1,2
42,1,0,1
40,0,4,1
47,2,1,3
39,2,1,1
32,0,2,1
47,1,2,1
44,0,1,0
33,0,0,0
33,1,4,0
27,0,2,1
34,2,1,0
33,0,0,1
46,2,2,1
40,5,3,2
38,1,1,0
32,3,1,0
36,1,1,0
37,2,1,0
34,0,2,2
39,5,1,2
43,0,1,0
30,3,3,1
35,0,1,0
30,1,1,0
25,5,4,6
26,0,3,1
34,2,2,0
45,0,1,0
30,1,8,1
38,0,2,4
39,1,3,1
31,10,2,2
37,2,1,0
39,1,1,1
33,0,3,1
36,0,1,0
40,3,1,0
40,0,2,2
37,0,3,1
25,0,2,4
24,0,1,0
43,0,1,1
36,0,1,0
39,3,2,2
37,1,2,0
45,0,0,0
24,2,2,3
28,2,1,0
37,1,1,0
38,1,1,0
36,1,3,0
38,3,0,0
42,1,1,1
42,1,1,1
30,4,2,1
32,1,6,3
40,5,5,4
43,1,1,0
27,1,0,0
38,0,0,0
39,0,1,0
33,0,2,1
43,1,2,0
38,0,0,0
44,0,3,1
36,1,0,0
41,1,2,1
42,1,3,0
18,2,1,0
23,0,2,0
41,1,0,0
44,1,2,0
37,2,1,0
35,0,0,0
42,3,1,0
40,0,1,1
46,3,1,0
40,1,2,0
32,1,4,3
40,1,2,0
26,4,0,0
43,2,0,0
33,3,1,1
36,1,2,1
33,1,1,0
34,2,1,2
38,2,0,0
33,2,4,0
39,4,0,0
34,0,0,1
44,1,0,0
42,0,1,0
38,0,3,0
27,0,0,1
34,0,2,0
41,1,1,0
32,0,1,1
35,0,0,0
25,0,5,0
32,9,1,4
34,1,0,0
38,1,2,0
30,0,0,1
39,0,1,0
33,1,3,0
35,0,0,0
31,1,0,1
28,2,1,3
34,1,0,1
25,1,2,0
40,1,2,0
28,4,8,3
51,1,4,1
41,1,0,1
23,2,2,3
40,3,0,0
34,1,7,1
38,1,0,0
38,2,0,1
32,2,5,1
27,3,1,0
35,1,0,0
27,0,0,0
32,2,1,2
29,1,0,2
28,0,0,0
27,3,0,2
24,6,7,4
32,0,1,1
44,0,2,0
28,5,2,3
37,3,7,3
45,1,1,1
36,1,1,1
47,0,0,1
42,2,1,0
36,1,0,1
47,1,0,1
40,1,2,1
32,5,0,2
48,2,0,2
35,5,0,0
38,1,0,0
44,0,0,2
25,1,1,0
41,0,2,1
36,0,2,0
41,0,2,0
33,0,0,0
40,0,2,1
45,2,1,0
32,3,4,3
36,5,3,4
32,0,2,0
23,1,2,2
42,0,1,1
31,2,0,0
42,1,1,0
40,1,0,0
32,1,2,1
37,1,1,0
27,0,6,0
42,1,1,7
29,2,3,4
37,0,0,1
39,1,3,1
30,0,9,0
32,0,2,0
23,3,7,6
32,1,1,0
33,1,0,0
24,3,0,2
43,2,2,1
36,1,3,2
40,2,5,4
39,1,2,1
37,0,1,1
48,1,1,1
42,1,1,1
28,1,0,0
27,4,2,2
37,0,2,1
45,1,1,0
36,3,1,2
40,4,4,2
34,0,1,1
32,0,0,1
34,1,3,0
33,0,3,0
28,7,4,3
28,1,2,0
34,1,1,1
31,1,1,1
32,1,1,1
36,1,0,0
28,6,1,0
33,3,0,0
35,0,1,0
29,1,2,0
33,2,2,3
50,1,0,1
40,2,1,0
30,1,2,1
22,0,0,0
19,0,7,0
38,3,4,0
40,1,0,0
41,0,1,0
37,0,8,1
23,0,1,1
38,0,3,1
28,3,0,0
34,1,0,0
41,0,2,0
35,3,2,2
59,0,1,1
33,2,3,0
37,5,3,3
42,2,2,0
21,0,1,0
42,0,1,1
35,7,8,6
40,2,1,1
33,4,6,4
38,3,0,0
35,2,4,4
38,0,4,1
34,1,0,0
40,2,1,0
34,1,2,0
34,1,2,1
30,1,1,0
40,2,2,0
33,2,0,0
35,1,2,1
41,0,0,0
34,2,0,2
21,4,7,6
25,4,4,7
42,1,3,0
22,1,2,0
43,1,2,1
42,2,4,3
39,1,0,0
45,2,1,1
37,0,0,0
49,1,0,0
29,0,4,1
36,1,2,0
32,1,0,1
39,1,0,1
39,2,2,1
48,0,1,1
46,4,0,1
26,3,4,3
33,1,0,0
46,2,1,0
35,2,3,1
28,4,1,0
40,1,1,0
29,4,4,1
27,1,0,0
23,2,7,3
39,0,0,0
35,1,2,0
40,0,2,0
48,1,1,1
38,1,2,0
31,1,2,2
27,4,0,1
45,2,4,1
31,1,3,0
36,1,0,1
43,0,4,0
30,3,5,2
36,2,0,0
36,0,2,1
31,0,2,1
26,1,2,0
26,0,1,0
35,2,3,0
43,1,0,0
43,0,3,0
48,0,1,0
36,1,1,0
31,0,0,2
43,0,0,0
35,1,1,0
40,0,4,0
41,0,0,1
25,3,4,2
35,0,2,0
31,1,3,1
36,2,2,0
24,3,4,4
45,1,1,0
32,3,4,0
35,2,2,0
43,1,1,0
39,2,3,0
23,1,1,0
41,0,0,0
42,0,1,1
34,9,1,1
30,1,0,1
39,1,2,0
44,0,4,1
42,0,1,0
30,1,9,1
36,1,0,0
37,1,0,2
35,0,2,1
32,0,1,1
30,0,8,1
27,0,1,1
39,1,1,0
51,1,2,0
41,0,2,1
35,7,8,6
38,1,1,0
40,0,0,1
42,1,0,0
40,1,0,0
33,0,2,3
34,5,1,0
38,0,3,1
48,0,1,1
24,1,2,0
32,2,1,0
41,0,0,1
19,6,1,1
31,1,4,1
30,1,1,1
36,0,1,1
44,1,1,0
24,1,0,0
38,1,0,4
29,3,0,2
24,3,5,2
44,1,2,0
43,1,0,1
44,0,3,0
30,2,1,1
32,0,0,1
35,0,1,0
21,9,0,1
25,5,3,4
29,0,7,1
32,8,6,4
34,4,0,2
26,0,3,1
41,3,3,0
30,1,1,0
37,3,1,0
42,0,1,1
21,3,0,0
29,1,2,0
42,2,1,0
33,1,5,3
36,0,2,1
35,0,1,0
45,1,0,0
33,1,2,0
28,2,1,0
25,2,1,1
47,2,2,0
29,1,2,0
38,0,2,0
42,2,0,1
42,1,2,1
37,0,0,0
38,0,2,0
30,0,4,1
35,2,2,2
34,1,2,0
31,1,1,0
29,0,0,0
33,1,3,0
35,0,2,1
66,2,1,1
34,2,0,0
33,2,1,0
43,0,0,1
50,0,0,1
48,0,1,0
36,1,1,0
18,6,4,0
39,2,0,1
39,2,1,1
27,0,1,0
45,1,2,0
39,1,4,0
36,1,0,1
34,1,0,0
33,0,5,0
31,0,0,0
28,3,0,1
49,1,0,0
51,1,1,1
32,2,0,0
37,1,2,1
35,1,0,1
41,1,0,0
32,0,2,1
32,0,1,0
52,1,1,0
31,1,0,0
26,2,6,2
34,0,0,0
33,1,1,0
32,1,1,0
29,4,0,1
36,1,1,1
30,0,4,1
35,3,4,0
38,0,6,1
36,0,1,1
40,2,1,2
33,0,7,0
31,0,2,0
26,8,10,6
28,0,2,0
34,1,1,0
25,4,4,6
27,0,0,0
30,0,0,0
32,1,0,0
27,1,2,0
31,0,2,0
32,1,1,0
27,1,0,0
32,2,2,4
48,0,1,0
30,1,0,0
30,7,1,1
50,2,0,0
36,3,3,3
37,2,1,1
25,2,0,1
38,0,1,0
41,1,1,0
24,0,7,1
30,1,1,3
30,0,1,2
38,1,1,1
38,1,2,0
40,1,2,0
18,9,1,1
34,2,1,1
54,0,1,0
52,1,0,0
37,1,0,0
34,3,2,0
36,1,1,0
37,1,2,0
47,1,1,0
38,3,3,1
40,1,0,0
27,3,6,1
21,2,5,2
29,4,0,0
38,1,3,0
35,1,0,0
49,2,1,0
27,3,3,3
42,1,0,1
49,0,2,0
35,1,1,0
41,1,0,1
28,1,2,1
40,1,0,0
32,3,1,1
45,1,2,0
40,2,1,0
45,0,1,3
26,2,1,3
34,0,5,1
36,0,1,1
39,3,1,0
35,2,1,0
31,1,1,1
47,0,3,1
37,2,6,3
44,0,1,0
38,2,3,0
38,1,1,0
22,2,0,0
26,1,0,0
31,3,4,1
41,1,0,0
42,1,0,1
29,1,7,2
37,2,2,1
21,3,9,2
33,0,2,0
31,0,2,0
42,0,0,1
45,1,4,0
37,5,0,2
45,1,2,2
44,1,1,0
30,2,1,0
59,1,1,0
42,2,1,0
27,2,2,0
38,0,4,1
35,1,3,0
49,0,5,0
43,0,2,0
49,1,1,0
42,1,0,0
38,1,0,0
30,1,0,0
26,0,0,2
43,3,3,1
44,1,2,1
39,0,1,0
44,2,0,1
44,1,2,1
39,1,0,0
38,3,0,1
26,0,5,1
47,2,4,0
36,1,0,1
37,0,13,2
29,1,1,0
36,2,1,1
35,0,2,0
45,2,1,0
41,1,0,0
34,1,1,2
43,1,1,0
34,0,1,0
49,0,2,0
32,0,4,1
35,4,3,4
40,2,3,0
38,2,1,0
33,2,0,1
35,0,1,1
33,0,1,0
39,3,1,0
45,2,3,1
47,4,1,0
45,1,2,0
42,1,1,0
40,1,2,2
45,2,2,0
22,4,4,1
19,3,7,3
39,3,0,0
34,0,2,0
41,1,0,0
42,2,1,0
40,1,1,0
40,2,1,0
36,0,0,2
46,0,1,0
28,0,9,2
45,0,9,2
31,6,1,0
37,0,0,0
40,3,2,1
32,2,2,1
42,1,1,1
34,1,4,5
31,0,10,2
14,2,4,6
43,4,2,0
52,0,0,0
44,0,1,0
49,1,0,1
38,0,0,1
39,1,2,1
43,0,0,0
45,0,3,2
32,1,5,0
36,0,1,1
33,5,1,0
33,2,3,0
32,1,1,0
38,2,0,0
41,0,1,1
34,2,1,1
29,0,0,2
33,1,2,3
27,9,0,1
42,1,0,1
42,2,0,0
46,1,2,0
35,3,1,2
33,1,7,8
28,0,1,0
36,1,2,1
36,4,2,0
49,1,3,0
44,0,0,0
49,0,1,0
43,2,0,2
39,0,0,1
40,1,0,1
28,0,1,0
33,2,2,1
45,0,1,0
24,2,1,3
32,0,0,1
40,0,1,0
36,3,0,1
43,0,2,0
42,3,0,1
28,1,1,1
33,1,0,2
26,0,0,0
41,2,8,0
38,7,0,2
31,0,1,0
25,2,2,2
41,0,0,0
25,1,1,1
42,2,1,0
29,1,2,0
33,0,0,1
29,1,2,0
35,1,1,0
44,0,3,0
34,0,0,0
45,1,2,0
35,0,0,0
38,1,2,1
47,1,1,0
36,0,0,1
39,2,0,1
34,0,0,1
37,1,5,0
31,2,0,1
33,0,6,3
33,3,0,1
48,2,0,0
45,0,1,1
41,1,2,0
35,3,3,1
47,2,0,0
46,0,3,1
46,1,2,0
33,0,1,0
42,0,0,0
48,2,0,2
31,0,3,0
35,0,2,0
39,0,0,2
31,0,2,0
35,4,1,1
35,1,3,1
42,1,0,2
39,1,0,2
33,0,2,0
36,1,1,5
39,3,0,0
50,0,1,0
44,1,1,0
27,1,1,2
38,0,2,2
25,1,2,0
34,0,1,0
37,2,2,0
36,3,2,3
42,3,3,3
28,1,0,0
42,3,0,2
43,2,0,0
51,1,0,0
25,3,0,0
37,2,0,1
35,0,1,2
43,0,2,1
35,1,1,0
45,0,3,1
28,0,5,0
34,1,1,2
35,1,1,1
34,0,2,2
40,0,1,0
43,0,0,1
26,3,0,3
44,2,1,0
41,0,2,1
36,1,1,2
40,3,3,1
28,0,2,0
42,5,0,2
35,3,3,3
37,1,1,0
29,1,1,0
50,0,1,0
34,0,0,1
41,0,0,1
37,0,2,0
39,3,2,2
33,0,2,0
40,2,0,3
42,2,3,2
24,1,0,0
37,0,2,0
42,1,0,1
30,0,4,1
35,2,2,0
41,1,2,1
31,2,2,1
34,5,1,1
33,0,0,0
48,1,2,1
34,1,1,0
34,0,1,1
21,6,0,2
34,0,1,0
20,4,2,4
38,1,2,0
37,2,1,0
33,1,4,3
34,0,0,1
36,1,4,0
42,2,3,0
40,9,1,2
40,0,2,0
28,0,5,2
36,0,1,2
26,1,7,1
41,0,1,0
42,1,1,2
36,0,0,1
30,0,3,0
37,2,2,1
37,3,1,1
42,0,3,0
32,1,12,0
21,5,4,7
23,3,0,1
40,1,1,0
44,1,0,1
33,1,1,0
22,0,9,0
29,3,3,8
26,0,1,1
38,1,1,1
39,0,1,1
37,3,0,2
29,0,5,1
29,0,1,0
28,1,2,0
30,4,3,3
53,0,3,0
26,4,4,3
30,0,0,0
32,0,1,1
53,0,3,1
24,0,1,0
35,1,3,0
45,0,1,0
46,1,0,0
24,0,10,0
42,1,2,1
48,0,1,0
37,1,2,2
36,1,0,0
25,5,0,1
41,1,1,2
30,0,2,1
34,1,1,0
41,0,5,1
36,0,11,0
32,1,2,0
42,2,0,1
35,1,0,2
26,1,1,0
40,1,0,0
26,1,1,2
23,5,4,1
43,1,2,1
32,15,0,2
37,0,1,2
33,5,8,2
40,1,2,0
33,1,1,0
33,0,5,1
41,0,0,0
49,0,0,1
48,0,0,0
37,6,1,0
29,0,1,1
23,6,8,2
36,0,1,1
37,1,2,0
38,2,1,0
38,0,1,0
31,0,0,2
27,4,1,0
45,1,3,0
28,0,1,2
25,0,1,0
48,0,0,0
43,0,0,0
38,1,6,0
34,6,3,0
42,2,1,0
39,4,0,0
26,3,5,3
34,0,3,0
39,0,2,0
43,2,3,5
37,0,1,1
46,0,3,1
30,4,8,3
37,0,0,0
36,0,2,0
39,1,2,0
36,1,0,2
38,1,2,0
43,2,1,0
31,0,2,1
46,1,1,1
29,0,4,0
24,1,1,0
28,2,0,0
37,4,1,2
32,2,1,6
43,0,1,0
42,1,1,0
39,1,2,0
45,0,1,0
22,0,2,1
32,0,5,1
30,3,0,0
37,0,1,0
44,0,1,0
44,1,0,0
47,1,1,0
30,0,7,1
37,1,0,0
34,0,3,0
37,0,1,0
44,1,5,0
38,1,0,0
48,0,0,1
51,0,2,1
26,1,0,0
46,2,0,2
35,0,4,3
27,0,8,0
22,0,9,0
41,1,2,3
35,1,0,1
32,0,2,0
47,0,1,1
27,0,1,1
36,0,1,1
23,0,1,0
41,0,2,0
38,1,0,0
38,1,0,1
41,1,2,0
37,1,7,0
35,0,2,0
38,1,2,0
41,4,0,0
44,1,1,0
33,1,5,3
31,2,0,0
31,1,1,1
38,2,2,0
32,1,1,0
37,1,1,0
26,7,0,0
31,3,7,5
29,0,1,0
36,3,4,1
31,0,1,2
39,0,1,0
28,0,1,0
39,0,1,0
35,0,0,0
28,4,8,4
38,2,0,0
32,0,0,0
42,3,3,0
51,2,2,0
35,1,0,0
39,0,4,1
38,0,1,2
33,0,2,1
44,2,3,0
40,0,2,0
36,1,2,1
40,1,0,0
56,3,1,0
39,0,0,0
42,1,2,0
41,3,6,0
32,1,3,0
32,0,2,0
44,1,2,0
35,1,0,1
37,6,0,0
38,0,0,3
25,0,1,1
46,0,0,0
36,1,1,0
56,0,1,0
37,1,0,0
28,0,2,3
32,1,1,0
50,1,2,0
45,0,2,2
27,1,2,0
45,1,1,0
39,0,0,1
39,0,8,1
33,1,2,2
22,3,1,5
33,1,2,0
30,1,0,1
31,2,1,0
35,2,3,0
36,3,2,4
42,0,0,0
43,0,2,0
38,0,0,0
37,2,0,0
36,2,1,0
40,1,2,1
26,1,3,0
47,1,3,1
39,2,3,3
34,1,0,2
45,0,0,0
42,0,1,1
33,1,0,0
44,6,3,5
35,2,2,0
27,1,8,0
34,4,0,0
41,1,1,1
27,0,0,1
34,0,0,0
38,2,4,0
33,1,0,1
31,3,1,0
43,2,1,0
34,1,0,0
29,0,4,1
41,0,2,0
35,0,4,0
44,0,1,0
41,1,0,0
46,1,0,1
34,1,2,0
42,1,0,0
32,0,1,0
38,0,2,1
39,0,0,0
40,4,2,1
38,0,4,1
36,0,0,0
22,1,1,1
33,0,1,0
49,2,2,1
37,2,1,0
35,0,1,1
21,1,4,1
35,0,1,0
26,1,6,0
34,0,7,2
36,1,0,0
33,0,1,0
44,1,2,0
28,1,0,0
37,0,4,1
28,0,1,1
35,5,0,1
35,3,6,1
39,3,0,0
37,0,1,1
42,0,1,0
29,0,0,0
25,1,2,0
39,1,0,0
49,1,1,3
35,2,0,2
36,2,1,2
23,5,4,1
30,1,0,2
43,1,1,1
33,1,2,1
49,0,0,0
34,4,1,0
35,0,0,0
35,1,1,0
45,1,1,1
45,1,1,1
35,1,1,1
38,1,1,0
42,1,0,0
44,1,1,1
33,0,1,0
34,0,1,1
48,1,1,1
38,0,2,0
36,1,0,1
40,1,1,0
37,1,1,0
29,0,1,0
35,1,0,0
27,0,2,2
37,0,1,1
40,1,1,0
38,1,0,0
30,1,2,1
31,1,2,2
23,0,2,2
28,2,2,1
36,0,0,0
27,2,3,2
34,1,3,1
39,1,0,0
34,0,0,1
38,0,0,1
41,0,1,1
43,0,2,1
31,1,3,2
49,1,1,1
33,3,0,1
38,0,7,0
38,1,0,2
36,0,4,1
28,4,1,0
26,0,4,0
29,2,2,0
38,1,0,0
30,3,1,0
31,2,1,0
39,1,1,0
40,1,1,0
31,0,0,0
33,2,0,0
50,2,2,0
50,0,3,0
38,0,3,0
45,1,1,1
34,0,0,0
30,7,1,2
43,0,5,1
30,1,1,1
27,0,0,0
35,1,2,0
19,2,7,2
54,0,1,1
50,0,1,1
38,0,2,0
33,0,0,0
47,1,0,1
35,3,1,0
50,0,1,0
32,2,4,2
42,1,5,1
39,2,3,0
26,0,1,0
40,1,3,1
36,2,3,0
29,0,0,0
43,1,2,0
45,2,2,1
40,2,2,0
45,0,0,1
28,0,1,0
25,10,1,1
45,7,1,2
49,0,1,0
36,0,4,2
35,1,2,1
31,0,2,1
49,2,0,0
48,2,1,1
32,0,0,1
38,1,0,0
35,0,1,1
33,1,4,0
45,1,4,0
36,0,5,1
35,1,1,0
35,1,0,0
25,0,8,1
41,1,2,0
17,1,4,4
29,1,2,0
39,1,3,0
52,1,2,0
39,0,0,2
34,0,1,1
28,3,1,0
34,1,1,0
35,0,0,0
38,1,1,0
28,0,1,0
29,1,0,0
50,2,1,0
42,3,1,0
30,0,8,1
40,0,1,0
30,0,2,2
43,1,0,0
32,0,3,0
37,3,2,1
31,3,9,2
35,0,0,0
39,1,1,0
38,3,4,3
36,2,0,1
40,2,2,0
31,0,0,1
47,0,2,0
34,0,2,0
40,1,0,0
39,2,2,0
39,0,7,0
42,0,3,0
38,2,0,2
34,0,1,0
42,2,0,2
29,7,1,1
42,1,2,0
30,1,3,1
37,0,3,0
39,1,1,1
39,2,1,1
42,0,0,0
29,0,3,0
42,0,2,1
42,0,2,0
41,2,0,0
30,1,1,1
33,3,2,2
41,0,2,0
48,0,1,0
38,1,1,0
35,0,6,0
40,4,0,0
47,1,2,0
41,0,1,0
32,1,3,1
33,1,2,0
35,5,1,2
41,0,1,1
44,1,1,0
38,0,2,2
33,1,1,0
27,1,4,2
33,1,0,0
37,5,0,1
31,0,2,2
35,1,0,0
31,0,1,1
32,3,1,0
35,1,3,0
34,1,3,0
43,1,2,1
32,0,0,0
33,1,2,0
36,1,1,0
32,2,0,0
50,3,0,1
31,0,0,0
29,1,3,1
34,1,2,0
28,0,5,1
48,1,1,1
44,0,2,0
42,0,0,0
44,0,0,0
32,0,2,0
27,1,1,2
49,2,1,2
38,2,0,1
35,0,3,1
37,2,1,1
31,1,2,1
45,0,0,0
32,2,5,3
36,1,0,1
43,0,0,0
38,0,2,0
36,0,1,0
27,2,0,0
34,3,4,1
47,1,3,2
22,3,4,4
49,0,2,0
29,3,6,2
43,2,0,0
25,5,4,5
41,0,14,1
40,2,2,1
46,1,3,0
51,2,1,0
44,1,1,2
44,0,2,2
45,1,2,0
47,1,1,1
49,0,1,2
35,1,1,0
39,1,2,3
33,2,2,0
33,7,1,0
38,0,3,0
40,0,0,1
35,1,1,0
40,1,2,0
38,1,2,0
26,0,1,1
40,1,0,0
40,2,1,1
45,1,1,0
32,1,1,0
41,2,1,0
35,1,1,0
40,2,1,0
39,0,1,0
39,1,0,1
37,3,2,2
37,0,1,0
44,0,1,0
23,0,0,0
28,0,0,0
33,2,0,0
34,1,1,0
40,1,1,0
37,2,1,1
33,1,2,0
28,1,1,1
39,4,6,1
54,1,4,1
39,0,1,3
43,1,1,0
41,2,3,1
33,2,0,0
38,1,1,2
32,2,1,0
30,1,2,0
37,2,1,0
33,2,3,0
31,0,2,2
36,0,2,1
31,0,2,1
32,1,0,0
37,2,0,2
36,0,2,0
28,0,1,1
29,0,8,4
27,0,3,3
43,2,2,2
43,1,1,1
29,1,0,0
38,1,0,0
49,2,1,0
22,3,6,1
38,2,0,2
41,2,1,0
30,0,1,0
32,1,2,1
35,0,2,1
49,3,0,0
32,0,0,0
33,1,1,1
36,5,5,7
40,1,3,1
35,2,0,0
34,0,1,1
36,0,3,6
41,0,1,0
38,2,4,2
38,2,1,0
44,0,2,0
31,12,2,0
37,1,2,0
28,4,1,0
41,1,1,2
36,1,1,0
34,0,8,0
31,1,4,5
31,0,19,0
29,2,0,1
41,0,3,1
38,0,2,0
36,1,0,0
34,4,3,1
29,2,1,4
32,0,5,0
43,1,1,1
44,1,1,1
37,3,2,0
40,4,0,2
30,1,0,0
37,1,1,0
34,4,0,0
33,0,4,1
31,1,6,2
40,0,0,1
34,2,2,0
24,0,0,1
22,8,3,1
40,1,2,0
33,0,12,0
58,1,3,1
34,1,1,1
37,2,4,0
37,1,0,2
30,1,1,0
29,2,0,0
30,2,2,1
36,2,1,1
37,3,4,1
42,2,1,0
37,4,0,1
36,1,0,1
31,5,6,3
51,1,0,0
27,2,4,0
38,0,1,1
48,1,0,0
28,2,1,1
29,0,1,0
36,0,4,0
42,2,0,0
22,0,11,0
31,0,2,1
34,2,0,1
46,2,1,0
39,2,3,2
41,3,1,1
37,1,1,2
33,1,4,0
33,0,1,2
36,1,1,0
33,0,3,0
33,1,0,2
46,0,1,1
33,5,4,4
40,0,1,0
34,1,0,0
32,2,1,2
38,7,4,1
37,0,2,0
33,0,5,2
46,1,1,1
45,1,0,1
40,0,1,0
40,2,2,0
34,2,3,0
34,2,1,0
34,1,1,0
43,1,4,0
20,0,8,5
40,1,1,0
33,0,6,0
35,1,1,0
40,3,2,0
34,1,1,1
46,1,1,2
42,2,1,2
39,1,0,0
35,1,6,1
33,0,7,0
34,1,2,1
41,1,1,1
29,0,1,0
34,2,1,0
39,1,1,1
37,0,1,0
44,0,1,0
31,0,2,0
43,0,2,1
30,0,1,3
37,1,2,1
32,4,8,5
35,2,3,1
33,1,1,0
40,1,1,0
38,0,1,0
26,6,0,0
30,0,2,0
38,0,1,0
31,3,3,7
43,0,2,1
33,0,2,0
29,2,5,1
35,2,1,0
38,1,2,1
33,1,1,0
34,1,1,0
36,0,1,2
36,0,1,0
31,8,0,2
35,0,0,0
44,0,1,0
33,5,0,0
35,0,2,0
36,4,3,0
35,2,1,0
28,1,3,0
34,0,1,0
42,1,0,0
43,0,0,0
29,3,4,3
40,0,1,2
32,2,1,0
40,2,2,1
42,1,2,0
40,3,0,2
31,4,1,2
35,2,5,3
36,1,1,0
37,1,0,1
41,1,1,0
36,1,1,1
32,0,0,0
32,0,0,0
34,1,0,1
44,1,1,0
36,3,1,0
37,1,4,1
27,5,0,1
36,1,3,0
33,0,2,0
40,0,1,0
34,1,2,0
40,3,1,1
40,2,1,0
24,1,1,0
34,0,1,2
44,2,2,0
45,0,4,1
37,0,2,0
37,2,0,0
44,0,2,0
48,0,1,0
41,0,1,0
38,1,1,1
43,1,1,0
29,1,3,3
37,4,1,0
37,3,3,1
36,0,1,0
24,2,3,4
32,1,0,0
40,3,0,1
29,2,1,1
35,0,2,3
36,6,0,0
35,4,2,0
38,0,1,0
38,2,2,0
29,1,2,0
26,3,4,5
35,1,1,0
41,0,2,2
48,0,2,0
38,0,0,0
29,0,1,0
34,0,1,0
53,0,2,1
42,3,1,0
41,1,0,1
33,1,0,0
40,0,1,1
34,1,1,1
33,0,2,1
34,1,6,3
44,0,1,0
31,1,8,7
35,5,3,0
36,0,0,0
40,2,0,1
36,3,7,4
32,1,6,1
38,0,1,0
43,2,0,0
26,2,10,5
30,0,1,0
35,0,1,0
32,1,2,1
32,1,0,0
37,5,5,1
35,2,1,1
35,2,0,0
40,1,0,1
35,2,2,0
38,0,3,2
27,1,5,0
38,1,1,0
30,4,0,2
39,0,2,0
37,5,3,0
27,2,0,1
37,1,3,3
44,2,1,1
43,0,3,1
38,0,0,0
28,0,0,0
39,1,0,0
28,0,2,0
21,1,4,0
38,2,0,0
36,0,1,2
34,3,3,1
40,0,1,1
42,0,0,0
36,2,0,1
44,2,0,1
28,1,0,0
38,0,1,0
30,0,0,0
37,0,1,0
27,2,1,0
35,0,1,0
36,0,7,1
40,0,2,1
35,1,1,0
42,3,0,1
38,2,1,0
42,0,5,1
33,4,1,2
35,0,0,0
30,1,1,0
31,2,0,0
40,6,2,2
32,3,1,0
30,5,1,2
45,0,1,1
44,2,1,0
30,1,1,0
36,2,1,0
34,0,2,1
34,4,0,2
33,0,1,0
29,0,1,1
21,1,7,5
35,3,5,2
45,3,3,0
33,3,1,0
35,0,0,0
34,4,2,0
53,1,1,2
43,1,3,1
43,0,2,1
43,0,1,0
39,1,1,0
39,1,0,0
43,0,0,0
45,1,0,1
33,1,2,0
36,1,0,0
36,0,0,0
33,1,2,0
40,1,1,1
37,4,0,2
43,0,0,0
28,1,7,2
26,4,4,3
42,1,1,0
28,0,2,0
37,8,1,0
42,0,0,0
27,0,7,5
45,1,0,0
35,0,1,0
24,8,1,2
35,3,3,1
37,0,1,1
53,1,1,0
36,0,0,1
33,1,0,0
37,2,2,0
38,0,1,0
40,0,0,1
35,2,1,0
22,2,0,0
45,0,1,0
44,1,1,0
34,0,2,0
46,1,1,1
39,0,0,1
42,1,1,0
35,1,0,0
40,0,1,0
37,1,1,0
27,6,3,2
32,8,1,1
47,0,1,1
37,3,2,1
40,2,3,0
32,1,3,0
35,0,4,4
30,3,0,2
46,3,2,1
26,1,4,0
30,1,2,0
34,1,1,1
36,0,2,1
39,3,3,0
32,0,1,0
48,0,5,1
34,1,1,0
49,1,1,0
41,2,0,0
39,1,3,0
29,1,2,0
39,2,2,1
38,0,2,0
34,0,1,0
40,2,0,0
43,2,1,0
27,1,1,0
29,2,0,1
38,1,0,0
29,0,3,0
43,0,3,1
39,1,1,0
39,2,2,0
35,1,1,0
42,1,3,0
32,0,2,0
25,2,5,6
27,7,3,2
26,2,0,1
33,1,2,1
44,0,5,1
38,1,1,1
43,0,1,1
31,0,0,0
39,1,0,0
48,0,1,0
32,0,2,0
45,0,1,0
36,1,1,0
35,0,1,1
31,0,2,1
45,0,9,1
34,0,0,1
40,1,1,0
39,0,1,0
30,3,2,1
38,0,0,0
37,1,2,0
23,0,1,1
35,1,1,2
37,1,1,0
44,0,3,1
38,0,0,3
36,1,3,2
29,0,2,0
45,0,0,0
39,0,1,0
34,0,4,0
33,0,3,0
43,7,2,2
47,0,2,0
34,2,2,1
44,0,2,0
49,1,0,1
33,1,0,0
37,0,1,1
44,0,0,0
35,1,0,0
40,3,4,0
44,4,3,2
46,1,2,0
37,2,1,0
43,2,3,0
22,3,6,1
30,1,1,0
49,1,1,0
39,3,2,0
38,0,0,2
42,2,1,0
36,2,9,1
31,1,1,0
46,1,1,0
36,2,4,2
42,1,0,0
45,0,1,1
47,1,3,0
23,1,1,2
31,9,0,0
50,0,1,2
28,0,3,1
25,3,2,2
42,2,1,0
27,1,1,0
40,6,1,2
56,3,1,0
45,2,1,0
31,1,0,0
32,2,0,2
42,0,0,1
50,1,0,0
26,1,1,1
41,2,1,0
35,1,0,0
30,0,2,0
23,0,3,0
40,0,0,1
41,0,3,1
34,0,0,0
38,1,1,0
47,1,0,1
34,2,2,0
32,1,2,1
36,2,1,1
36,1,1,0
38,1,2,0
43,3,1,0
27,1,0,0
39,2,1,0
29,2,0,0
38,0,1,1
39,1,3,0
26,11,0,0
36,0,1,0
28,2,0,0
43,1,0,0
29,0,13,3
36,0,1,1
35,1,2,0
49,1,2,0
27,3,4,3
41,0,3,1
42,3,1,0
44,2,1,0
35,3,1,0
36,1,0,2
33,1,0,0
42,0,0,0
40,0,1,0
23,0,0,1
48,0,0,0
25,3,0,0
36,2,3,0
39,0,0,0
32,2,4,2
37,1,2,2
37,1,0,1
39,1,1,0
33,0,1,0
36,1,1,1
32,0,2,0
46,1,2,0
32,0,0,1
40,1,2,0
31,7,3,3
36,0,2,1
38,2,2,4
31,0,1,3
41,0,1,0
41,2,1,1
33,0,1,0
45,0,1,2
36,1,0,0
27,0,1,0
37,13,1,0
38,1,1,1
45,0,0,2
30,2,4,6
40,1,0,0
44,1,0,0
38,1,0,0
49,0,0,1
36,6,2,2
36,1,0,0
40,0,1,0
35,0,2,1
37,0,2,0
42,2,0,1
28,1,2,1
32,2,0,1
27,0,4,0
35,0,2,0
43,0,0,0
29,0,18,0
36,0,3,0
36,2,2,0
34,1,3,0
36,0,1,0
32,2,1,1
36,6,0,0
47,1,2,0
29,0,1,1
30,2,1,0
44,0,1,1
38,2,1,0
44,0,0,0
47,1,2,0
41,1,0,0
50,1,1,1
37,1,3,2
37,1,3,0
39,0,4,0
32,5,1,0
34,4,3,3
41,1,1,0
46,0,2,0
43,1,1,0
32,1,3,0
33,10,0,1
47,0,2,1
24,0,2,0
28,1,1,1
36,1,1,2
42,0,1,0
37,1,2,0
39,0,1,0
49,1,0,1
38,0,0,1
37,0,0,1
41,0,0,0
45,1,2,0
36,0,1,0
40,1,3,0
40,1,1,3
35,0,2,0
32,0,1,2
30,1,1,1
42,2,2,0
44,0,0,0
30,0,1,1
31,1,2,1
27,4,1,1
26,0,2,0
40,0,1,0
34,1,1,1
33,0,3,1
33,1,0,0
30,2,2,1
45,2,2,0
35,0,1,0
33,2,2,0
40,1,3,2
32,0,5,1
38,0,2,1
38,0,0,1
29,1,2,2
32,2,1,0
38,0,2,0
35,0,2,2
39,0,1,0
29,1,1,0
35,0,7,1
27,7,6,2
35,0,1,1
38,3,5,0
44,1,1,0
27,3,2,1
27,1,0,0
31,5,9,3
42,1,1,0
48,1,2,1
38,0,0,0
33,1,1,0
41,0,3,0
41,3,0,1
42,0,1,0
31,2,1,0
30,0,4,0
25,1,0,1
44,0,2,4
45,0,1,1
39,1,3,1
36,6,0,2
30,7,11,3
35,0,1,1
36,0,1,0
28,1,0,0
28,0,2,0
39,0,1,1
22,4,8,2
35,0,0,0
45,3,0,1
37,2,5,2
40,2,1,1
31,0,1,0
38,1,7,2
40,1,2,0
31,0,0,0
34,0,0,1
41,2,2,0
25,1,2,0
33,0,2,0
32,2,0,0
45,0,1,0
38,1,3,0
35,1,1,1
33,2,2,1
21,1,0,1
27,5,0,0
39,0,1,1
32,2,4,2
41,0,0,0
36,2,0,1
32,0,2,0
44,0,2,0
35,0,2,2
42,3,1,0
36,1,1,0
25,2,0,0
36,0,3,1
41,0,2,2
48,3,6,1
32,3,4,0
39,1,0,1
34,0,2,0
31,0,6,0
40,1,0,1
42,1,1,0
38,1,2,1
35,1,3,0
32,1,4,1
32,3,3,6
37,1,2,0
38,1,2,2
39,1,0,1
31,0,3,1
35,1,3,1
37,1,0,2
42,0,1,0
33,0,2,3
29,6,0,1
25,1,1,0
38,1,1,0
31,2,1,0
47,1,0,0
40,2,0,0
39,0,2,1
39,0,1,2
24,0,0,0
38,0,2,4
42,1,0,0
31,0,7,1
40,1,2,0
35,0,2,2
38,2,2,1
44,1,1,4
31,0,2,1
32,1,0,1
36,0,1,0
37,1,1,0
38,1,0,1
40,2,1,4
38,0,0,2
44,2,2,1
51,1,1,0
42,0,2,1
29,3,1,3
37,2,2,0
39,0,0,0
33,1,3,1
28,5,4,2
32,2,2,0
33,0,2,0
31,8,0,4
22,2,0,1
24,1,2,1
42,0,1,0
43,2,0,0
26,0,0,0
41,0,4,0
33,0,2,0
28,1,2,1
36,1,1,0
20,1,4,0
39,2,0,1
46,1,2,0
35,0,2,0
32,1,1,1
45,2,0,1
41,0,0,3
35,0,0,0
31,0,3,0
36,0,0,0
32,1,1,2
42,1,1,0
26,4,3,2
37,0,1,1
34,0,0,0
40,1,3,0
44,0,1,1
37,1,2,1
37,0,2,1
40,3,0,0
29,0,0,0
39,2,1,0
35,2,0,0
29,0,1,1
37,1,2,1
42,1,0,1
24,0,2,0
46,1,2,3
37,2,10,3
40,2,0,0
27,5,0,0
27,0,1,0
43,4,1,0
48,2,0,1
26,3,0,1
37,1,3,2
38,1,3,0
39,0,4,1
32,7,0,2
29,2,2,0
36,0,0,1
36,3,2,0
26,0,0,0
29,9,1,1
42,2,0,0
23,4,3,1
42,1,0,0
31,0,1,0
31,3,7,3
24,9,7,7
35,0,3,0
45,0,0,1
40,0,0,0
44,2,1,0
41,0,1,0
40,0,0,0
36,1,1,1
29,0,1,0
44,1,3,1
26,2,4,0
25,1,0,2
29,0,0,0
36,2,0,0
33,0,2,0
39,1,1,0
43,2,0,0
32,3,2,2
41,0,8,0
38,2,8,2
35,0,0,1
33,1,2,0
33,0,0,0
30,4,8,4
30,1,1,0
37,1,0,0
30,1,2,1
42,3,2,0
34,2,3,0
34,1,0,1
35,3,0,2
34,1,0,1
42,0,0,0
48,1,2,0
39,1,2,2
43,1,1,1
40,7,0,0
22,2,10,2
38,0,2,0
44,1,2,0
41,1,2,0
50,0,0,0
46,0,4,0
41,0,2,0
35,3,1,2
24,2,7,1
31,2,5,0
29,1,0,0
21,0,2,1
23,0,10,1
37,3,1,1
36,2,0,0
34,0,1,0
30,1,1,0
35,0,0,0
42,0,0,1
41,2,0,0
40,1,0,1
27,0,0,0
43,2,0,1
27,1,1,0
41,0,1,0
40,1,4,1
41,1,1,1
33,0,2,1
37,1,2,0
33,1,0,0
35,0,1,1
35,0,0,0
41,0,0,1
35,0,0,0
48,3,0,0
30,4,4,6
27,1,2,0
33,4,1,1
40,0,3,0
46,0,0,0
36,1,1,0
37,0,0,1
43,3,2,0
28,0,0,1
29,1,2,0
33,1,2,1
32,2,0,0
38,0,3,0
42,1,2,1
29,1,0,1
37,0,0,0
32,7,3,0
36,5,4,4
29,1,1,1
18,3,7,6
32,1,1,0
34,0,0,1
34,4,5,0
39,0,2,0
31,1,1,0
32,2,1,0
48,1,1,0
40,0,0,0
38,0,0,1
45,1,0,0
30,0,1,0
35,3,2,0
39,1,2,1
32,3,2,0
32,1,1,1
40,5,2,1
43,1,1,0
35,2,2,0
28,1,1,1
45,1,2,0
36,0,1,0
36,0,1,1
39,1,1,0
23,6,0,0
41,0,1,1
37,2,1,3
30,1,2,0
28,3,2,0
41,1,0,0
37,0,0,1
38,0,2,2
37,1,8,2
41,1,1,0
37,0,1,0
45,0,1,0
37,0,1,1
39,1,3,2
22,1,2,0
39,1,2,2
34,2,1,0
43,1,2,1
40,0,3,1
36,0,1,1
42,1,1,0
37,2,0,0
46,1,1,0
22,0,3,0
51,1,2,1
36,0,0,0
37,0,0,0
32,2,2,1
37,2,2,0
27,3,4,0
35,1,6,2
40,2,2,1
35,6,0,0
41,2,0,0
38,0,1,2
34,0,1,0
47,1,0,0
38,2,2,2
32,2,1,0
38,0,2,0
40,1,1,0
41,0,0,0
28,1,3,0
36,1,2,0
44,0,2,0
33,0,2,0
37,2,1,0
31,1,1,2
27,1,1,0
33,0,0,1
45,0,0,3
33,0,1,0
50,1,1,0
39,1,1,0
44,2,0,1
26,2,2,0
39,1,2,0
23,2,6,2
28,1,0,0
33,3,0,1
52,0,0,0
32,1,1,1
39,7,0,1
37,1,1,0
36,0,2,0
45,1,2,1
29,1,2,0
47,1,1,0
28,5,5,2
48,0,3,0
37,2,1,0
42,0,0,0
36,1,3,0
30,5,6,5
38,4,5,1
44,1,2,1
18,5,6,6
35,1,0,0
36,1,3,0
27,5,6,3
35,1,2,0
28,1,1,0
45,2,0,0
42,3,1,0
27,2,0,3
34,3,3,1
43,0,1,1
38,0,3,1
40,2,2,0
34,0,4,3
31,3,0,0
40,0,1,0
33,3,1,0
33,2,1,0
44,1,0,0
48,1,0,2
23,1,5,5
31,0,3,0
40,0,1,1
32,1,2,0
36,1,0,1
47,1,1,1
35,1,1,0
24,0,20,0
35,0,0,1
33,0,1,0
35,0,0,0
33,1,1,0
35,0,2,1
33,1,10,0
27,0,2,2
29,0,1,1
44,2,0,2
36,0,0,0
33,2,1,0
27,2,2,0
37,1,1,0
33,2,1,2
16,3,2,6
32,1,1,0
28,0,1,0
27,2,2,1
44,1,0,1
33,1,2,0
45,1,1,0
34,0,1,0
36,2,1,1
50,1,1,0
37,0,1,0
49,1,0,0
35,2,1,0
28,1,5,0
44,0,1,0
44,0,3,0
32,0,3,2
35,0,3,1
38,0,0,0
31,0,1,0
31,0,1,0
39,2,3,1
32,1,2,0
34,0,1,1
39,1,1,0
37,0,1,0
41,0,3,0
25,1,10,7
39,0,3,2
34,1,1,0
42,1,1,0
34,7,1,1
42,1,0,0
40,1,0,1
29,1,1,0
48,1,3,0
45,0,0,1
40,0,2,0
19,0,0,0
33,0,0,1
37,2,0,0
30,5,3,5
32,0,2,1
35,1,2,0
40,2,0,0
32,2,0,1
33,1,0,0
36,0,1,0
35,0,1,0
32,0,0,0
37,0,0,0
51,0,2,0
30,0,0,0
43,9,2,1
34,3,3,4
35,6,2,2
29,6,0,4
37,2,1,0
45,0,0,0
28,6,4,2
26,0,3,1
42,1,1,0
36,0,1,1
39,0,1,0
28,2,1,0
37,0,4,1
32,1,2,1
27,5,4,5
47,0,1,0
32,9,1,1
31,0,2,1
28,1,0,1
27,1,1,0
48,1,0,3
43,0,0,1
35,2,1,0
51,1,1,0
54,3,1,0
47,1,3,0
32,0,2,1
28,0,1,0
39,0,1,0
37,7,3,1
40,2,3,2
30,1,3,0
21,2,0,1
31,0,0,0
35,0,3,0
37,2,1,1
31,1,0,1
35,0,1,4
44,0,0,1
35,2,1,1
37,0,2,0
48,1,0,0
48,0,2,0
38,0,1,1
40,0,0,2
52,0,0,0
34,2,0,1
35,1,1,2
30,0,1,1
38,0,3,1
31,0,5,0
48,0,2,0
39,1,2,0
30,10,0,2
34,0,0,1
33,1,0,0
44,0,1,1
35,1,1,1
51,0,1,0
42,2,0,0
38,2,2,1
39,0,3,0
42,0,2,0
34,0,1,0
44,3,2,0
21,4,2,1
34,0,0,0
39,0,0,0
48,0,1,1
46,1,2,0
40,0,2,1
40,1,2,0
41,0,1,1
38,7,2,1
32,0,1,1
39,1,5,0
36,4,4,0
41,2,1,1
31,2,1,1
35,0,0,0
29,1,2,2
37,2,1,0
41,0,0,0
38,1,1,0
36,0,2,0
38,3,0,1
39,1,5,0
39,1,0,0
35,0,1,0
37,1,2,1
44,1,2,0
37,1,0,1
31,5,5,1
33,1,0,1
33,0,2,0
39,0,0,0
37,4,3,4
33,3,2,2
50,0,1,0
41,1,4,0
39,0,0,1
32,10,0,0
24,0,1,1
35,0,7,0
35,0,1,0
46,1,4,1
21,5,3,6
27,1,2,0
43,0,1,0
42,1,2,0
33,1,3,0
38,1,1,0
30,1,1,0
40,0,0,1
37,0,0,0
39,1,0,1
41,3,2,0
38,0,5,3
30,2,6,2
38,1,0,1
38,0,4,1
31,1,2,0
30,1,0,0
26,1,2,0
35,1,2,1
45,1,3,0
38,1,0,0
45,0,1,1
47,2,0,0
34,3,0,1
44,2,3,0
33,2,5,0
31,1,0,2
41,0,0,0
35,0,1,1
33,0,3,1
40,2,2,1
35,1,5,1
38,2,2,1
42,1,1,2
39,0,0,0
43,0,1,0
37,1,5,3
47,2,3,0
45,1,0,0
40,1,1,0
39,2,4,0
41,2,0,1
41,2,0,0
35,0,0,1
37,2,2,3
34,3,0,0
48,2,1,0
34,0,4,0
31,0,1,0
39,0,1,2
32,1,0,0
31,1,0,0
40,0,0,1
40,0,0,0
34,0,0,1
45,2,0,0
42,1,2,0
34,2,1,0
32,2,0,2
40,2,1,1
30,2,0,1
38,1,0,0
25,1,6,1
20,4,11,5
27,0,0,0
44,1,1,1
45,2,2,0
36,3,4,2
44,0,0,0
30,0,0,1
26,0,1,0
37,1,2,1
39,0,0,1
39,0,0,0
39,3,2,0
28,4,2,1
35,1,5,2
31,1,3,0
42,0,1,0
32,3,0,1
55,0,0,0
40,0,1,1
42,2,0,1
37,0,2,0
44,0,0,0
41,2,0,0
36,1,4,0
34,0,2,0
34,0,0,0
47,0,2,2
35,3,5,1
36,0,1,0
32,1,1,0
28,2,3,2
36,0,0,3
38,0,2,1
36,5,1,0
46,1,1,0
40,0,1,1
39,0,0,0
27,2,3,1
30,0,3,0
36,1,2,1
37,3,2,0
30,0,4,0
33,2,0,1
44,1,2,0
31,6,7,3
34,2,0,1
34,4,4,2
32,0,6,0
34,6,3,3
31,0,3,0
41,0,1,0
40,1,0,0
37,0,7,1
30,0,1,0
31,0,3,1
51,1,0,1
28,1,3,0
29,1,3,1
42,0,1,1
40,0,1,0
40,1,1,0
39,1,3,0
38,0,2,0
30,2,3,1
33,2,2,0
47,0,3,0
34,1,2,1
34,3,2,0
26,6,1,2
39,2,1,0
35,0,3,0
39,2,0,0
40,0,1,0
39,0,4,0
47,0,0,1
41,0,0,2
30,0,0,0
40,3,8,0
25,1,0,0
34,1,5,1
37,1,2,2
37,3,1,1
44,8,0,0
31,1,0,0
37,0,2,1
25,0,4,0
28,3,4,3
45,1,0,0
36,2,0,0
41,2,3,1
35,3,5,3
22,4,3,4
21,4,1,0
33,0,2,1
48,1,1,0
32,0,1,0
53,2,0,0
29,2,5,10
30,2,3,1
31,0,3,0
43,2,4,0
27,1,5,5
26,2,5,3
41,2,0,2
39,1,1,2
39,1,2,1
36,0,5,1
46,1,1,1
28,1,2,5
33,2,3,4
38,3,1,0
34,1,0,1
35,0,3,0
35,3,2,0
41,1,3,0
37,0,4,0
42,0,1,0
21,9,0,0
30,1,4,0
42,0,2,1
37,1,2,1
29,0,3,0
38,0,2,0
34,0,1,0
36,0,0,1
35,0,0,0
44,2,1,0
43,1,2,0
41,1,1,2
35,1,1,0
29,1,4,2
47,2,2,1
43,0,6,1
38,0,1,1
46,0,1,0
35,0,1,0
33,0,5,0
29,1,1,1
31,0,6,3
35,1,0,0
26,0,0,1
32,1,0,1
33,0,1,0
47,0,3,0
34,3,2,1
43,1,0,1
29,1,3,3
33,1,2,0
41,1,2,0
35,0,4,0
35,2,1,1
35,1,9,1
31,1,2,1
48,0,0,1
38,1,2,0
35,1,1,1
44,0,2,0
48,0,2,0
35,0,11,0
31,0,2,1
40,1,1,0
30,0,1,0
40,0,1,0
37,1,8,0
34,0,1,0
38,0,0,0
36,1,2,0
58,0,1,1
42,1,1,0
43,1,2,0
49,2,0,1
32,2,2,1
29,1,5,2
34,0,1,0
44,0,2,2
36,0,1,0
28,0,0,0
42,1,0,1
42,1,0,0
42,0,1,0
42,1,2,0
25,4,3,1
42,1,0,2
30,2,4,0
33,0,9,2
34,0,6,0
31,2,6,4
41,3,2,0
29,3,4,2
42,0,3,1
33,0,1,1
40,1,3,0
40,1,0,0
34,1,0,0
41,1,2,1
42,2,0,0
41,2,2,0
37,1,0,0
32,0,14,1
30,1,14,2
34,2,0,1
25,0,3,1
41,0,2,1
48,0,0,1
40,0,1,0
32,0,4,1
36,3,3,2
31,1,1,2
43,1,1,0
44,1,2,1
36,1,3,4
31,5,0,1
33,0,1,2
33,2,1,0
27,1,4,1
44,1,1,0
44,1,1,1
43,1,0,0
35,1,2,2
41,2,2,0
44,0,1,1
35,1,0,0
33,1,0,0
39,3,2,7
32,1,2,1
22,1,9,1
37,2,0,0
36,5,7,1
40,0,5,1
41,0,3,0
30,1,2,0
31,1,4,1
41,0,4,0
31,1,2,0
41,0,0,1
38,1,0,0
32,0,3,0
28,6,0,0
37,1,1,2
28,2,1,3
42,1,1,0
37,3,1,0
45,1,1,1
39,6,1,1
41,1,1,1
25,1,1,0
39,2,2,0
35,1,1,1
32,1,1,1
31,7,0,0
40,2,1,0
32,1,0,0
36,1,0,0
36,1,2,0
28,0,1,0
36,2,8,2
29,0,2,0
32,1,1,0
37,0,1,0
35,0,2,0
46,0,1,0
36,0,1,0
28,3,1,0
31,0,1,0
43,3,4,3
32,2,1,1
37,2,3,1
30,0,0,2
36,1,1,0
34,0,1,0
45,2,1,0
18,3,2,2
39,0,2,0
35,3,2,0
42,0,0,2
38,0,0,1
50,3,2,0
38,1,2,0
40,2,1,1
32,0,2,1
41,0,1,0
48,1,1,0
41,1,3,0
27,2,4,4
52,1,1,1
39,1,2,0
23,3,6,2
30,3,0,0
37,3,1,0
42,1,3,0
40,1,1,2
26,0,0,1
36,0,1,0
28,4,3,3
42,1,2,1
40,0,2,0
38,0,2,1
36,3,2,0
28,2,1,1
27,2,2,1
28,1,2,0
29,0,0,1
35,2,0,0
39,2,0,0
44,0,1,1
34,5,0,1
41,0,3,2
28,0,6,0
27,1,1,0
34,0,1,0
43,1,3,0
29,0,1,1
37,0,6,0
46,2,0,1
32,1,5,1
42,0,0,0
40,2,1,1
36,1,3,0
32,0,2,0
54,2,0,0
34,2,1,0
32,1,2,0
41,0,3,0
34,1,1,0
33,0,3,1
45,1,0,1
27,0,2,0
42,3,3,0
37,1,1,0
37,0,2,0
52,0,4,0
36,1,7,0
44,0,2,0
49,0,0,1
32,0,2,0
40,1,1,1
24,1,0,2
36,0,3,1
35,0,0,0
29,2,2,2
50,0,2,1
31,1,1,0
36,2,2,1
44,1,2,0
37,1,1,1
36,1,0,0
45,0,2,1
40,1,1,0
40,0,1,1
50,1,1,0
32,1,3,0
45,2,1,1
25,2,2,1
29,0,2,0
41,2,0,0
45,0,2,1
41,1,0,0
31,6,0,1
36,1,0,1
40,1,3,1
36,4,0,1
36,1,0,0
23,1,7,5
35,2,0,0
37,0,0,0
38,1,1,0
42,0,4,0
37,0,2,1
32,0,1,0
51,0,1,0
38,0,9,0
40,0,0,0
30,0,0,0
36,0,3,2
40,1,0,0
31,2,2,2
38,0,3,1
43,0,2,0
28,1,3,0
26,1,1,0
28,0,6,4
33,1,2,1
40,1,2,0
52,2,0,0
54,1,3,0
40,1,1,2
36,1,1,0
30,2,3,4
31,0,3,0
48,1,2,1
41,0,2,1
37,0,2,2
27,3,3,9
28,1,2,0
24,1,3,1
37,0,1,0
40,0,0,1
24,4,1,3
40,1,1,0
24,0,5,0
47,0,0,1
42,2,1,1
33,0,3,2
39,0,0,3
39,2,2,0
26,1,0,0
30,0,13,0
32,0,3,0
36,0,1,0
36,3,0,1
33,0,0,0
46,3,0,1
28,2,0,2
28,0,0,0
32,0,3,0
32,1,1,1
34,1,0,0
42,1,0,0
38,1,2,1
48,0,0,0
34,0,0,1
36,1,0,0
43,0,1,1
34,0,0,0
35,2,1,1
27,1,6,0
40,0,1,0
25,2,1,0
30,0,1,0
33,0,0,0
36,2,2,0
42,3,3,3
33,2,1,1
31,0,1,2
41,0,1,0
45,0,1,0
22,5,4,1
39,0,0,2
37,0,1,1
25,6,1,1
33,3,4,1
37,0,1,1
28,0,0,0
46,1,0,0
36,5,2,1
35,1,2,2
39,1,0,0
43,2,0,3
43,0,0,0
36,4,2,1
39,1,1,0
38,0,3,0
33,3,0,0
30,2,0,1
36,4,0,0
30,0,0,0
42,0,0,0
40,2,1,1
39,0,0,0
33,2,0,0
34,2,0,1
34,1,2,1
25,0,3,0
52,0,1,1
31,1,0,1
30,0,1,1
35,3,8,1
35,1,1,0
31,0,2,0
33,2,1,0
41,0,0,1
29,1,0,1
32,2,3,1
27,0,1,1
33,2,0,1
38,0,3,0
38,0,1,0
26,0,9,1
45,0,4,1
39,1,0,1
30,0,2,2
30,3,1,0
32,2,1,1
30,1,1,0
39,0,0,0
26,2,3,5
32,0,15,0
45,0,2,0
41,1,2,0
36,1,1,0
28,3,2,2
34,1,2,0
42,1,2,0
42,1,1,0
36,0,0,0
40,0,1,0
33,1,0,1
33,3,2,0
30,2,5,7
44,3,1,0
42,0,1,0
47,0,0,0
32,2,3,1
25,3,0,0
41,0,2,0
41,4,0,0
45,1,2,0
48,3,0,0
39,4,1,0
42,6,1,1
45,0,1,0
37,0,2,0
50,2,1,0
47,2,1,2
41,0,0,1
28,5,3,0
29,1,3,1
33,0,3,0
35,2,1,2
31,0,5,0
26,2,1,0
42,1,2,0
47,1,2,0
31,5,11,4
43,1,1,2
34,0,2,0
48,1,1,0
38,1,6,0
35,1,0,0
40,1,0,0
33,14,0,0
29,0,1,0
37,0,0,0
40,1,2,0
27,0,0,0
36,0,0,2
37,0,0,0
49,0,3,0
37,3,2,5
42,0,0,0
43,1,1,2
48,1,2,0
31,1,2,0
29,0,0,0
44,2,1,0
36,2,0,0
30,2,4,1
45,0,1,0
35,0,4,3
31,1,0,0
36,1,0,0
37,0,2,0
38,2,7,1
45,2,1,0
41,1,1,0
32,0,1,0
27,1,1,0
33,3,0,0
35,0,2,3
32,3,0,0
39,0,1,0
44,0,1,0
36,1,1,3
36,0,1,2
35,0,1,0
37,1,2,1
34,0,0,0
33,0,0,0
27,0,1,0
43,2,0,1
31,1,1,1
37,0,0,0
31,10,0,1
39,1,0,1
39,1,1,3
35,3,6,0
28,1,1,0
42,1,1,0
45,1,1,0
32,1,0,2
33,0,0,1
38,0,4,0
40,0,2,0
27,1,0,0
26,5,4,3
55,1,3,0
41,0,0,0
30,1,2,0
40,0,1,0
24,3,1,2
37,1,0,0
31,1,2,1
30,1,3,1
34,0,2,0
36,0,2,1
34,2,0,0
38,2,1,0
43,1,0,0
50,0,1,0
39,8,3,0
47,1,0,0
49,0,1,0
40,2,0,0
44,0,2,0
45,3,1,0
39,0,0,1
40,0,12,2
43,2,1,1
34,0,1,0
48,3,0,0
34,1,3,0
38,1,1,0
35,1,1,0
28,0,0,0
26,0,8,2
39,0,2,0
42,0,3,0
45,0,2,1
39,0,0,0
43,0,2,0
33,0,6,1
38,1,1,1
27,3,1,5
33,1,0,0
36,0,2,1
37,0,0,0
41,0,2,2
51,0,1,1
31,5,2,5
39,2,4,0
41,1,2,1
45,1,0,0
37,1,1,0
42,1,1,0
45,3,3,1
42,3,0,0
37,2,4,6
38,4,0,0
31,3,0,1
34,1,2,0
18,0,8,1
35,2,3,0
40,0,3,0
36,1,5,0
21,0,1,0
49,2,2,1
48,2,1,1
36,1,1,0
38,0,2,0
47,2,4,1
22,3,7,5
17,0,16,1
38,2,1,1
31,2,0,1
33,0,4,0
42,0,2,0
44,0,1,0
40,1,0,0
34,11,2,1
44,0,0,0
30,0,3,0
31,1,0,1
35,1,1,0
37,2,2,0
39,0,1,0
36,0,1,1
24,4,4,3
46,1,0,0
33,2,3,0
33,0,0,2
43,1,0,0
43,1,1,0
24,3,3,3
42,0,2,1
41,3,2,2
44,1,0,0
32,1,1,1
35,0,0,1
33,1,1,0
30,2,1,0
34,1,3,1
36,1,1,0
35,2,2,0
49,3,1,0
28,1,5,2
28,1,1,1
32,0,7,1
26,2,1,0
32,2,6,1
35,3,1,0
34,2,3,1
30,5,1,2
36,0,0,0
35,2,7,2
34,1,2,1
18,1,5,2
36,0,4,1
43,0,3,2
37,0,2,1
43,0,3,0
41,3,1,1
40,0,0,0
39,1,2,0
48,1,0,0
43,8,0,2
29,1,0,0
35,1,4,1
27,1,5,5
42,1,2,0
41,2,2,0
33,3,0,0
36,5,2,3
37,2,1,1
39,1,1,0
38,1,2,0
39,1,0,0
34,1,1,0
33,0,1,2
26,4,7,6
37,0,2,0
36,6,1,2
49,0,2,0
43,1,0,0
30,2,3,2
35,3,1,1
34,2,3,1
36,1,0,0
33,0,0,0
35,5,8,6
25,1,3,1
37,1,2,1
47,1,2,0
33,1,1,1
47,1,0,1
39,0,3,0
37,1,1,0
42,0,1,1
42,2,1,0
24,0,15,0
36,1,2,1
36,0,6,0
47,1,2,0
34,0,0,1
39,1,0,1
39,1,4,0
40,1,2,0
36,3,2,0
40,1,0,1
52,0,1,0
28,2,1,1
25,0,1,3
36,6,0,1
49,2,1,0
34,2,0,0
43,2,3,0
43,0,1,0
35,4,1,0
37,2,0,0
36,0,0,0
38,1,0,0
35,1,4,0
46,1,0,0
32,2,11,5
44,3,1,1
45,1,1,0
36,1,0,1
44,0,1,1
22,0,0,0
35,0,2,0
21,0,12,0
48,0,0,0
44,1,0,0
44,1,0,0
39,1,0,0
42,0,1,0
24,3,6,2
32,0,1,0
40,0,2,0
34,0,0,1
36,0,0,0
39,0,0,0
36,0,2,1
27,1,1,0
40,1,1,0
34,2,0,0
44,1,1,0
31,0,0,1
42,0,3,0
36,2,1,0
40,1,0,0
23,5,4,6
33,0,8,0
43,1,2,0
38,2,3,0
47,1,0,1
30,4,7,3
30,3,1,2
32,1,1,0
36,0,2,5
37,1,2,0
34,0,6,2
33,1,4,0
31,0,2,0
42,1,2,0
41,1,0,0
41,2,1,1
39,1,0,0
49,2,3,0
38,0,1,0
28,1,0,0
32,6,4,1
39,1,1,0
30,6,1,0
36,1,2,0
45,0,1,1
42,1,1,0
25,2,0,1
44,0,1,1
43,1,3,0
28,2,1,1
31,3,4,3
36,0,0,0
33,3,1,0
41,2,0,0
37,3,2,0
33,2,1,0
31,1,2,1
43,0,1,0
57,0,1,0
40,1,0,1
31,2,0,0
36,1,1,0
38,2,0,1
26,4,11,3
41,2,1,2
33,0,1,0
29,0,2,0
42,0,1,0
34,2,2,0
35,0,2,0
47,1,2,0
43,0,1,0
49,0,4,0
36,0,1,1
30,3,2,2
43,1,0,1
42,0,1,0
33,2,0,0
34,1,2,0
38,2,3,1
39,1,0,0
48,1,1,1
44,0,0,0
25,0,0,0
31,1,0,0
49,0,4,0
38,2,1,0
36,1,0,0
28,4,0,2
49,2,0,0
39,0,1,1
31,0,2,0
39,1,1,0
29,2,0,1
41,2,2,0
35,0,1,0
40,1,0,1
44,0,0,2
33,4,0,0
30,2,1,1
35,0,1,1
33,0,0,1
29,3,8,5
32,0,10,2
43,0,0,0
39,0,2,1
38,1,1,0
28,3,4,3
36,0,5,1
39,1,2,0
23,0,8,0
47,2,0,1
42,0,1,1
29,1,2,1
53,1,2,0
58,1,0,0
50,1,7,1
37,1,2,0
28,3,6,3
38,4,2,2
34,1,0,0
46,2,0,2
46,0,0,0
42,1,1,0
28,3,8,2
38,0,3,1
31,5,5,2
35,2,0,0
35,3,0,0
36,0,1,0
45,0,9,1
37,1,0,0
36,0,3,1
35,0,0,0
43,0,1,0
40,1,6,0
44,1,1,1
34,1,1,1
41,4,2,0
36,1,0,0
43,0,2,0
30,2,0,1
36,2,3,0
38,0,0,0
39,2,0,1
27,1,10,2
36,0,0,2
31,2,2,0
49,2,0,1
39,0,2,1
42,1,1,0
36,1,1,0
39,2,3,0
38,0,2,0
24,4,1,0
38,2,0,3
43,1,2,1
46,2,3,0
33,0,1,1
32,1,3,1
46,0,0,0
37,1,0,1
31,2,2,2
30,7,2,0
38,3,1,0
19,1,5,0
38,1,2,0
34,1,0,0
32,0,0,1
30,1,0,1
50,0,3,0
28,8,1,1
38,1,2,1
34,2,2,0
37,0,0,1
27,0,0,3
37,0,6,2
33,0,0,0
33,4,2,2
31,0,0,3
44,1,1,1
32,1,2,0
27,0,0,0
37,0,11,0
43,1,1,1
36,1,4,1
38,1,2,2
33,0,1,0
25,2,3,4
29,1,0,1
36,2,1,0
33,1,0,0
42,1,5,0
40,1,1,0
28,0,8,1
38,0,0,0
30,1,2,1
25,0,0,0
44,1,2,0
47,0,0,1
32,1,0,0
31,0,1,1
29,7,1,1
43,0,1,0
38,1,1,1
29,0,0,0
41,1,1,0
39,1,3,0
35,0,2,1
33,2,2,0
26,0,2,0
29,0,7,0
48,0,1,2
40,1,2,0
37,0,2,0
53,0,1,0
36,1,1,0
34,2,1,0
33,1,0,2
39,0,1,0
43,1,0,0
44,3,0,1
29,0,4,3
38,1,1,0
39,0,0,1
32,0,1,0
38,0,3,0
40,0,3,2
37,2,0,0
28,0,2,1
37,0,4,0
33,0,0,0
37,3,0,0
38,0,1,0
40,1,1,0
43,2,1,0
29,2,0,0
35,1,0,0
32,3,1,0
43,3,0,0
31,2,3,0
33,0,0,1
38,0,2,0
21,4,9,6
40,0,3,0
48,1,1,1
45,0,3,0
32,0,1,0
35,0,1,0
36,0,3,0
42,1,2,1
38,1,1,0
44,0,0,2
31,1,3,0
37,1,0,2
36,3,0,0
29,2,2,0
43,0,1,0
39,0,2,1
37,5,1,1
36,4,1,0
38,1,0,1
35,0,1,0
38,3,2,1
37,6,0,2
40,7,2,2
24,0,10,1
43,1,1,1
43,1,1,1
42,0,0,1
34,1,0,0
33,2,2,0
39,2,1,1
34,0,1,0
38,1,1,1
29,1,3,0
48,1,1,0
38,4,1,1
38,0,0,1
36,1,1,0
30,1,0,1
34,1,6,1
36,1,0,1
23,13,2,0
39,0,0,0
41,2,0,0
39,2,2,0
41,1,1,0
43,0,2,1
40,2,1,1
39,2,1,1
46,1,0,0
39,0,0,1
45,1,0,0
36,0,8,1
34,2,6,2
47,1,1,0
30,0,1,0
43,0,1,1
41,0,2,0
30,0,0,1
39,0,2,0
44,1,2,1
41,3,1,1
28,4,0,1
44,3,0,2
34,2,1,3
38,2,1,0
35,1,1,0
35,0,2,2
31,2,2,0
29,1,3,0
37,1,1,0
25,2,0,1
39,0,2,0
48,0,0,0
33,0,2,0
29,3,0,1
29,3,6,5
33,3,0,0
42,0,0,0
42,0,0,0
30,2,2,4
40,0,1,0
33,0,0,1
29,0,2,0
26,1,1,0
34,2,1,0
31,1,3,0
28,1,0,1
29,0,1,2
38,2,4,0
23,4,3,3
37,1,1,2
32,1,1,0
28,9,4,6
49,3,2,0
37,2,0,2
42,1,1,1
48,2,1,0
44,1,1,0
32,1,1,0
34,0,1,0
31,0,3,1
51,0,1,0
32,1,0,0
30,4,0,1
32,2,0,1
42,2,0,0
27,1,4,1
35,1,1,0
29,0,2,0
40,1,0,0
42,0,1,0
27,1,1,1
41,0,5,1
38,1,0,0
38,1,0,1
27,0,4,1
25,1,1,0
24,1,0,0
33,1,3,0
36,1,0,1
33,1,2,0
32,0,1,0
27,1,1,0
35,0,1,0
31,3,1,0
43,1,0,0
32,0,7,2
28,0,0,1
37,3,1,0
34,2,3,0
40,0,4,0
52,0,1,0
36,1,0,0
42,1,4,0
45,1,2,0
32,0,0,0
32,2,0,0
20,1,3,0
42,5,2,0
41,3,0,0
38,1,0,0
38,2,0,0
32,2,0,1
50,1,2,0
32,1,1,0
34,1,0,0
49,0,0,0
30,1,2,1
36,1,6,0
44,2,1,0
34,0,1,0
38,0,1,0
37,1,0,0
29,2,2,0
38,0,1,0
34,1,0,1
36,5,4,4
32,1,1,0
35,1,0,1
35,2,3,0
30,2,2,0
30,1,2,1
44,0,1,0
43,3,1,0
18,4,1,0
29,0,1,2
39,2,0,0
41,3,0,1
37,3,2,0
29,0,1,1
35,0,0,0
35,1,0,1
38,1,3,0
29,1,2,0
34,0,3,0
38,2,2,0
32,0,2,0
34,5,0,2
42,1,0,0
46,0,2,0
36,1,0,0
35,2,1,1
35,1,2,1
28,5,5,2
40,0,1,0
42,4,0,2
43,1,2,2
42,0,1,1
31,0,4,2
27,2,8,2
39,8,1,1
42,0,4,1
37,0,5,1
30,5,4,2
29,1,2,0
32,4,2,2
33,1,2,0
37,1,0,2
41,2,2,0
31,1,2,1
30,4,7,2
37,1,0,0
48,3,1,0
32,1,1,1
39,0,1,0
33,0,3,2
45,0,0,2
39,5,2,2
36,1,3,1
31,3,0,1
39,0,7,0
33,0,1,0
41,1,1,0
43,0,2,0
33,1,1,0
22,1,10,2
30,4,7,2
45,2,1,0
32,1,1,1
33,1,1,0
42,0,0,0
40,1,1,2
36,0,0,1
25,0,2,0
31,0,5,0
41,1,1,0
38,0,1,0
29,0,1,1
28,0,3,2
30,7,0,3
29,0,3,1
38,3,0,0
29,1,2,1
40,1,2,0
25,3,5,6
34,0,1,0
32,0,6,1
32,0,1,2
35,0,1,0
39,0,1,1
37,0,0,0
43,0,4,1
42,0,3,1
47,2,0,0
35,1,3,0
31,0,1,1
40,1,3,0
33,0,1,0
30,0,0,0
27,0,2,1
32,2,0,0
39,0,2,1
34,0,0,1
27,2,1,2
33,2,1,1
40,0,3,2
44,1,2,0
41,1,2,0
42,3,3,1
32,1,0,0
34,1,3,2
37,1,3,0
31,1,1,0
36,0,2,0
40,0,0,1
18,2,2,0
39,3,1,1
41,1,1,0
34,2,0,0
43,2,1,0
46,0,1,0
31,2,0,0
25,4,0,2
39,1,1,0
39,1,2,1
40,0,0,1
33,0,1,2
35,0,1,2
30,1,0,0
37,3,2,1
35,4,3,4
36,0,1,1
31,1,2,0
38,2,4,1
34,2,1,1
23,2,5,5
40,2,3,0
30,1,1,2
34,2,8,0
40,1,0,1
50,1,2,1
48,3,2,1
41,2,2,1
33,1,1,0
39,2,1,0
42,1,0,0
29,0,7,3
29,1,0,0
46,1,0,0
41,0,1,0
40,0,5,0
32,1,0,1
33,6,5,2
29,0,2,0
37,1,2,0
42,1,0,0
41,1,0,1
29,3,0,0
30,1,0,0
33,1,1,1
35,0,0,1
34,2,2,2
43,0,1,1
37,2,1,0
30,1,1,1
32,5,7,2
40,0,2,0
35,0,1,0
39,3,0,0
36,0,1,0
38,1,1,0
36,0,0,1
36,3,2,0
26,1,6,2
43,2,1,1
42,0,2,0
33,1,1,0
37,1,2,1
35,2,1,0
41,0,0,4
35,0,1,0
26,0,10,1
45,0,0,2
38,2,1,0
35,3,6,2
39,1,3,1
34,3,5,2
47,2,2,1
38,4,0,1
34,2,0,0
53,1,2,0
30,2,0,0
43,1,0,0
37,2,1,2
31,0,2,0
44,1,2,2
38,1,0,0
27,1,5,0
41,1,4,1
35,4,1,1
35,1,1,0
35,0,0,1
31,0,0,0
35,2,1,0
19,3,6,7
43,2,1,0
35,0,1,0
42,0,3,0
25,3,7,4
43,1,3,0
40,3,0,1
39,2,1,0
30,1,1,0
42,2,1,0
32,0,0,1
42,1,2,1
43,2,1,0
44,0,1,0
40,0,1,0
44,0,0,0
38,1,1,0
45,1,2,1
38,0,0,0
23,1,1,0
40,1,1,1
35,5,1,1
35,3,4,3
48,1,1,0
36,0,2,0
40,1,1,0
33,1,1,0
40,2,2,0
43,4,0,0
39,0,1,0
38,1,1,1
41,1,1,1
35,0,1,0
29,2,0,0
39,3,0,0
54,1,3,0
41,0,2,0
27,1,1,0
37,0,0,0
36,0,1,0
37,1,4,1
24,1,4,4
33,1,2,0
36,0,6,2
28,0,0,0
24,1,1,1
29,0,1,1
45,1,4,1
26,0,2,0
41,1,1,0
39,0,0,1
40,0,3,0
30,1,0,0
38,5,2,2
33,2,5,2
35,2,1,1
40,0,0,0
31,4,0,1
42,1,2,2
43,1,1,0
30,1,2,0
40,1,0,0
37,1,0,0
39,1,1,2
31,0,1,0
50,1,2,3
40,1,1,0
41,1,0,0
41,5,0,0
33,0,2,0
38,0,0,0
27,1,6,1
33,4,2,0
32,0,2,0
45,3,1,0
45,2,1,0
37,4,0,0
28,8,0,2
46,1,0,0
38,1,1,0
45,0,2,0
25,1,7,1
39,1,1,1
35,0,2,1
26,1,1,0
33,0,0,0
31,1,2,0
36,2,1,0
34,0,1,0
30,0,7,1
36,1,0,0
37,0,3,4
41,1,2,0
38,0,1,0
37,3,2,1
42,4,3,2
30,1,0,0
45,0,0,1
37,0,2,0
30,1,3,1
49,0,4,0
42,1,1,0
45,1,4,1
37,2,1,1
39,3,3,0
40,1,1,0
26,0,2,0
26,2,0,2
30,1,3,2
51,0,2,1
35,4,0,1
28,1,2,0
35,0,1,1
32,0,1,0
41,2,0,0
46,2,0,0
37,0,2,1
42,1,0,0
29,1,2,0
37,1,1,0
31,4,1,1
44,0,1,0
33,1,2,1
42,2,0,0
39,0,1,1
30,0,1,2
37,0,1,1
34,1,2,0
35,1,0,1
37,1,1,0
39,2,2,0
36,1,4,0
26,0,2,2
32,2,2,0
34,0,1,0
40,0,2,0
39,0,1,0
37,0,1,1
41,0,2,0
35,2,2,3
39,0,1,0
38,1,2,1
24,1,5,7
44,3,2,0
33,2,4,0
37,2,0,0
46,1,0,0
35,3,1,2
34,0,7,0
49,0,0,0
48,1,0,0
41,3,1,1
42,0,2,1
43,0,0,0
40,1,0,1
31,0,0,2
33,1,0,0
41,2,0,0
29,1,1,0
26,0,2,3
29,1,1,0
35,2,0,0
37,1,2,1
27,1,0,0
39,0,2,1
36,1,1,0
37,1,0,0
20,1,1,0
42,1,0,0
36,2,1,0
35,2,1,0
26,2,1,1
35,0,0,0
32,0,3,0
32,0,7,0
33,1,1,3
41,0,1,0
36,2,1,1
31,1,2,0
36,1,1,0
36,1,2,2
42,0,0,0
46,1,1,0
41,2,1,4
43,0,0,0
36,0,0,0
39,1,1,1
35,1,0,0
36,1,1,1
34,3,1,0
26,0,0,0
45,1,0,0
34,3,2,0
36,1,1,0
28,0,0,0
42,0,1,0
47,2,0,0
33,0,2,0
27,2,4,0
42,1,1,1
30,1,0,0
50,0,3,0
31,1,1,0
34,0,13,1
33,1,4,1
30,2,0,1
34,0,2,1
36,0,1,0
34,0,2,1
25,1,1,2
28,4,7,2
30,3,2,1
36,1,1,1
24,1,8,5
33,2,1,0
32,3,1,0
37,2,1,2
28,1,0,0
41,0,1,0
43,0,1,0
31,1,1,0
37,1,1,0
39,1,0,0
39,0,1,0
25,4,5,4
44,0,0,2
33,0,6,1
25,3,5,4
44,0,0,1
36,0,1,1
34,3,3,0
32,1,2,0
21,1,1,0
50,0,4,0
28,0,2,0
41,1,1,2
45,1,7,2
36,2,0,0
28,2,0,0
26,1,0,0
42,1,0,1
42,1,0,0
36,0,0,1
19,0,10,1
29,0,3,0
33,5,9,2
35,1,0,1
35,1,11,0
34,0,0,0
39,3,1,1
41,2,1,0
25,2,3,3
33,5,2,1
46,0,0,0
31,0,3,0
36,0,4,0
40,4,0,0
44,1,2,0
33,0,8,1
50,4,3,0
37,0,2,0
28,0,1,0
42,2,0,3
34,1,2,1
53,0,1,0
41,3,1,0
36,1,1,1
47,0,2,0
28,2,1,1
41,0,1,0
35,0,0,0
32,2,1,2
36,2,0,0
49,4,0,1
34,2,0,1
33,1,2,2
37,0,1,1
38,0,1,0
41,0,2,0
44,0,2,0
24,0,3,4
37,3,1,1
37,7,0,1
23,0,8,2
36,1,2,0
36,0,6,2
35,2,0,2
37,5,0,2
36,4,0,1
42,2,0,0
31,0,2,0
38,0,0,0
38,0,1,1
42,0,1,1
36,3,1,0
38,1,0,0
44,3,3,1
39,4,1,0
40,0,0,1
39,1,1,1
26,2,0,3
40,1,2,0
39,0,1,0
31,1,1,0
42,2,1,2
36,1,3,1
45,1,0,2
36,1,1,0
33,1,1,1
36,11,0,0
40,2,0,0
28,1,0,2
38,4,2,0
37,1,1,0
23,6,5,3
41,3,0,0
41,1,3,2
34,1,0,0
49,2,0,0
38,1,0,0
37,0,2,0
42,2,1,1
21,3,6,3
47,1,0,0
37,0,3,0
40,0,0,1
32,0,2,2
28,4,4,3
42,2,3,1
26,1,0,0
33,0,2,0
23,4,5,4
45,2,1,0
37,0,0,0
40,1,1,1
30,2,0,0
30,0,2,0
34,2,0,1
31,1,1,2
45,0,1,0
35,0,2,0
42,0,2,0
39,0,0,0
24,4,0,1
44,0,2,0
40,1,1,0
40,0,2,0
25,2,0,1
32,3,0,0
40,2,1,0
49,2,0,0
32,0,2,1
47,0,2,2
33,1,0,0
46,0,0,0
44,1,2,1
33,1,1,1
49,1,1,2
36,3,4,1
31,0,0,0
31,1,1,0
41,1,1,1
39,0,1,1
20,0,6,8
32,1,10,0
48,2,0,1
46,0,2,2
37,0,3,0
36,2,1,2
37,1,7,1
47,2,1,0
43,4,1,0
40,1,2,0
28,1,3,0
27,2,3,0
31,1,0,0
34,4,1,0
46,0,3,1
39,1,0,2
44,1,1,0
35,1,1,2
33,6,0,0
32,1,1,0
37,0,1,1
38,1,1,1
38,0,0,2
40,1,1,0
33,1,1,0
33,1,1,0
33,5,2,2
41,1,5,1
43,1,1,1
30,0,0,1
38,0,2,0
35,1,3,0
32,9,1,0
40,3,3,0
34,1,2,1
28,4,2,1
24,1,1,0
35,1,2,0
32,0,1,0
40,1,1,1
38,3,0,0
34,0,0,1
30,2,1,0
40,3,3,2
32,0,1,0
33,1,2,1
37,0,0,2
37,1,3,1
37,2,1,2
33,0,2,0
30,0,2,0
34,0,3,0
40,1,0,2
35,0,1,0
33,0,3,1
33,0,1,0
41,1,1,1
40,3,0,0
30,2,0,1
39,2,0,0
36,0,1,1
40,1,1,0
38,2,1,1
24,0,0,2
45,1,2,0
34,0,0,0
35,1,0,1
37,0,1,0
27,2,4,1
42,1,1,0
37,2,1,0
39,2,1,1
27,0,1,0
34,2,2,0
34,4,0,3
34,1,2,1
37,1,4,0
49,0,3,0
41,0,2,0
39,0,3,0
30,0,0,0
38,1,4,1
26,2,1,8
40,2,0,0
37,0,1,1
30,2,1,1
44,1,0,1
41,1,2,0
38,2,1,3
33,0,0,0
31,1,2,0
27,1,1,1
46,5,3,3
43,7,1,1
41,0,1,2
26,5,6,6
42,0,10,0
28,0,0,0
33,1,0,1
47,2,1,0
35,1,3,0
38,2,3,0
37,0,2,0
24,3,2,1
42,1,2,0
35,1,2,0
29,0,1,2
31,2,2,0
35,1,2,1
42,1,0,0
37,0,2,0
48,0,1,1
37,0,2,1
41,1,4,1
35,0,0,0
41,2,1,1
39,0,3,0
36,2,1,0
33,2,2,0
32,2,2,0
31,0,1,2
29,0,2,1
39,4,1,2
35,0,2,0
38,0,2,1
33,1,0,0
27,1,5,1
49,0,0,0
49,2,1,1
38,0,3,0
33,0,1,1
41,5,1,0
32,1,0,0
31,0,4,0
39,3,3,0
34,3,0,1
34,0,0,1
35,0,1,0
41,0,3,1
52,1,2,0
38,0,1,0
43,1,1,0
45,0,10,1
37,2,2,1
41,0,0,1
30,0,1,0
38,1,1,0
33,1,0,0
51,0,3,2
36,0,0,1
40,1,0,0
41,0,2,0
31,0,1,0
48,1,2,0
41,1,3,0
29,1,7,3
36,0,1,0
33,0,0,1
34,1,5,0
26,6,1,1
33,1,0,0
41,2,4,2
39,2,2,2
29,1,0,0
34,0,0,1
28,2,1,0
26,1,3,0
39,1,1,2
39,3,6,5
29,0,1,0
41,1,3,0
39,1,1,0
36,1,3,0
30,2,2,1
28,5,8,11
38,1,1,1
46,1,0,2
29,1,4,1
32,0,0,1
47,0,2,1
39,4,2,2
38,0,0,0
39,3,2,0
36,2,1,1
46,0,1,0
42,1,1,0
39,1,1,0
24,0,2,0
36,1,1,0
35,5,1,2
40,2,3,0
41,0,2,0
52,2,1,3
40,0,1,0
43,1,3,0
43,2,0,0
33,0,0,0
45,1,3,0
39,2,2,2
42,0,1,1
40,0,0,0
23,1,2,0
29,1,2,1
38,1,2,1
36,1,1,0
33,1,0,0
38,4,1,0
22,2,5,0
26,0,1,1
44,2,0,0
36,0,2,2
43,0,0,0
31,4,3,1
34,0,0,2
33,0,1,0
27,1,0,0
49,0,2,0
35,0,1,1
40,0,3,0
50,2,3,1
33,3,1,1
32,0,8,1
45,0,1,0
36,0,3,0
37,0,0,2
40,1,1,0
32,0,1,0
41,0,4,0
47,1,1,1
42,1,1,2
41,0,1,0
36,0,0,2
27,2,5,6
30,1,1,1
31,1,5,0
49,2,1,2
43,0,0,3
38,0,2,0
43,1,0,2
36,2,2,0
38,1,1,0
37,0,1,0
33,0,0,1
41,2,0,1
38,1,2,0
35,0,4,1
30,1,0,0
34,1,1,2
36,1,0,1
28,2,0,0
36,1,1,2
38,0,1,1
31,3,5,6
35,1,2,1
38,1,1,0
31,1,1,0
34,2,1,0
43,1,1,0
32,3,2,0
43,0,1,1
40,1,3,0
42,0,3,0
41,3,3,1
42,0,2,0
51,1,0,1
39,1,1,0
39,1,0,0
38,2,0,0
50,0,0,0
28,1,3,0
33,1,1,0
28,0,2,0
29,1,1,0
29,0,2,1
31,4,0,2
30,4,5,4
43,0,1,1
30,2,0,0
25,1,1,1
39,0,0,2
23,0,11,0
37,3,6,2
43,2,3,0
39,3,2,0
39,0,0,0
26,0,5,1
35,0,0,0
25,1,0,1
44,0,3,1
42,1,0,0
32,1,3,1
36,0,4,2
38,1,1,2
36,0,1,0
40,1,2,0
50,1,1,0
25,3,5,7
47,1,0,1
35,1,3,1
38,3,3,2
35,0,7,1
41,1,2,0
37,2,1,0
35,0,2,1
39,2,2,1
37,2,1,0
36,1,2,1
27,7,0,2
41,1,1,1
41,5,1,1
43,1,2,0
40,0,3,0
43,0,1,0
29,2,2,0
51,2,0,0
50,1,1,1
40,1,1,1
32,1,1,1
43,2,1,0
40,0,1,1
36,2,3,2
27,0,3,3
33,1,0,0
45,1,0,1
37,0,1,0
43,1,1,2
29,0,3,2
21,0,2,2
19,2,6,3
29,1,0,0
27,1,11,1
39,3,2,0
40,2,2,0
36,1,8,2
24,2,1,0
46,0,1,0
42,1,0,0
34,1,1,0
38,0,1,0
28,2,1,1
39,2,0,1
51,0,1,0
45,0,0,0
43,0,3,0
38,1,0,0
44,0,3,2
32,1,0,0
37,2,3,2
28,2,1,0
31,1,0,1
30,1,0,0
48,0,3,0
36,0,0,0
47,0,2,0
30,2,2,0
37,1,0,1
36,2,2,0
53,0,0,2
27,0,3,1
34,11,2,1
41,1,0,1
41,1,2,1
36,0,1,0
37,0,1,0
36,1,0,0
37,0,2,1
35,0,0,0
35,4,5,1
41,2,4,1
24,3,8,5
34,3,0,0
42,0,0,1
28,4,0,0
29,2,1,3
40,1,1,0
30,1,1,0
25,0,10,0
39,0,0,1
30,1,2,0
25,1,7,4
39,0,1,0
31,2,1,3
31,0,12,1
38,1,0,0
25,0,0,0
38,0,2,1
35,0,1,0
38,1,1,1
29,4,7,6
36,1,1,0
39,1,0,0
42,0,3,0
37,2,8,3
29,3,6,3
42,1,0,0
37,1,1,0
26,0,4,2
34,0,2,0
53,0,1,2
36,0,0,1
40,2,1,0
47,1,0,1
34,0,2,0
37,1,0,0
42,0,4,0
37,0,2,1
31,3,2,1
42,4,1,0
40,2,4,0
27,0,1,0
34,0,1,0
24,3,8,4
36,3,9,2
43,1,2,1
39,3,0,0
27,1,0,1
46,0,1,0
36,0,2,1
42,0,3,1
34,1,1,0
45,3,2,0
37,0,1,0
44,6,0,2
35,0,1,1
38,2,1,1
40,0,2,0
45,0,1,0
43,2,1,0
48,4,1,2
35,2,3,0
40,1,2,1
49,1,1,0
38,4,1,0
40,0,1,0
25,0,2,0
41,1,0,0
32,2,4,4
30,0,3,1
38,1,0,0
45,0,0,1
31,1,1,1
30,1,1,1
28,1,2,2
35,0,0,0
33,1,0,0
46,1,2,0
44,0,0,1
39,1,1,0
36,1,2,0
44,1,1,1
32,0,2,0
36,2,3,0
37,3,6,5
47,0,4,0
43,1,1,2
36,0,1,1
40,2,2,0
39,1,1,1
35,0,0,1
37,0,1,1
46,1,1,0
31,1,1,1
31,1,0,1
30,0,2,0
36,0,5,0
36,1,2,1
47,1,2,1
41,0,0,1
26,7,0,2
36,1,2,0
32,1,2,1
37,6,1,2
38,2,1,1
35,0,1,0
41,1,0,1
38,2,1,0
36,0,1,0
40,2,0,0
38,3,2,0
35,1,1,0
59,3,2,0
51,1,0,0
31,3,11,2
39,2,2,0
38,0,1,0
34,1,3,0
45,1,2,1
41,0,0,0
43,0,3,0
38,1,1,1
43,0,1,1
28,1,1,0
31,2,2,1
38,3,0,0
42,1,1,0
42,1,0,2
37,1,2,0
41,0,4,0
40,0,0,1
32,2,6,3
44,2,1,0
48,1,0,1
49,3,2,0
38,0,1,2
41,1,0,0
38,0,1,0
35,2,0,1
48,3,1,0
39,0,2,0
30,2,2,0
37,1,5,0
36,1,3,1
27,4,0,2
28,0,1,0
21,4,4,2
38,0,1,1
36,0,1,0
29,5,4,3
40,1,1,0
35,2,1,3
27,1,1,0
29,1,0,0
37,1,0,1
41,2,0,0
39,3,0,2
33,1,0,1
45,1,0,1
43,1,0,0
44,1,2,1
47,1,0,0
42,1,0,0
40,2,0,0
33,1,0,0
46,2,2,0
32,1,2,0
38,4,1,2
36,3,1,0
30,1,2,1
33,3,8,2
29,1,1,0
31,2,2,3
30,0,0,0
34,10,1,0
43,2,1,0
35,0,0,1
36,2,1,0
40,2,2,0
38,1,0,0
38,2,2,2
29,1,4,4
26,0,0,1
41,0,2,0
42,1,0,1
30,0,2,1
43,2,1,0
39,0,3,0
44,1,1,1
32,1,4,1
32,5,7,3
44,1,1,0
40,1,3,0
38,0,3,0
40,1,0,0
36,1,3,2
45,0,2,0
44,1,1,0
43,2,4,1
26,0,5,4
39,0,1,0
30,0,1,0
34,0,1,0
33,3,1,0
28,4,7,2
41,0,1,1
41,6,1,2
46,2,1,1
40,0,0,1
30,3,3,0
38,0,0,1
43,1,2,0
27,0,4,2
32,0,2,0
39,0,1,0
36,1,1,0
43,0,1,3
38,0,0,1
24,0,12,2
44,1,0,0
28,4,4,1
27,2,10,5
31,0,2,1
31,2,0,0
34,0,0,0
48,1,0,1
43,0,1,1
29,1,1,0
32,3,2,0
38,1,2,0
54,0,1,2
41,2,1,0
23,1,2,1
31,0,4,2
39,0,0,0
31,1,0,0
43,0,2,0
39,2,2,0
49,0,0,0
43,1,0,0
44,1,1,0
35,4,5,2
41,3,1,1
35,0,2,0
37,1,2,2
47,0,1,1
40,0,2,0
37,1,0,1
25,0,15,0
40,0,2,0
36,0,2,0
42,1,3,0
32,2,1,1
30,0,1,1
30,0,2,1
35,1,1,1
38,1,0,0
42,0,1,1
42,2,2,0
34,3,1,0
23,1,0,3
44,1,3,0
28,0,0,0
31,2,1,1
32,0,2,2
30,3,4,2
34,0,2,1
34,1,1,1
40,2,3,4
37,0,0,2
34,3,1,0
29,1,4,2
29,2,2,1
41,2,1,1
32,0,3,0
39,0,0,1
29,1,1,0
33,1,2,1
51,0,0,0
32,7,0,0
46,0,1,0
30,2,3,2
35,4,1,0
32,1,1,0
43,0,0,0
38,2,2,0
32,3,2,0
28,0,2,1
32,0,2,0
40,2,2,0
31,1,0,0
34,4,0,2
38,1,1,0
25,1,3,6
29,1,2,0
40,1,0,1
35,2,1,0
37,1,2,0
32,2,1,0
39,1,0,0
23,8,1,1
29,0,1,0
27,0,1,1
39,3,2,0
33,0,3,0
29,2,0,0
39,0,2,1
34,1,2,0
35,6,0,0
47,0,1,0
29,0,0,0
39,0,3,2
41,3,1,1
47,0,0,0
37,0,1,0
45,3,2,0
33,2,0,1
30,2,2,0
38,2,0,1
34,0,8,1
37,2,2,0
46,0,0,0
35,2,1,0
43,2,2,0
42,0,1,0
28,3,0,2
34,1,0,1
31,0,1,0
46,1,1,0
43,2,0,1
38,1,3,2
45,1,2,1
28,0,4,1
30,1,1,1
34,1,2,0
44,0,2,0
32,1,4,2
37,4,1,5
39,4,0,0
42,2,1,2
49,2,0,0
49,1,2,0
35,3,4,1
33,0,0,0
38,0,0,1
41,1,2,0
45,0,1,1
31,0,5,1
28,1,2,0
26,1,2,0
47,3,4,2
46,3,2,1
33,0,5,3
38,1,0,0
48,1,1,0
30,0,3,1
40,2,0,0
45,0,0,0
43,2,1,1
39,0,0,0
47,1,0,0
43,0,2,3
32,0,2,1
36,1,2,0
43,1,1,1
40,2,2,0
35,0,0,0
19,4,6,3
30,1,1,1
26,0,1,0
57,1,2,2
30,1,0,0
34,1,0,1
30,9,0,0
43,2,2,0
40,0,2,1
29,2,3,1
43,3,1,0
40,0,1,0
42,1,1,0
46,1,1,2
47,1,1,0
35,0,3,0
37,0,1,0
32,1,3,1
44,0,0,0
36,11,1,1
43,3,0,0
27,2,6,4
30,0,1,0
37,1,1,0
37,1,2,1
44,1,1,1
22,0,16,0
39,1,1,0
37,1,0,0
38,6,4,6
39,3,1,0
37,1,1,1
36,1,1,1
41,0,2,0
39,1,0,0
44,0,3,1
35,6,1,1
33,0,2,1
31,2,2,0
37,1,2,0
30,2,2,0
41,2,3,0
30,0,2,1
47,1,3,0
39,0,2,0
23,3,1,0
44,1,1,0
35,1,1,0
51,0,1,0
37,1,0,0
36,0,8,0
33,2,3,0
38,0,4,0
31,4,3,5
28,0,8,0
18,2,5,4
34,0,2,0
38,2,1,1
40,0,2,2
37,0,3,1
33,0,0,0
37,0,0,1
41,0,1,0
45,0,2,0
35,1,0,1
38,0,3,0
29,3,4,1
34,1,7,0
54,2,1,0
41,3,1,1
26,0,2,0
50,2,1,2
33,1,1,0
35,0,3,0
35,0,0,0
26,0,10,1
37,0,1,1
30,0,1,0
46,1,0,1
28,2,7,3
31,2,4,1
29,3,1,0
30,0,0,1
45,2,1,0
28,2,4,3
30,1,1,0
25,1,2,0
34,0,4,1
37,2,0,1
37,2,1,0
42,0,1,0
37,1,2,0
39,1,0,0
25,3,4,2
39,3,1,1
42,1,0,1
31,8,7,8
27,0,1,0
43,1,2,1
30,0,1,0
35,0,1,1
46,0,2,1
40,0,1,1
38,0,0,2
32,1,0,0
23,0,2,1
37,1,1,0
33,1,0,1
