Per_Gene_Counts_Unaffected_Unaffected,Unaffected_Affected,Affected_Unaffected,Affected_Affected
30,0,2,0
31,1,1,0
31,0,3,0
38,1,4,0
39,0,3,0
37,1,3,0
34,3,4,0
35,4,0,0
50,0,3,0
39,0,1,0
39,2,2,0
40,1,4,0
34,0,2,0
45,4,2,0
41,2,1,0
46,2,3,0
35,1,1,0
28,0,6,0
33,2,3,0
28,2,1,0
38,5,1,0
53,0,2,0
37,1,2,0
32,0,3,0
39,0,1,0
37,0,4,0
41,0,2,0
39,1,1,1
24,1,2,0
34,1,0,0
47,0,1,0
40,0,1,0
41,0,4,0
39,5,3,1
43,2,1,1
51,1,1,0
32,1,1,1
27,4,3,0
36,1,1,0
41,0,1,1
36,0,9,0
35,1,2,0
44,1,2,0
37,2,2,0
38,2,1,0
39,1,1,2
26,0,5,0
35,0,4,0
39,0,0,0
46,0,2,0
29,0,1,0
32,0,3,1
37,0,3,0
33,0,2,0
48,3,1,0
31,1,4,0
31,2,0,1
38,0,1,0
34,0,3,0
34,2,3,0
29,3,3,0
44,2,2,0
35,1,2,2
36,1,11,0
36,0,0,0
42,0,2,0
19,1,2,0
28,1,12,0
43,1,1,0
34,0,0,0
34,0,0,0
31,1,14,1
44,0,2,0
38,1,4,0
41,2,2,0
39,1,1,0
40,0,1,0
36,0,5,0
43,1,2,1
44,1,1,0
40,0,2,0
48,2,0,0
39,1,1,0
28,0,6,0
37,2,2,0
30,1,9,0
34,3,2,1
32,0,2,0
38,3,0,0
44,0,2,1
43,0,1,0
31,0,2,0
47,0,1,0
32,0,4,0
38,0,0,0
44,1,1,0
34,1,2,0
30,1,3,0
51,2,1,1
31,1,0,0
32,1,4,0
35,0,6,0
28,0,0,0
36,1,1,0
48,0,1,0
36,0,2,0
39,1,12,0
28,0,3,0
32,1,1,0
39,2,2,0
33,0,1,0
35,3,2,0
25,0,4,0
28,1,0,0
41,0,1,0
36,0,2,0
30,0,0,0
34,0,0,0
39,0,3,0
46,2,4,0
38,1,3,0
31,2,1,0
49,0,5,0
27,0,2,1
26,0,2,0
49,0,4,0
31,0,0,0
53,1,1,0
38,0,1,0
27,2,1,0
44,0,1,1
39,1,4,0
32,0,3,0
46,0,2,0
26,1,1,0
30,0,9,0
40,0,0,1
24,2,1,0
37,0,8,0
36,2,1,0
44,0,2,0
28,0,1,0
35,0,5,0
37,1,2,0
45,3,3,0
45,1,2,0
27,1,1,0
43,0,3,0
34,1,2,0
49,1,0,1
29,0,2,0
32,1,7,0
27,0,3,0
35,0,3,0
21,1,0,0
37,2,3,0
29,1,0,0
28,2,0,0
56,1,2,0
30,0,0,0
42,0,3,0
34,1,2,0
44,0,1,0
37,0,1,0
40,1,2,0
46,0,2,0
44,0,1,0
47,0,1,0
35,1,4,0
44,0,1,0
23,1,2,1
33,1,1,0
32,0,1,0
43,1,3,0
47,0,1,0
40,0,2,0
39,0,1,0
35,0,3,0
39,2,2,0
44,1,1,0
29,3,6,1
31,2,1,0
31,0,1,0
37,0,2,0
46,1,2,0
31,2,2,0
49,0,0,0
41,5,1,1
44,5,2,0
28,2,13,0
43,0,1,0
43,0,3,0
41,0,2,0
30,3,2,0
31,4,3,0
33,1,2,0
38,1,4,0
31,0,6,0
29,1,0,0
34,0,4,0
51,1,2,0
41,0,2,0
36,3,1,0
46,0,1,0
27,1,2,1
26,0,4,0
31,1,1,0
37,3,1,0
31,0,1,0
33,2,1,0
32,2,15,1
22,1,6,0
45,1,1,0
27,0,0,0
40,0,3,0
50,2,6,0
44,0,3,0
45,2,1,0
41,0,1,0
39,0,1,0
36,1,0,0
41,1,2,0
25,2,10,1
36,1,4,0
33,0,1,0
32,2,2,0
40,1,2,0
36,2,0,0
36,0,3,0
35,0,2,0
37,2,2,0
40,1,6,0
32,1,2,0
18,0,2,0
23,2,0,0
25,3,12,0
31,0,0,0
36,0,1,0
32,0,0,0
38,0,3,0
41,1,8,1
31,1,4,0
39,1,4,0
32,0,1,0
44,1,1,0
44,0,1,0
35,0,1,0
44,0,0,0
39,0,1,0
34,0,3,0
32,0,3,0
40,1,0,1
31,0,2,0
35,0,5,0
39,1,5,0
40,2,1,0
42,2,1,0
32,0,0,0
39,1,4,0
32,0,3,0
31,0,3,0
37,1,1,0
21,2,12,1
32,0,14,0
42,5,0,0
48,0,2,0
37,2,2,0
30,1,6,0
25,0,1,0
33,0,2,0
34,0,2,0
42,2,1,0
35,1,1,0
37,2,1,0
23,2,2,0
31,3,3,0
35,3,1,0
40,4,1,0
27,1,4,0
48,0,1,0
40,0,0,0
39,0,3,0
47,2,2,0
25,0,1,0
44,0,2,0
39,2,2,0
38,1,2,0
36,0,1,0
41,0,1,0
32,0,0,0
39,1,3,0
38,4,2,0
40,1,1,0
33,0,2,0
22,0,13,0
43,0,1,1
44,0,2,0
44,1,4,0
36,0,2,0
40,0,1,0
42,0,3,0
43,2,1,0
40,2,0,0
38,1,1,0
43,3,2,0
32,2,2,0
51,0,0,0
37,1,4,0
22,1,0,0
28,0,4,0
37,3,2,0
40,1,1,0
35,1,0,0
35,2,0,0
46,0,3,0
27,1,0,0
33,0,0,1
37,0,1,0
44,0,1,0
33,1,2,0
39,1,2,0
39,0,3,0
39,0,2,0
38,0,3,0
35,1,2,0
33,0,3,0
33,3,0,1
42,0,3,0
43,1,1,1
36,3,1,0
27,3,2,0
51,0,1,0
27,1,3,0
36,0,0,0
32,1,4,1
46,1,4,0
53,0,2,0
28,1,1,0
40,0,0,0
26,2,3,0
32,1,0,0
48,1,1,0
35,2,4,0
34,1,1,0
35,1,2,0
48,0,2,0
36,1,2,1
35,1,4,0
43,0,1,0
43,3,2,0
46,1,2,0
32,1,1,0
36,2,1,2
36,0,1,0
33,0,3,0
40,1,2,0
29,0,1,0
39,1,1,0
47,1,1,1
33,2,0,0
28,2,2,1
53,0,2,0
38,0,1,0
49,3,0,0
33,0,2,0
31,3,1,0
33,2,0,1
38,1,0,0
36,0,1,1
31,1,1,0
35,2,1,1
54,0,0,0
28,0,5,0
33,0,3,0
36,2,4,0
42,0,1,0
32,0,1,0
36,0,1,0
34,0,1,0
30,0,0,0
37,2,1,0
37,0,1,0
31,1,0,0
44,0,3,0
39,2,0,0
36,2,2,0
32,1,7,0
52,1,1,0
33,0,1,0
39,1,2,1
47,0,1,0
33,1,1,0
27,0,13,0
43,0,1,0
25,1,7,1
39,0,3,0
32,1,4,0
25,4,4,0
29,2,1,0
44,3,0,0
33,0,0,0
31,1,6,1
40,2,4,0
33,1,2,0
29,0,1,0
37,1,1,0
41,1,0,0
38,0,1,0
38,1,5,0
35,0,5,1
37,1,2,0
37,0,0,0
50,0,2,0
44,0,3,0
33,4,7,0
42,1,2,0
28,2,3,1
28,1,3,0
31,4,4,0
35,0,2,0
30,0,17,2
35,0,1,0
32,2,2,0
34,1,0,0
38,0,5,0
37,2,3,0
36,0,0,0
27,1,1,0
49,1,0,0
35,0,2,0
39,0,4,0
45,0,5,0
37,3,3,0
30,1,2,1
31,2,8,1
31,2,1,0
42,3,2,0
37,0,4,0
45,0,0,0
36,0,2,0
44,1,1,0
40,0,0,0
36,1,1,1
31,3,0,0
32,1,5,0
33,2,0,0
41,2,1,0
30,2,2,0
32,0,3,1
38,1,1,0
41,0,0,1
33,0,2,0
30,2,10,0
43,0,0,0
32,0,2,0
26,0,5,0
30,0,0,0
34,2,5,0
42,1,3,0
34,1,0,0
41,2,7,0
32,0,8,2
28,0,3,0
41,0,8,0
43,2,2,0
43,0,3,0
34,1,1,0
41,3,1,0
29,2,6,0
48,3,4,0
31,2,3,1
43,3,2,0
42,0,1,0
43,0,5,0
29,0,1,0
31,2,1,0
37,1,6,0
38,1,2,0
35,0,9,0
36,2,2,0
34,0,2,1
39,1,0,0
32,0,4,0
39,1,1,0
25,2,9,0
31,0,4,0
38,1,2,0
43,0,2,0
30,2,3,0
33,0,2,0
28,1,3,0
32,1,0,0
36,2,1,0
39,0,4,0
48,1,0,0
23,2,1,0
34,0,2,0
44,0,0,0
44,0,0,0
39,1,3,0
34,1,4,0
33,4,4,0
38,2,1,0
37,0,1,0
39,1,4,0
40,0,2,0
22,1,9,0
40,0,1,0
28,1,4,1
44,2,1,0
32,1,4,0
46,0,0,0
28,4,3,0
41,0,3,0
33,1,2,0
34,0,5,0
36,1,1,0
29,2,0,0
37,1,2,1
40,1,4,0
31,0,6,0
36,2,0,0
33,0,1,0
30,2,1,0
31,0,1,0
38,2,1,0
47,4,1,0
41,1,1,0
33,1,2,0
43,0,0,1
36,1,1,0
35,1,1,0
41,1,2,1
25,0,7,2
31,2,2,0
31,2,4,0
40,0,1,0
42,1,1,0
39,2,2,0
50,0,5,1
35,2,1,0
35,1,6,0
34,3,1,0
37,0,0,0
27,1,10,1
38,0,1,0
40,2,0,0
36,0,2,0
42,1,4,0
27,0,2,0
27,0,3,1
42,1,1,0
30,1,1,0
34,0,1,0
45,0,1,0
36,0,2,0
39,2,0,1
41,0,0,0
27,0,0,1
30,0,0,1
41,0,10,1
37,0,2,1
44,0,0,0
35,1,2,0
34,0,1,0
29,2,1,0
36,3,1,0
38,0,2,0
30,0,1,0
38,1,1,0
38,1,0,0
32,2,1,0
36,0,3,0
24,2,0,0
35,0,3,0
33,0,1,0
36,0,4,0
29,1,2,0
29,6,0,0
48,2,2,0
42,0,1,0
43,0,3,0
31,1,2,0
24,0,9,0
43,0,1,0
34,1,1,0
31,3,2,1
29,0,0,0
46,0,3,0
41,2,1,0
45,3,3,0
41,1,1,0
33,2,3,0
34,1,4,0
36,1,2,0
20,0,6,0
39,3,3,0
44,1,2,2
42,0,1,0
40,1,3,1
39,0,1,0
34,1,0,0
44,2,1,0
36,0,4,0
30,0,3,0
29,0,0,0
43,1,1,1
39,0,6,0
32,0,0,0
36,1,1,0
31,5,2,0
41,1,0,0
29,2,2,0
39,1,3,0
40,1,2,0
33,1,3,1
26,0,8,0
39,0,1,0
38,0,5,0
37,1,3,0
41,1,0,0
32,3,3,0
45,1,1,0
39,2,2,0
41,0,1,0
36,0,1,0
40,4,1,0
31,0,1,1
30,1,1,0
33,0,1,0
31,1,6,1
37,2,4,0
40,1,2,0
43,1,1,0
35,0,5,0
48,1,1,0
28,1,0,0
39,1,1,0
27,1,12,0
37,0,1,1
32,1,0,1
48,4,3,0
39,0,1,0
33,3,2,0
40,1,4,0
33,0,4,0
44,0,1,0
33,1,2,0
28,0,2,0
34,1,3,0
37,1,0,0
40,3,2,0
49,0,0,0
45,1,3,0
44,1,2,0
25,0,1,0
35,1,1,0
49,1,1,0
32,0,3,1
24,2,1,0
46,0,1,0
26,0,2,1
32,0,2,0
31,0,1,0
25,2,1,0
31,2,1,0
38,1,1,0
35,1,0,0
33,1,1,0
36,2,2,0
27,1,3,0
38,0,0,0
41,0,1,0
32,2,1,0
39,3,1,1
42,0,0,0
38,0,0,0
38,0,2,0
36,1,1,0
43,0,5,0
32,0,1,0
34,1,2,0
36,2,3,0
43,1,3,0
40,1,2,0
33,0,2,0
52,1,1,0
30,0,2,0
50,4,1,0
29,0,2,0
37,0,1,0
33,0,8,0
24,1,6,0
43,3,0,0
36,1,1,0
34,3,3,0
34,1,1,0
26,0,1,0
31,0,2,0
36,1,3,0
44,4,1,0
29,2,8,1
30,1,0,0
58,1,0,2
37,0,1,0
39,1,0,0
49,0,2,0
45,0,1,0
42,2,2,0
45,2,0,0
23,0,2,0
47,2,0,0
37,0,0,0
47,0,3,0
36,1,2,0
41,2,4,0
40,1,1,0
47,4,1,0
33,1,2,0
47,1,1,0
43,2,0,0
36,0,0,0
35,0,1,1
31,1,0,0
30,0,5,0
43,0,0,0
36,1,1,0
32,1,1,0
41,0,1,0
38,0,1,0
38,1,2,0
40,1,1,0
23,0,4,0
36,0,1,0
30,2,6,0
39,0,2,0
48,2,2,0
34,4,2,0
51,1,2,0
38,3,1,0
28,1,2,0
38,3,0,0
46,2,1,0
38,1,3,0
40,0,2,0
30,1,1,0
34,1,1,0
36,1,2,0
36,1,3,0
49,2,0,0
29,1,2,0
38,2,0,0
43,1,3,0
32,1,1,0
23,1,4,0
39,2,1,0
38,2,2,0
28,0,13,0
31,0,1,0
27,1,5,2
35,0,4,0
43,1,5,0
29,1,1,0
25,2,2,0
36,0,1,0
34,0,0,0
42,2,1,0
40,1,1,1
32,1,0,0
38,2,5,0
30,1,1,0
31,1,3,0
35,3,0,0
44,2,1,0
35,0,1,0
31,3,2,0
34,1,1,1
51,2,0,0
49,1,4,0
41,2,0,0
36,1,2,0
45,5,3,0
39,1,2,0
33,0,2,0
37,1,1,0
41,0,1,0
48,0,1,0
32,0,0,0
38,0,3,0
28,0,0,1
42,1,2,0
38,0,1,0
30,0,0,0
30,1,0,0
32,0,3,0
26,2,14,0
46,0,1,0
44,2,3,1
32,0,4,0
39,2,1,0
33,2,2,1
38,1,5,1
44,3,1,0
35,0,1,0
30,0,2,0
38,1,3,0
39,2,5,0
44,0,3,0
37,1,0,0
39,2,1,0
35,0,2,0
37,0,3,0
39,0,3,0
40,1,1,0
32,2,2,0
43,0,1,0
45,0,1,0
30,1,1,0
31,2,3,0
26,1,12,1
28,1,6,0
39,1,1,0
24,1,1,0
41,0,2,0
38,1,2,1
37,2,1,0
40,1,3,0
30,1,2,0
49,1,1,0
43,1,2,0
33,0,0,1
42,1,3,0
47,2,2,0
38,0,0,0
22,1,1,0
37,1,1,0
48,1,2,0
44,1,2,0
51,1,1,1
42,0,5,0
30,1,4,0
27,0,1,0
32,2,1,0
39,2,0,0
37,1,0,0
40,1,0,0
43,0,3,0
30,0,4,0
37,1,10,1
43,1,0,2
35,1,1,0
30,0,1,0
35,1,3,0
36,0,2,0
35,1,1,0
36,0,1,0
32,0,2,0
33,1,3,0
34,2,0,0
51,3,1,0
26,2,0,0
40,0,0,0
41,1,0,0
38,0,3,0
33,0,1,0
43,1,1,0
35,2,9,0
32,0,7,1
36,0,3,1
40,2,4,0
35,0,7,0
43,2,3,1
37,0,2,1
27,3,1,0
47,1,3,0
30,3,1,1
42,0,1,0
35,1,4,0
35,0,0,0
30,1,2,0
28,1,6,0
29,1,3,0
38,1,3,0
32,1,0,0
42,0,2,1
39,1,3,0
41,1,0,0
34,1,7,0
38,1,3,0
32,1,2,1
30,1,1,0
33,0,11,1
38,1,7,1
33,1,1,0
33,2,1,0
28,2,5,0
31,1,1,0
35,1,1,0
35,1,1,0
46,1,0,0
29,0,1,0
31,0,12,0
36,0,6,0
35,4,1,0
40,2,2,0
28,1,3,1
33,1,11,0
37,1,1,0
28,0,1,1
46,1,1,0
38,1,0,1
39,2,0,0
41,0,0,1
35,1,1,0
39,4,4,0
27,1,2,0
26,3,0,0
28,3,0,0
45,1,1,0
47,1,2,0
30,0,3,0
35,1,0,0
42,1,3,0
33,0,1,0
39,1,1,0
34,0,6,0
45,0,1,0
38,3,1,0
23,1,2,0
29,0,0,0
34,1,0,0
42,0,2,0
40,0,2,0
32,1,0,0
31,1,4,0
44,0,3,1
32,0,10,0
37,2,1,0
29,0,1,0
39,0,2,0
36,0,0,0
37,2,5,1
43,1,3,0
41,0,2,0
40,1,1,0
42,0,3,0
51,1,0,0
40,2,1,0
47,0,1,0
39,0,1,1
30,1,1,0
36,2,5,0
36,0,0,2
37,0,1,0
38,0,2,0
38,3,2,0
32,1,2,0
35,1,2,1
47,1,0,0
30,5,2,0
45,1,3,0
39,0,2,0
44,1,0,0
38,3,0,0
43,0,1,0
38,0,1,0
46,3,4,0
36,0,3,0
36,1,3,0
34,0,0,0
28,1,4,0
30,1,2,0
42,1,2,0
36,2,0,0
29,2,2,0
29,0,3,0
40,2,1,1
17,1,8,1
32,0,2,0
41,0,2,0
27,3,8,0
32,1,1,0
27,1,6,0
27,1,5,0
34,0,5,1
39,3,1,0
36,0,0,0
25,1,2,0
37,8,3,0
30,1,0,0
34,0,4,0
57,1,1,0
30,2,1,0
40,0,0,0
39,2,0,0
40,0,0,0
33,1,8,0
26,2,2,0
38,1,2,0
42,2,2,0
27,0,0,0
24,1,4,0
30,0,0,0
29,1,6,0
36,1,2,1
53,1,3,0
37,2,2,0
34,1,0,0
46,3,3,0
25,2,0,0
40,3,2,0
45,0,1,0
30,2,4,0
33,1,1,0
56,0,0,0
41,3,1,0
37,1,0,0
27,0,13,0
42,0,0,0
36,1,1,0
37,1,2,0
54,1,2,0
38,0,0,0
42,2,1,0
41,0,4,0
32,1,0,0
26,0,6,0
39,0,2,0
41,0,2,0
44,1,4,0
26,1,2,0
31,0,10,0
32,1,4,0
24,0,1,0
39,0,2,0
37,1,1,0
34,0,2,0
34,1,3,1
26,1,2,1
40,1,0,0
40,0,2,0
44,2,1,0
38,3,0,0
44,1,2,0
49,1,2,0
21,2,0,0
44,2,2,0
32,1,1,0
36,1,1,0
36,1,2,0
50,0,1,0
31,2,3,0
42,0,0,0
37,1,3,0
32,0,4,0
24,0,3,0
36,1,0,0
38,0,2,0
33,0,3,0
31,4,3,0
33,0,2,0
30,2,1,0
30,1,4,0
49,2,4,0
44,1,4,0
38,1,1,0
28,0,2,0
43,0,4,0
43,0,2,0
30,5,3,0
31,2,1,0
35,2,2,0
33,3,4,0
38,1,0,0
59,3,1,0
38,2,1,0
27,0,3,0
42,0,0,0
35,1,9,1
35,1,2,0
40,1,3,0
25,0,0,0
38,1,0,0
47,2,3,0
27,2,0,0
42,1,1,0
34,0,0,1
38,0,0,0
32,1,0,0
28,3,0,0
38,0,4,0
33,1,0,0
32,0,1,1
30,2,1,0
34,0,0,0
42,3,1,0
37,0,0,0
60,1,4,0
36,1,1,0
28,1,2,0
37,0,3,0
31,2,2,1
43,1,2,0
37,2,1,1
31,2,0,0
43,4,1,0
41,0,13,0
45,2,4,0
40,0,1,0
36,2,0,0
43,0,3,0
37,0,1,0
30,2,0,0
44,1,1,0
38,2,2,0
43,2,0,0
29,2,5,0
39,4,3,0
32,0,3,0
42,0,0,1
20,2,9,0
46,0,3,0
31,1,2,1
36,2,1,0
42,0,2,0
36,0,0,0
34,1,1,0
26,1,8,2
28,0,6,1
48,1,3,0
41,1,1,1
44,1,0,0
44,3,0,0
38,0,4,0
30,1,4,0
34,1,13,2
35,2,4,0
43,1,1,0
31,1,2,0
35,1,3,0
26,0,0,0
28,1,7,1
27,0,1,0
41,0,1,0
32,0,9,0
37,1,1,0
30,1,4,0
39,2,1,0
33,2,0,0
46,0,2,0
32,0,1,0
32,1,1,0
39,3,2,0
44,3,2,0
24,0,3,0
41,3,1,0
36,0,1,1
33,3,2,0
36,5,2,0
31,0,1,0
27,0,3,0
30,1,2,1
29,0,9,0
35,1,7,1
37,1,4,0
47,1,0,0
41,0,4,0
46,0,0,0
37,0,3,0
38,2,1,0
43,0,1,0
34,0,3,0
26,2,1,0
31,1,2,0
35,2,0,2
39,1,2,0
34,1,0,0
37,2,1,0
39,0,3,0
36,0,5,0
51,0,1,0
44,1,4,0
42,1,1,0
33,1,1,0
40,2,1,0
47,1,1,0
31,1,6,1
38,3,4,0
42,1,0,0
33,0,4,0
29,0,1,0
40,0,0,0
34,1,8,1
42,1,0,1
34,0,8,0
46,1,2,0
39,0,8,0
34,1,3,0
40,2,1,0
25,2,1,0
35,2,7,1
31,0,2,0
42,1,1,2
29,4,8,0
41,0,0,0
36,0,0,0
43,1,7,1
40,5,0,0
31,2,0,0
38,2,1,1
35,1,0,0
36,0,1,0
36,0,1,0
24,2,13,3
42,1,0,0
41,0,3,0
31,0,11,0
41,0,0,0
41,1,1,0
32,0,6,0
39,1,0,0
27,3,1,0
35,1,0,0
41,0,1,0
32,1,2,0
47,1,0,1
53,1,0,0
44,0,0,0
34,1,9,2
36,0,2,0
37,1,0,0
38,1,2,0
36,0,3,0
30,2,4,0
31,2,2,0
47,0,1,0
35,1,1,0
27,1,14,0
40,1,2,0
35,1,0,1
44,0,3,0
38,0,1,0
40,1,2,1
41,0,2,0
41,3,1,0
35,1,1,0
45,1,0,0
37,1,4,1
38,2,3,0
45,1,1,0
33,4,2,0
24,3,2,0
31,2,2,0
30,2,0,1
28,0,1,0
39,0,3,0
25,0,0,0
37,1,3,1
33,0,4,0
37,1,2,0
40,2,1,0
38,0,1,0
43,0,2,0
36,2,2,0
43,1,1,0
54,0,2,1
32,0,2,0
36,1,1,0
31,1,2,1
41,0,1,0
32,2,1,0
34,0,1,0
35,0,0,0
33,1,1,0
27,0,9,1
40,1,1,0
37,2,1,0
42,2,1,0
33,1,5,0
35,1,3,0
35,1,2,0
48,1,0,0
42,0,1,0
39,0,3,0
42,0,1,1
41,3,2,0
44,0,3,0
40,1,3,0
41,0,2,0
43,2,2,0
33,0,3,0
44,1,1,0
38,1,0,0
39,0,1,0
46,3,6,0
42,1,3,0
30,4,5,0
27,0,4,0
38,1,3,0
26,1,6,2
29,0,0,0
28,3,0,0
31,1,0,0
41,0,0,0
43,0,1,0
41,1,1,0
37,3,8,0
30,1,1,0
41,1,3,0
38,1,5,1
40,1,1,0
33,1,0,0
31,0,0,0
29,1,14,1
37,4,1,1
25,1,7,1
34,1,3,0
31,2,2,0
34,0,9,1
31,7,0,0
41,1,1,0
48,2,2,0
45,0,3,0
41,0,0,1
37,0,4,0
47,1,1,0
37,2,1,0
53,0,2,0
40,3,2,0
31,1,4,0
31,2,2,0
39,3,2,0
29,2,1,0
45,1,0,0
30,0,2,0
34,1,6,0
37,1,11,0
41,0,2,0
34,0,6,0
47,1,2,0
32,0,3,0
35,1,1,0
39,1,1,0
43,5,5,0
31,1,2,0
27,3,8,0
45,5,2,0
34,0,0,0
38,3,2,0
35,1,2,0
39,0,2,0
29,1,11,0
37,1,1,0
28,0,4,0
39,1,0,0
39,3,2,0
36,0,1,0
37,0,1,0
36,0,1,0
45,0,3,0
29,0,4,0
38,2,3,0
34,2,1,0
39,3,0,0
27,1,11,1
29,1,8,0
41,1,2,0
36,5,2,0
46,0,1,0
35,0,4,0
38,1,0,1
25,0,0,0
41,0,2,0
42,0,1,0
46,0,0,0
53,2,1,0
38,2,1,0
43,2,1,1
36,0,8,0
39,0,1,0
34,0,1,0
33,1,3,0
44,0,0,0
37,1,2,0
48,0,0,0
41,1,2,0
39,1,2,0
38,1,1,0
32,3,0,0
44,0,5,0
38,2,8,0
41,5,2,0
26,0,4,0
30,1,11,0
27,1,5,0
46,0,0,0
18,0,10,0
37,3,3,0
37,1,6,0
34,0,0,0
31,1,1,0
28,1,0,0
42,1,1,0
42,2,2,0
35,0,1,1
30,4,2,0
41,0,2,0
30,1,1,0
38,3,1,0
33,1,0,0
47,0,4,0
33,3,14,2
31,0,5,0
39,1,2,1
35,1,3,1
35,2,1,0
39,2,1,0
28,0,2,0
47,1,4,0
41,0,0,0
48,0,2,1
29,0,4,0
31,0,9,0
38,1,0,0
38,0,2,0
26,1,2,0
32,0,0,0
47,1,1,0
43,1,2,0
28,1,0,0
23,1,0,0
53,0,0,0
35,1,1,0
39,1,5,0
30,0,3,0
39,1,1,0
33,0,2,0
38,0,3,0
37,0,1,0
50,3,3,0
40,1,1,2
39,1,1,0
35,0,1,0
37,0,1,0
39,3,1,0
36,5,0,0
40,1,1,0
35,2,3,1
29,0,2,1
36,2,0,0
31,1,4,0
35,0,2,0
42,1,0,0
45,1,2,0
33,2,2,0
39,1,1,0
40,1,1,0
42,3,1,0
43,2,0,0
36,1,0,0
35,4,3,0
29,0,11,0
35,0,1,0
33,1,2,0
33,2,7,0
37,1,2,0
41,2,3,0
34,0,8,3
30,1,0,0
23,3,10,0
34,3,1,0
36,0,0,0
46,0,7,0
33,0,0,0
35,2,1,0
48,0,4,0
34,1,0,0
31,1,3,0
39,0,3,0
42,1,3,0
30,1,0,0
49,1,1,0
40,1,3,0
41,2,2,0
32,1,3,0
51,1,3,0
38,1,1,0
35,1,4,1
34,2,0,0
34,1,0,0
39,0,0,0
21,0,1,0
34,1,6,0
31,1,0,0
36,0,0,0
36,2,1,0
48,1,0,0
26,1,7,1
52,0,0,0
43,1,1,0
40,2,0,0
35,2,1,0
38,0,1,0
29,3,2,0
35,0,0,0
36,2,2,0
36,1,0,0
29,1,12,1
38,2,3,0
32,0,0,0
37,1,0,1
34,0,4,0
35,1,1,0
48,0,2,0
39,2,0,0
40,1,3,0
44,0,1,1
33,1,1,0
51,1,1,1
35,5,0,0
30,0,2,0
37,0,2,0
30,2,1,0
34,1,3,0
46,0,2,0
42,0,0,0
40,1,3,0
44,2,1,0
44,0,3,0
39,1,3,0
40,0,2,1
28,1,0,0
26,0,4,0
37,0,1,0
37,0,2,0
31,0,3,0
36,1,2,0
29,4,3,0
30,0,6,0
37,1,2,0
36,1,2,0
35,0,0,0
39,0,1,0
32,3,1,0
48,1,1,0
45,1,2,0
50,2,1,0
30,4,2,0
35,0,2,0
29,1,3,0
45,1,1,0
44,0,3,0
35,0,1,0
48,3,1,1
33,2,1,0
38,1,0,0
32,2,1,2
31,1,1,1
29,2,2,0
28,1,0,0
40,1,1,0
26,0,11,0
42,1,1,1
37,0,1,0
33,1,1,0
27,3,3,0
37,4,0,0
35,2,3,0
41,1,3,0
29,1,1,0
29,0,1,0
34,2,1,0
28,2,2,0
34,1,1,0
44,1,10,0
27,0,5,0
42,1,0,0
42,0,1,0
26,2,2,0
39,0,1,0
32,2,4,0
24,4,2,0
38,1,2,0
39,0,0,0
20,0,1,2
32,0,5,1
29,0,1,0
41,1,4,0
38,0,0,0
43,0,1,0
29,1,5,0
40,2,2,0
25,1,2,0
44,1,4,0
28,0,2,0
37,2,0,0
43,4,2,1
42,0,4,0
32,1,2,0
36,0,4,0
50,0,4,0
34,4,1,2
46,0,2,0
21,2,0,1
36,0,0,0
32,0,2,0
33,2,0,0
22,1,2,0
38,0,2,0
42,1,0,0
44,4,1,0
40,1,0,0
37,1,2,0
38,2,1,0
33,0,0,0
42,0,2,0
47,2,4,0
27,1,4,0
30,4,2,1
39,1,8,1
42,2,1,0
28,1,1,0
47,0,4,0
24,2,1,0
32,1,12,1
48,0,1,0
38,0,0,0
44,0,1,0
24,1,1,0
37,6,3,0
42,1,1,0
30,1,0,0
33,0,1,0
32,0,1,0
40,1,1,0
35,0,1,1
46,0,2,0
38,1,0,0
29,1,0,0
38,3,2,0
45,4,1,1
35,1,4,1
36,0,1,0
40,0,5,0
43,0,1,1
39,1,0,0
37,2,3,1
31,1,0,0
38,0,3,0
39,0,3,1
45,10,1,0
38,1,0,0
37,2,0,0
27,0,2,0
42,1,0,0
30,0,1,0
36,2,1,0
43,1,5,1
30,1,6,1
45,0,1,0
41,1,0,0
37,0,3,0
39,2,2,0
53,0,0,0
38,0,1,0
40,0,2,0
31,0,7,1
49,1,2,0
33,1,0,0
37,2,1,0
47,3,5,0
38,5,0,0
30,3,4,1
39,3,1,0
48,1,3,0
33,2,1,0
23,1,3,0
37,1,0,0
32,0,7,0
35,0,1,0
36,1,0,0
42,0,1,0
50,2,2,0
26,0,3,0
35,0,2,0
31,0,3,0
29,2,0,0
38,0,2,0
26,3,1,0
32,1,0,0
37,1,4,0
50,2,3,0
38,1,4,0
33,0,3,0
44,2,1,0
33,1,5,0
46,2,2,2
29,3,1,0
37,2,0,0
32,0,0,0
34,0,1,0
47,0,0,0
31,0,2,0
39,0,1,2
49,1,1,0
37,1,2,0
33,1,2,0
47,1,1,0
41,0,0,0
33,0,5,0
26,2,1,0
42,0,0,0
44,1,2,0
34,0,3,0
39,0,0,0
47,1,1,0
27,1,1,0
40,2,1,0
34,2,2,0
42,1,0,0
38,1,4,0
44,1,0,0
48,2,2,0
34,0,6,0
35,3,1,1
25,0,5,2
33,1,2,0
40,4,2,0
29,5,2,0
35,1,3,0
38,2,5,1
41,0,2,0
39,0,0,0
44,2,0,0
30,1,1,0
53,0,1,0
46,1,2,0
41,1,2,0
35,1,2,0
38,0,0,0
40,1,1,0
34,3,3,0
25,1,7,1
44,0,2,0
39,5,1,0
35,0,1,0
33,0,3,0
34,2,1,0
34,3,1,0
40,0,1,0
34,1,3,0
33,0,1,1
33,4,0,0
43,4,1,1
35,1,0,0
32,0,2,0
32,1,0,0
42,0,2,0
33,1,1,0
30,3,0,0
31,0,1,0
37,3,8,1
32,1,1,0
43,3,0,1
47,2,3,0
41,1,2,0
39,0,3,0
35,2,0,0
31,0,1,0
29,2,7,0
50,0,1,0
36,2,2,0
38,0,3,0
35,0,1,0
32,6,2,0
40,1,0,0
35,1,12,0
49,1,2,0
31,1,0,0
24,1,1,0
36,0,4,0
38,2,0,0
29,1,3,0
37,0,1,0
34,0,0,0
26,0,0,0
34,1,8,2
24,2,2,0
25,0,0,0
36,3,0,0
28,1,1,0
28,1,2,0
32,1,2,0
39,1,1,0
23,0,10,0
28,0,2,0
30,0,3,0
44,3,3,0
25,1,0,0
53,0,3,0
41,0,1,0
43,0,0,1
34,3,5,0
40,0,0,0
35,2,3,0
33,0,1,0
27,0,0,1
37,0,0,0
32,0,2,0
51,0,1,0
28,0,1,0
38,0,3,0
42,0,2,0
47,0,2,1
31,2,0,0
31,0,3,0
44,0,2,0
32,1,2,0
40,4,1,0
29,1,13,2
32,1,2,0
38,0,2,0
43,0,2,0
35,2,0,1
53,0,1,1
36,0,1,0
35,0,3,0
50,1,2,0
50,2,0,0
37,0,2,0
44,0,2,0
47,2,1,0
36,1,1,0
40,2,0,0
42,1,3,0
34,0,0,0
35,0,1,0
32,0,2,0
35,1,0,0
26,2,3,0
41,0,0,0
27,4,2,1
38,0,3,0
34,1,3,0
39,1,3,0
22,4,6,1
42,0,1,0
39,1,0,0
28,0,1,0
34,0,0,0
36,0,0,0
40,2,0,0
26,0,7,0
49,1,2,0
40,1,3,0
30,1,7,0
41,2,2,0
38,0,2,0
41,0,1,0
28,0,9,0
34,0,13,0
44,2,1,0
36,0,0,0
33,1,1,0
35,0,5,0
37,2,2,0
33,3,1,1
41,4,0,0
39,4,0,0
35,1,5,1
36,0,0,0
44,0,0,0
40,4,1,0
44,1,1,1
38,0,2,0
30,1,2,0
37,1,0,0
31,2,2,0
32,2,2,0
28,2,2,0
35,0,2,0
49,0,1,0
39,0,0,0
44,1,1,0
38,0,0,2
36,0,2,0
29,2,10,1
42,1,1,0
47,1,3,0
37,0,1,0
36,0,2,0
40,1,3,0
39,0,0,0
39,1,2,0
38,0,1,0
40,0,0,0
34,0,3,0
36,3,2,0
46,4,2,0
30,2,1,0
36,1,2,0
33,1,3,0
32,1,5,1
38,1,2,0
41,3,2,0
37,7,1,0
33,0,3,0
31,3,1,0
34,0,2,0
43,3,3,0
31,1,7,1
38,1,8,1
51,0,0,0
31,0,2,0
29,0,3,0
42,0,1,0
35,1,12,0
32,0,2,0
53,1,2,0
29,0,3,0
35,1,2,0
43,1,1,0
30,1,0,0
31,1,0,0
40,1,1,0
30,1,1,0
34,2,1,0
33,0,1,0
43,1,7,0
23,0,10,1
30,3,1,0
38,0,2,0
38,0,0,0
48,0,1,0
34,1,2,0
38,0,1,0
50,1,1,0
38,2,2,0
32,4,1,0
29,0,1,0
46,0,0,0
35,0,1,0
30,0,1,0
34,0,3,0
38,11,2,0
43,0,1,0
36,0,5,0
52,0,0,0
38,0,3,0
38,0,2,0
43,2,3,0
31,1,2,0
42,3,5,0
44,0,1,0
39,2,2,0
36,1,0,0
35,3,0,0
27,2,0,0
29,1,1,2
31,1,1,0
51,2,0,0
34,0,2,0
40,1,2,0
50,1,0,0
38,1,1,0
37,1,1,0
28,1,7,1
43,0,1,0
38,2,3,0
33,1,0,0
50,1,0,0
42,1,1,0
28,0,3,0
33,1,1,0
35,1,3,0
40,2,1,1
39,2,2,0
40,1,11,0
31,1,1,0
31,2,2,0
29,2,2,0
28,0,3,0
42,1,2,0
35,5,1,0
43,0,4,0
32,1,6,0
32,1,2,0
30,0,6,0
40,0,2,0
39,0,4,0
48,1,2,0
38,0,1,0
27,1,4,0
26,1,6,1
44,1,4,0
28,0,7,0
44,2,1,0
46,2,3,0
46,1,4,0
33,0,1,0
39,0,2,0
36,0,1,0
34,3,11,1
28,0,1,0
40,0,2,0
45,0,1,1
40,1,2,0
36,3,2,0
36,0,2,0
29,2,1,0
32,0,1,0
35,2,1,0
29,1,0,0
38,3,3,0
42,5,2,0
35,0,3,0
41,2,1,0
37,3,1,0
40,0,2,0
39,3,3,0
27,1,10,0
31,2,4,0
40,1,0,0
31,1,2,0
39,2,0,0
37,0,0,0
34,0,0,0
27,2,0,0
41,0,1,0
39,0,1,0
34,2,0,0
31,2,4,0
30,0,8,0
42,1,1,0
32,1,0,0
36,0,2,0
50,1,2,0
43,3,11,1
26,1,10,0
32,0,12,0
39,0,2,0
39,4,2,0
37,1,4,0
42,1,0,0
38,2,0,0
34,2,0,0
34,2,0,0
46,1,2,1
31,0,1,0
41,2,1,1
38,2,3,0
36,1,1,0
31,0,0,0
39,3,2,0
26,5,1,0
33,3,4,0
29,0,18,0
49,1,0,0
29,0,1,0
38,2,1,0
38,0,2,0
26,2,3,0
34,0,1,0
56,1,2,0
32,1,3,0
28,0,0,0
33,0,1,0
32,0,6,0
38,0,0,0
33,2,2,0
39,1,1,0
29,1,1,0
42,0,2,0
43,3,2,0
40,0,1,0
46,0,2,0
49,1,1,0
38,0,3,0
27,1,9,0
33,1,1,0
34,0,9,0
46,1,4,0
30,1,0,0
35,1,2,0
33,0,2,0
38,1,2,0
43,0,0,0
41,1,3,0
42,3,2,0
36,1,1,0
55,0,4,0
29,1,5,0
40,5,1,0
27,0,3,0
37,3,1,0
31,0,1,0
41,0,1,0
34,1,8,0
31,0,2,0
42,0,2,0
37,2,2,0
36,3,1,0
36,0,6,1
39,3,1,0
31,1,4,0
31,3,0,0
41,1,2,0
39,0,2,0
37,1,0,0
36,1,2,0
45,1,0,0
39,1,0,0
37,0,1,1
46,0,9,0
30,1,1,0
38,2,1,0
25,0,3,0
37,1,3,0
26,1,0,0
26,0,0,0
40,1,3,0
35,1,0,0
36,5,0,0
43,2,1,0
35,0,4,0
34,1,2,0
37,2,9,2
40,0,0,0
30,0,4,0
46,1,0,0
38,1,0,0
33,1,3,0
32,1,0,0
39,1,2,0
36,0,2,0
39,0,1,0
36,0,0,0
36,1,0,0
41,1,1,0
31,1,0,0
54,0,1,0
35,0,1,0
42,1,3,0
41,1,1,0
34,2,3,0
36,2,3,0
37,1,1,0
43,0,2,0
34,3,2,0
31,0,5,0
31,1,2,0
30,1,0,0
42,2,1,0
35,2,2,0
28,0,5,0
38,0,3,0
37,0,3,0
43,1,3,0
35,0,3,0
29,1,2,0
40,1,6,0
29,2,7,0
30,0,0,0
38,1,2,0
34,0,1,1
38,1,2,0
45,6,3,0
31,0,5,1
39,4,0,0
40,1,1,1
34,0,3,0
32,0,2,0
36,3,5,0
45,1,0,0
46,1,4,0
33,1,2,0
35,1,1,0
38,3,3,0
41,1,1,0
44,1,2,0
33,2,6,0
31,5,0,1
40,0,3,0
46,2,0,0
35,1,1,0
34,1,1,0
33,1,1,0
46,0,2,0
45,0,1,0
33,2,2,0
33,0,1,0
37,1,3,0
35,1,2,0
41,0,1,0
39,0,1,1
29,2,1,0
44,0,7,0
38,0,2,0
31,0,3,0
25,1,15,0
48,0,3,0
36,1,4,0
36,1,2,1
41,1,0,0
42,0,2,0
39,0,1,0
29,4,2,0
50,1,1,0
34,1,0,0
43,4,2,0
47,1,1,0
38,2,3,0
30,0,3,0
38,2,7,0
32,2,1,1
42,0,1,0
36,2,1,0
35,1,1,1
42,0,2,0
28,1,1,0
32,1,3,0
26,3,4,0
34,0,5,0
39,0,2,0
35,1,1,0
42,1,0,0
44,1,2,0
36,1,0,0
33,2,4,1
41,0,3,0
33,0,1,0
30,0,1,0
40,0,0,0
50,0,3,0
37,2,2,0
33,1,1,0
44,1,2,0
34,1,4,0
40,0,6,0
30,3,0,1
38,1,3,0
30,0,3,0
30,1,2,0
42,0,0,0
29,1,1,0
37,0,2,0
37,0,0,0
38,1,5,0
39,0,0,0
42,2,2,0
39,0,1,0
39,2,1,0
39,0,1,0
40,1,1,0
33,0,1,0
24,2,0,1
35,0,1,0
44,2,4,1
43,3,5,0
41,0,0,0
32,0,0,0
40,1,2,0
41,0,0,0
35,4,1,0
38,1,6,0
46,0,2,0
34,2,0,0
38,1,1,1
40,3,2,0
34,2,2,0
20,0,3,0
52,5,3,0
48,2,3,0
41,1,1,0
36,1,3,0
36,1,0,0
31,1,2,0
32,0,2,0
41,1,2,0
37,4,0,1
36,0,2,1
39,0,2,0
32,1,1,0
53,1,2,0
45,0,1,0
39,1,1,0
34,3,2,1
22,2,2,0
27,1,0,0
36,6,3,0
36,4,1,0
43,2,1,0
38,2,1,1
43,0,1,0
45,0,3,0
43,0,3,0
30,0,1,0
30,1,2,0
35,1,11,0
56,2,2,0
43,3,2,0
30,1,1,0
40,2,0,0
44,0,1,0
33,1,5,0
38,0,1,0
28,2,0,1
33,0,8,2
41,0,3,0
34,1,1,0
36,4,0,0
48,0,1,0
36,1,2,0
43,0,2,0
44,3,3,0
40,1,2,0
50,1,0,0
40,0,0,0
27,1,8,1
32,0,2,0
33,1,0,0
41,4,0,0
43,0,3,0
39,1,0,0
43,2,1,1
35,2,2,0
42,2,0,0
39,0,0,0
35,0,2,0
33,1,1,0
35,1,2,0
29,0,0,1
44,0,0,0
35,1,0,1
41,1,1,0
28,1,6,1
38,3,2,0
41,0,3,0
42,0,1,0
36,5,1,0
23,1,4,0
35,0,4,0
30,0,7,0
30,3,1,0
35,2,1,0
36,1,2,1
39,1,4,0
36,7,2,0
46,0,2,0
38,0,1,1
36,0,0,0
37,1,2,0
33,0,0,0
34,0,2,0
51,0,2,0
36,1,3,1
33,0,3,0
39,0,3,0
38,0,6,0
34,4,1,0
48,0,2,0
33,2,1,0
31,1,3,0
38,2,4,1
28,0,1,0
33,0,1,0
36,0,7,0
42,1,5,0
37,0,1,0
47,0,0,0
31,5,1,0
34,1,0,0
24,3,8,0
32,0,1,0
33,3,3,0
35,0,0,0
38,0,2,0
26,1,0,0
41,1,4,1
31,0,2,0
46,3,2,0
37,0,1,0
45,2,2,0
42,1,4,0
41,0,0,0
44,0,2,0
23,1,11,0
32,1,0,0
31,1,4,0
42,1,0,0
28,1,2,0
29,0,2,0
25,1,8,0
42,1,3,0
40,1,4,0
26,0,0,0
37,2,0,0
28,3,4,0
40,1,1,0
32,0,9,0
38,1,2,0
44,0,0,0
45,3,2,0
34,2,2,0
42,2,4,0
41,0,2,0
33,2,1,0
42,1,0,0
46,0,2,0
40,2,1,0
29,0,1,0
51,0,1,0
34,2,8,0
45,1,2,0
32,0,1,0
35,8,1,0
46,1,1,0
46,3,0,0
45,2,0,0
22,0,3,0
39,0,3,0
45,1,4,0
36,1,0,0
30,1,1,0
34,0,3,0
40,1,4,0
36,0,1,0
42,1,1,0
38,1,2,0
39,2,1,0
33,0,8,0
35,2,0,0
38,2,1,0
47,0,2,0
34,1,1,0
36,1,1,0
29,2,2,0
37,0,0,0
51,0,3,0
23,0,16,0
35,1,3,0
39,0,0,0
42,3,1,0
40,0,0,0
37,0,1,0
28,2,2,0
37,0,3,0
31,0,2,0
43,1,1,0
41,1,1,0
37,0,0,0
46,0,3,0
23,4,3,2
34,1,0,0
50,1,10,0
30,2,1,0
29,1,6,0
48,1,2,0
47,1,4,0
35,2,1,0
30,1,1,1
38,1,1,0
47,0,1,0
44,3,3,1
54,1,1,0
27,0,3,0
37,2,0,0
52,0,0,0
41,1,0,0
39,0,2,1
28,1,1,0
40,3,1,0
42,1,0,1
42,1,2,0
32,3,1,0
35,0,1,0
39,0,1,1
33,0,0,0
44,1,4,0
48,0,0,0
37,2,1,0
27,0,5,0
33,0,2,0
39,2,0,0
45,0,4,1
29,2,4,0
42,1,2,0
43,2,4,0
33,1,0,0
39,1,2,0
44,1,1,0
33,1,0,0
44,0,3,0
28,1,5,0
39,1,7,1
35,1,1,0
29,1,0,0
33,3,2,0
38,2,1,0
46,0,0,0
32,1,3,1
30,1,3,0
43,1,1,0
29,3,2,2
47,1,1,0
27,2,1,0
36,2,0,0
37,0,1,0
27,0,1,0
36,3,2,2
39,3,4,0
30,2,2,0
32,2,2,0
35,3,0,1
24,0,7,0
41,4,1,0
33,1,3,0
32,1,2,0
41,1,6,1
46,1,2,1
44,1,1,0
37,2,2,0
35,1,2,0
43,0,2,0
31,2,0,0
39,2,1,0
33,2,2,0
41,0,4,0
41,0,2,0
29,3,3,0
29,0,3,0
25,3,1,0
33,2,5,0
37,1,8,1
27,1,6,1
33,2,1,0
35,1,4,0
29,1,7,1
26,0,12,0
28,0,1,0
37,1,0,0
33,2,2,0
48,2,1,1
45,2,4,0
38,0,1,0
38,0,1,0
29,4,1,0
43,1,2,0
31,1,2,0
44,1,2,0
32,2,4,0
36,2,1,0
46,3,2,1
34,0,1,0
31,2,3,0
46,2,2,0
35,1,4,0
37,5,1,0
28,0,4,0
29,1,7,1
40,0,2,0
34,4,5,0
36,1,2,0
31,0,2,0
33,0,6,0
37,1,0,0
36,3,0,0
43,0,1,0
37,0,0,0
44,5,2,0
38,0,2,0
45,3,0,0
38,1,3,0
41,0,1,0
38,1,4,0
45,0,2,0
46,0,2,0
37,1,3,0
35,1,2,1
35,0,2,0
33,0,2,0
50,0,2,0
20,1,5,0
44,1,2,0
42,0,2,0
36,2,5,0
53,0,0,0
29,3,0,0
25,0,1,0
32,1,0,0
36,1,1,0
37,0,13,0
35,1,0,0
33,1,2,0
31,0,1,0
39,0,2,0
40,1,1,0
27,2,3,0
29,1,3,0
37,0,3,0
44,0,0,0
35,1,1,0
38,7,3,0
39,0,1,0
36,1,6,0
37,0,1,0
45,1,0,1
34,1,2,0
22,1,10,2
29,0,2,0
43,0,1,0
38,0,2,0
29,1,3,0
53,0,1,0
34,0,1,0
39,1,3,0
26,2,1,0
42,1,1,0
34,4,8,0
31,4,3,0
35,1,1,0
34,5,2,2
47,1,2,0
41,1,1,1
31,0,2,1
36,0,2,0
39,1,2,0
40,0,6,0
33,0,1,0
29,1,1,0
43,0,3,0
27,0,1,0
36,3,0,0
42,0,0,0
30,1,1,0
40,2,2,1
25,0,3,0
47,1,3,0
33,2,0,0
40,0,2,0
39,0,5,0
29,2,7,0
48,0,5,0
51,4,0,0
38,0,3,0
42,2,0,1
37,1,0,0
33,1,1,0
35,2,1,0
26,1,1,0
36,0,3,0
49,0,4,0
37,1,3,1
35,1,1,0
53,0,1,0
42,0,0,0
46,2,1,0
41,0,3,0
25,5,2,1
41,1,0,0
48,1,0,0
44,1,1,0
36,2,2,1
37,1,1,0
36,2,3,1
28,1,2,0
38,1,3,0
47,0,2,0
32,2,3,0
33,1,0,1
48,1,1,0
39,0,2,0
34,0,2,0
32,1,7,1
37,1,2,0
33,1,2,0
38,0,0,0
55,2,4,0
38,1,2,0
33,1,0,1
36,0,2,0
35,0,1,0
33,1,2,0
30,0,2,0
30,0,10,0
48,1,1,0
49,2,0,0
38,1,1,0
47,0,2,0
36,0,3,0
38,0,3,0
41,0,1,0
35,0,3,0
34,2,2,0
33,1,6,0
38,1,0,0
31,2,1,0
24,0,9,0
47,0,1,0
31,0,3,0
42,1,0,0
35,2,1,0
37,5,1,1
24,3,1,1
35,0,2,0
29,5,0,0
34,0,6,1
39,0,1,0
37,4,5,2
37,1,1,0
45,0,0,0
30,1,1,0
36,1,2,0
38,2,0,0
32,0,1,0
42,1,2,0
41,4,1,1
33,2,4,0
35,1,1,0
24,0,2,0
40,2,1,0
38,1,2,0
37,1,4,0
34,0,2,0
26,3,4,0
29,0,2,0
40,1,0,0
28,2,0,1
38,0,4,0
26,1,0,0
30,0,2,0
39,0,2,0
30,3,1,0
34,1,11,0
46,1,3,1
46,4,2,0
47,3,1,0
41,1,0,0
36,2,2,0
46,0,3,0
37,0,1,0
29,2,4,0
36,1,1,0
44,0,0,0
48,0,4,0
38,2,0,0
37,0,2,0
23,1,12,0
45,0,2,0
49,0,1,0
43,2,2,0
41,3,3,0
40,0,3,0
32,1,4,0
56,0,1,0
46,1,0,0
37,0,4,0
38,0,1,0
25,0,12,1
33,1,1,0
38,0,2,0
44,1,2,0
33,0,7,1
28,2,0,0
42,1,0,0
34,1,2,0
36,3,0,0
30,0,1,0
33,4,2,0
23,1,3,0
39,0,3,0
40,1,2,0
35,3,3,0
30,3,1,0
32,2,2,0
39,0,1,0
38,2,2,0
36,0,2,0
33,0,4,0
40,2,2,0
40,0,2,0
29,1,1,0
39,1,1,0
30,0,0,0
32,4,0,1
32,2,2,0
34,0,1,0
43,2,3,0
37,0,0,0
33,2,1,0
36,0,1,0
36,0,4,0
33,2,3,0
36,0,12,1
44,0,4,0
28,0,0,0
29,0,0,0
37,0,2,0
33,2,0,0
34,0,0,0
33,1,1,0
18,0,11,0
33,1,2,0
35,0,3,0
36,1,1,0
34,2,3,0
35,1,3,0
30,1,2,0
42,2,1,0
30,2,2,1
31,0,1,0
20,1,1,0
44,2,0,0
40,1,3,0
28,1,4,1
28,1,1,1
33,0,1,0
46,2,2,0
35,0,9,0
27,1,3,0
39,0,2,0
40,2,2,0
49,2,2,0
39,3,1,0
49,0,1,0
28,1,2,0
34,3,1,0
46,0,1,0
35,1,3,0
42,2,3,0
37,4,1,0
36,0,2,0
32,2,7,1
38,0,1,0
35,3,0,1
22,4,13,0
36,0,0,0
34,0,2,0
35,0,3,0
40,1,1,0
31,1,1,0
41,3,2,0
45,0,1,0
51,4,0,0
39,1,1,0
31,2,2,0
45,0,4,0
25,0,14,0
31,0,3,0
33,1,2,0
43,2,2,0
31,0,2,0
35,2,1,0
44,1,2,0
32,0,2,0
27,0,1,0
36,1,1,0
35,2,1,0
24,0,1,0
41,1,1,0
33,1,0,0
46,0,1,0
34,1,1,0
36,0,3,0
39,0,1,0
24,0,7,2
30,1,1,0
31,1,1,0
35,2,0,0
51,0,1,0
35,0,3,0
34,3,2,0
40,3,1,1
30,2,1,0
42,0,1,0
33,1,6,0
33,2,2,0
45,0,2,0
49,1,4,0
35,3,1,1
40,0,2,0
50,1,5,0
34,1,0,0
32,2,2,0
24,0,4,0
38,0,3,0
41,1,0,1
32,0,1,1
26,1,3,0
38,1,0,0
30,1,1,0
37,2,2,0
37,0,0,1
37,0,3,0
34,0,0,0
38,1,1,0
39,1,2,0
37,1,2,0
33,3,0,0
30,0,9,0
26,2,9,0
21,0,3,0
40,2,3,0
39,0,1,0
27,0,2,0
38,0,3,0
38,1,1,0
40,0,6,0
35,2,2,2
44,2,0,0
39,2,0,0
41,0,2,0
38,0,0,0
37,0,0,0
43,1,0,0
33,1,3,0
42,1,2,0
30,2,0,2
37,0,1,0
37,3,2,0
37,1,0,0
44,2,1,0
45,2,0,0
43,0,1,0
37,0,2,0
28,1,9,1
39,1,1,0
30,0,2,0
48,2,3,0
26,0,12,0
31,0,2,1
37,0,0,1
38,0,3,1
29,0,1,0
30,1,0,0
45,2,3,0
41,0,1,0
36,1,2,0
29,1,0,0
27,0,9,0
40,0,2,0
37,1,2,0
39,2,1,0
41,0,2,0
30,0,0,0
38,0,1,0
39,1,4,0
33,3,0,0
33,1,2,0
32,1,1,0
33,1,0,1
44,1,1,0
43,1,3,1
33,1,0,0
27,0,3,0
44,0,3,0
33,2,0,0
34,1,2,0
29,2,3,0
33,0,6,0
33,2,0,1
35,1,0,0
36,1,2,0
33,1,2,0
47,0,3,1
35,2,0,0
43,0,5,0
38,0,1,0
30,0,1,0
44,3,1,0
36,4,0,0
43,0,1,0
42,1,3,0
37,2,1,1
51,2,1,0
34,0,1,0
36,0,0,0
40,2,0,0
25,0,7,0
40,4,2,0
41,2,2,0
35,0,4,0
43,0,2,0
40,0,0,0
35,2,2,0
45,1,0,0
32,2,0,0
37,1,1,0
30,0,1,0
38,0,1,0
38,0,9,0
44,2,2,0
42,0,1,0
37,0,0,0
46,1,0,0
38,1,1,0
37,1,0,0
40,1,0,0
39,1,3,1
32,0,7,0
35,0,1,0
34,0,2,0
39,1,3,0
24,0,4,0
27,1,1,0
33,0,0,0
48,0,1,0
31,0,8,0
34,2,0,0
23,0,0,0
30,1,0,1
34,2,0,0
22,0,3,0
48,2,3,0
33,1,1,0
54,0,1,0
36,1,0,0
43,0,7,0
31,0,4,0
48,0,0,0
35,1,0,0
37,0,2,0
36,0,3,0
47,0,0,0
39,0,1,0
33,4,1,0
28,0,7,2
37,0,1,0
42,2,2,0
34,1,1,0
32,0,2,0
31,0,2,0
38,1,11,0
41,2,0,0
34,0,1,1
35,0,3,0
32,2,4,1
30,1,1,0
40,3,3,0
35,1,4,1
42,1,1,0
24,0,6,2
47,1,1,0
32,0,1,0
36,4,1,0
31,0,6,0
43,0,3,0
28,0,7,0
45,2,1,0
40,4,2,0
38,1,3,0
45,0,3,1
32,0,1,0
37,0,2,0
27,0,6,1
33,0,1,1
41,1,1,0
45,0,2,0
34,1,2,0
37,1,0,0
34,2,0,0
42,2,1,0
47,2,2,0
53,2,1,0
24,0,6,0
32,1,1,0
36,2,0,0
33,2,4,1
35,1,1,0
31,2,0,0
46,0,5,0
38,2,2,1
31,1,10,1
36,1,7,0
47,0,6,0
41,3,1,0
42,1,1,0
35,0,1,0
37,2,2,0
43,2,3,0
32,0,8,0
43,0,8,0
43,1,2,0
28,1,0,0
39,6,2,0
40,0,1,0
48,1,0,1
34,0,1,0
37,2,2,0
42,0,6,1
26,0,1,0
33,1,1,0
42,1,2,0
35,0,3,0
39,1,1,0
38,0,3,0
38,3,3,0
29,0,8,0
30,3,1,0
39,0,0,0
33,4,5,0
40,0,0,0
44,2,1,0
37,0,2,0
28,1,0,0
27,1,5,2
30,0,8,0
42,1,0,0
36,1,1,0
39,3,4,0
28,0,2,0
41,1,3,0
44,0,1,0
35,7,1,0
37,0,2,0
32,0,0,0
36,0,7,1
47,1,2,0
33,0,1,0
20,1,6,2
40,0,1,0
30,2,14,1
34,5,1,0
29,0,3,0
32,1,0,0
50,0,1,0
29,0,1,0
40,3,1,0
35,1,2,0
29,0,1,0
50,0,2,0
28,0,5,0
36,0,1,0
34,1,0,1
26,0,13,0
31,2,0,0
42,2,1,0
31,0,2,0
37,3,3,0
43,1,0,0
37,1,2,0
32,1,2,0
45,0,2,3
38,0,1,0
43,5,1,0
36,1,2,0
38,2,2,1
43,1,0,0
33,2,0,0
34,2,2,2
35,1,2,1
31,2,3,0
35,2,0,0
38,1,3,0
40,0,1,0
45,1,2,0
25,1,0,0
47,1,1,0
34,1,1,0
30,2,10,1
41,2,4,0
30,3,3,0
31,1,0,0
38,0,2,0
34,0,8,0
42,0,1,0
47,0,3,0
26,0,1,0
37,1,2,0
27,0,4,0
36,3,0,0
46,5,2,0
42,3,0,0
27,3,7,0
32,0,1,1
36,1,2,0
45,2,1,1
40,2,1,0
40,0,1,0
42,3,2,0
36,2,2,0
31,3,2,0
32,1,1,0
38,0,1,0
36,1,1,0
46,0,0,0
27,1,0,0
37,0,9,1
34,0,0,0
35,5,3,1
32,0,7,0
42,1,0,0
40,1,2,0
41,1,1,0
30,0,1,0
39,2,4,0
35,0,5,0
37,1,1,0
34,0,2,0
40,1,2,0
27,0,2,0
46,0,3,0
32,0,1,0
32,0,1,0
37,0,1,0
36,2,3,0
21,0,2,0
24,1,1,0
34,0,5,0
44,1,4,0
34,1,0,0
39,2,8,0
32,2,1,0
33,3,3,0
32,1,3,0
38,0,1,0
35,0,1,0
26,0,15,2
36,1,4,0
40,0,0,1
37,0,0,1
32,0,8,0
37,1,3,0
31,0,12,1
24,1,9,0
49,0,1,0
34,2,3,0
42,0,3,0
40,0,1,0
46,1,7,0
37,0,5,0
31,1,4,0
29,5,1,1
38,1,2,0
35,1,2,0
43,0,3,0
38,2,2,0
34,0,3,1
39,1,0,0
37,1,1,0
35,1,0,1
38,1,1,0
26,1,4,0
37,0,0,0
30,0,2,0
41,1,1,0
35,0,1,0
36,1,2,0
25,4,2,0
31,0,9,0
37,5,7,2
29,0,9,0
28,1,0,0
41,4,1,0
36,1,3,1
28,0,1,0
29,0,9,0
28,0,6,1
35,0,2,0
39,1,2,0
40,1,4,0
36,0,10,0
24,0,6,0
40,1,3,0
40,0,0,0
35,1,3,0
28,0,1,0
44,0,5,0
37,2,1,0
38,2,2,0
42,1,1,0
37,1,2,0
34,1,2,0
39,0,1,0
48,2,0,0
45,0,2,0
40,2,1,0
29,2,1,0
25,2,1,0
40,0,0,0
43,1,1,0
41,2,0,0
41,1,3,0
26,1,5,1
43,4,2,0
42,0,1,0
36,1,4,0
42,3,0,0
47,0,2,0
35,4,3,0
23,2,5,1
35,0,1,0
34,0,3,1
36,0,1,0
41,2,1,0
31,1,2,0
39,0,3,0
32,2,12,2
41,3,0,0
45,2,2,1
44,1,2,0
37,0,2,0
36,1,4,0
37,3,1,0
43,0,3,0
45,1,0,0
34,4,1,0
35,0,3,0
40,3,1,0
35,1,0,0
46,0,3,0
35,4,0,0
31,2,3,0
44,0,1,0
35,1,10,0
37,0,3,0
34,0,2,0
42,0,0,0
38,0,4,0
26,0,0,0
36,0,7,0
42,2,2,0
30,1,3,0
37,0,5,0
39,0,2,0
42,5,0,0
41,0,5,0
44,0,2,0
53,0,0,0
34,0,5,1
35,0,3,0
32,0,4,0
44,2,5,0
35,2,5,1
33,0,2,0
40,1,3,0
28,0,16,2
51,0,6,1
35,1,4,0
45,1,4,0
37,0,1,0
45,5,0,0
30,0,2,0
30,1,2,0
39,2,1,0
27,0,15,0
34,0,1,0
38,0,2,0
30,2,3,0
28,0,15,0
26,1,20,0
36,2,1,0
35,0,1,0
31,1,10,0
30,0,1,0
22,0,1,0
34,0,2,0
35,0,6,0
34,2,0,1
29,0,7,0
35,2,2,0
32,0,5,0
43,0,1,0
40,1,1,0
30,1,2,0
34,1,2,0
48,0,1,0
36,1,1,0
34,4,3,0
38,0,0,0
37,1,3,0
49,1,1,0
40,1,3,1
30,0,5,0
32,3,9,0
32,1,1,0
47,1,0,0
29,0,0,0
57,0,0,0
43,1,2,0
33,0,11,1
33,2,2,0
45,0,0,0
29,1,3,0
29,0,4,0
41,0,4,0
42,3,2,0
41,1,2,0
38,1,2,0
42,0,2,0
25,1,13,0
40,0,3,0
28,0,0,0
34,1,1,0
40,1,1,0
37,3,1,0
41,2,3,0
40,2,6,1
39,0,2,0
26,1,7,0
39,0,0,0
40,0,1,0
37,3,1,1
37,0,6,0
43,0,3,0
50,0,2,0
30,1,0,0
49,0,0,0
36,0,12,1
44,0,0,0
28,2,1,0
34,1,2,0
45,1,0,0
33,3,0,0
45,2,4,0
37,1,0,0
40,1,8,0
32,2,2,1
33,0,2,1
34,0,4,0
26,1,5,0
41,1,1,0
31,0,2,0
24,0,2,0
37,3,0,1
37,2,1,0
45,2,3,0
36,1,3,0
49,0,3,0
30,2,7,0
43,0,0,0
29,0,12,0
37,1,4,0
26,1,0,0
36,1,2,0
44,0,2,0
32,3,2,0
33,1,0,0
31,1,3,0
36,0,11,0
29,1,1,0
37,4,2,1
36,1,3,0
37,2,0,1
38,1,2,0
29,1,4,0
40,1,2,0
55,1,1,0
44,2,2,0
36,2,3,0
40,2,0,0
35,3,2,0
37,1,2,0
48,1,4,0
46,1,0,0
42,0,2,0
35,1,0,0
24,1,5,4
31,0,3,0
35,2,0,0
34,1,0,0
31,0,12,0
43,1,3,0
30,0,9,0
38,0,1,0
26,3,1,0
32,2,0,0
41,2,2,0
36,0,2,0
36,1,0,0
42,3,2,0
43,0,3,0
33,0,2,1
46,1,2,0
38,6,1,0
42,4,2,0
27,1,2,0
38,0,1,0
43,1,1,1
37,1,2,0
42,0,2,0
33,2,0,0
44,1,6,1
34,3,0,0
51,0,0,0
52,2,0,0
44,0,2,0
28,0,1,0
34,1,1,1
31,4,7,1
32,1,2,0
43,0,1,1
28,2,3,0
38,0,2,0
43,2,1,0
43,0,0,0
46,0,0,0
36,0,0,0
30,0,3,0
29,5,1,0
23,1,9,1
31,1,1,0
42,2,2,0
33,2,2,0
37,1,0,0
45,0,2,0
39,0,0,0
43,1,1,0
48,1,1,0
30,2,3,0
31,1,2,0
34,0,0,0
39,1,3,1
31,2,0,0
35,1,4,0
35,1,3,0
31,1,9,1
37,1,1,0
35,0,2,0
40,0,1,1
43,2,2,0
40,1,1,0
34,2,0,1
24,3,3,0
44,0,2,0
34,0,1,1
39,1,0,0
34,0,0,0
46,0,1,0
33,4,0,0
34,0,3,1
29,0,4,0
34,2,2,0
35,0,2,0
39,0,2,0
51,2,2,0
46,1,2,0
29,1,1,0
34,1,0,0
40,1,3,0
45,1,0,0
25,1,2,1
39,4,0,0
36,1,0,1
33,1,2,1
37,2,4,0
44,2,3,0
43,0,2,0
24,3,1,0
32,0,1,0
32,0,1,0
46,1,1,0
35,3,1,0
33,0,12,0
33,0,0,0
32,0,2,0
45,4,1,0
33,0,0,0
39,1,2,0
41,1,2,0
33,2,1,0
40,1,1,0
32,1,0,0
33,6,2,0
38,0,4,0
34,0,6,0
33,2,7,1
37,0,2,0
31,3,2,1
29,2,1,0
41,0,3,0
28,1,2,0
51,1,1,0
37,1,2,0
31,0,6,1
46,1,3,0
40,1,4,0
37,3,10,0
26,1,2,0
28,0,5,1
33,0,1,0
42,1,2,0
41,2,1,0
28,2,1,0
29,2,1,0
26,0,5,0
38,3,1,0
38,3,1,0
38,0,7,1
28,0,5,0
46,0,2,0
26,1,8,1
37,0,3,0
36,1,0,0
39,0,5,0
38,2,3,0
35,0,0,0
33,1,3,0
31,0,0,0
39,1,2,0
35,2,4,0
33,0,1,0
44,0,2,0
44,0,5,0
39,3,2,0
33,0,1,0
29,0,7,0
29,0,1,0
40,0,0,0
45,0,1,0
43,0,1,0
42,2,3,0
36,1,0,0
32,0,2,0
41,0,3,0
34,0,1,0
46,0,1,1
33,5,0,1
39,2,0,0
31,1,1,0
35,2,8,1
41,2,0,1
40,1,1,0
37,5,0,0
45,1,1,0
45,0,2,0
34,0,0,0
36,0,2,0
28,0,1,0
45,3,1,0
36,1,3,0
45,5,0,0
35,1,4,0
37,2,0,0
35,0,2,0
32,0,1,0
36,0,2,0
34,0,13,0
44,0,1,0
22,1,5,1
50,0,0,0
32,1,1,0
41,2,1,0
38,0,1,0
42,0,2,0
37,0,3,0
34,2,2,0
42,2,1,1
36,0,1,0
48,0,1,1
48,1,0,0
31,1,7,0
31,1,0,0
34,0,0,0
32,2,2,0
31,0,3,0
41,2,2,0
37,2,4,0
38,0,3,0
34,3,0,0
32,1,3,0
38,0,0,0
29,1,0,0
22,1,3,1
39,0,0,0
41,0,1,0
33,1,3,0
37,0,6,0
45,1,1,0
25,2,1,0
34,0,1,0
40,0,2,0
36,0,1,1
36,2,2,0
36,0,2,0
34,0,1,0
35,1,1,1
37,0,1,0
48,1,1,0
28,1,2,0
30,0,16,0
37,3,0,0
41,3,1,0
33,1,1,0
37,0,2,0
42,1,0,0
39,1,3,0
31,0,1,0
28,0,0,1
41,2,3,0
35,1,2,0
32,0,0,0
32,2,0,0
41,1,1,0
36,1,2,0
39,1,2,0
31,0,2,0
42,2,3,0
35,1,7,0
22,3,2,0
43,0,1,0
39,4,0,0
37,0,4,0
28,3,1,1
36,1,1,0
31,1,0,1
31,1,2,0
32,0,2,0
38,1,1,0
36,0,1,0
44,0,1,0
36,0,3,0
30,1,0,0
26,0,5,0
38,3,2,0
27,1,6,1
40,2,0,0
37,1,1,0
29,2,1,0
33,0,3,0
44,0,0,0
38,1,3,0
32,2,1,0
27,0,6,0
45,2,2,0
33,4,5,0
31,3,3,0
48,2,2,0
27,0,3,0
50,0,1,0
34,0,1,0
41,0,1,0
44,0,2,0
37,3,2,0
36,0,1,0
38,1,5,1
41,0,0,0
43,1,0,0
49,1,2,0
32,0,0,0
54,0,0,0
33,1,10,1
29,1,5,0
39,1,2,0
29,0,0,0
37,0,1,0
35,2,1,0
40,0,3,0
36,1,1,0
38,1,1,0
32,1,3,0
35,1,0,0
39,1,2,0
38,0,2,1
32,0,1,0
38,0,0,0
37,0,2,0
42,2,4,0
30,2,5,3
45,1,2,1
36,7,2,0
31,0,0,0
51,3,1,0
40,1,2,0
18,3,1,0
32,0,3,0
46,4,1,1
32,1,0,0
34,0,1,0
30,1,2,0
44,2,1,0
44,1,2,0
38,0,2,0
42,0,1,1
45,3,1,0
40,0,1,0
45,1,1,0
45,1,1,0
51,0,2,0
26,0,2,0
37,1,1,0
40,0,3,0
32,1,3,0
43,1,1,0
41,0,3,0
41,0,1,0
37,0,0,0
33,3,1,0
37,1,3,1
37,1,0,1
38,1,1,0
27,1,10,1
47,0,1,0
44,0,0,0
35,0,1,0
41,1,1,0
50,0,0,0
49,0,1,0
51,1,3,0
47,3,2,1
26,1,2,0
30,0,2,0
36,2,1,0
39,0,1,0
33,1,4,0
38,4,2,0
28,2,1,0
34,1,0,1
38,4,1,1
28,0,1,0
44,1,4,0
47,1,1,0
31,1,0,0
41,1,6,0
32,3,1,0
34,2,1,0
36,1,3,0
33,0,1,0
33,0,0,0
39,0,0,0
25,3,9,1
42,0,15,1
41,1,1,0
32,1,3,0
31,0,3,0
29,1,5,0
34,0,1,0
45,0,4,0
34,0,3,0
33,0,8,0
34,1,0,0
38,1,10,1
29,1,0,0
30,2,3,0
34,1,2,0
30,0,3,0
43,0,3,0
31,1,0,0
43,1,0,0
34,1,3,0
45,2,6,1
37,0,0,0
42,0,2,0
32,0,3,0
41,1,1,0
44,1,0,0
38,1,1,0
37,0,4,0
32,0,6,0
45,1,1,0
21,4,2,0
35,1,1,0
39,0,3,1
47,3,2,0
34,0,1,0
33,0,3,0
39,1,1,0
35,2,1,0
20,0,21,0
39,1,2,0
34,0,1,0
27,0,6,0
43,0,0,0
34,1,0,0
33,0,2,0
52,0,3,0
49,0,1,0
36,2,0,0
41,5,0,0
34,0,1,1
44,0,5,2
21,2,5,0
44,2,2,0
35,2,5,0
34,0,1,0
30,0,8,1
43,0,0,0
34,0,9,1
32,0,0,0
39,0,0,1
35,0,1,0
36,1,1,1
48,1,2,0
42,0,2,0
27,0,11,0
38,0,2,0
27,3,1,1
39,1,0,0
42,0,2,0
46,1,0,0
35,1,2,0
33,1,4,0
33,0,1,0
32,0,6,0
43,2,1,0
42,5,2,0
38,1,2,0
36,1,2,0
28,0,9,1
43,5,0,0
40,1,5,0
37,1,1,0
33,1,4,0
29,1,1,0
31,0,8,0
36,0,3,0
36,0,3,0
45,3,3,0
33,1,2,0
33,0,2,0
45,0,1,0
31,1,0,0
28,2,5,0
46,2,2,0
38,1,1,0
39,1,2,2
41,1,1,1
34,1,0,0
28,0,2,0
34,0,4,0
34,2,1,0
33,1,1,0
37,0,2,1
33,1,6,0
42,0,2,0
35,1,1,0
35,2,1,0
36,1,2,0
24,1,11,0
51,0,1,0
28,4,2,0
37,0,2,0
38,0,2,0
35,0,0,0
42,0,4,0
28,0,1,0
41,1,0,0
26,0,10,0
44,0,1,1
34,0,2,0
51,2,3,0
34,2,3,0
28,1,1,0
37,0,4,0
36,0,1,0
26,0,8,0
38,2,1,0
36,2,3,0
37,0,2,0
45,0,0,0
41,2,4,0
36,0,2,0
48,1,1,0
39,0,1,0
37,2,1,0
43,1,1,0
40,0,4,0
42,2,2,0
32,0,3,0
51,0,2,0
33,4,6,0
41,3,2,0
26,0,6,0
36,1,1,0
38,1,0,0
39,2,2,0
30,1,2,0
35,3,7,0
36,1,2,1
32,2,3,0
37,2,1,0
34,7,0,0
37,1,3,0
34,0,2,0
32,1,2,0
46,1,1,0
38,0,2,0
25,0,0,0
33,0,2,0
35,0,0,0
35,0,2,0
33,2,3,0
41,3,0,0
31,2,0,0
40,1,1,0
34,0,2,0
33,1,2,0
32,2,2,0
43,2,3,0
43,0,0,0
41,3,3,0
36,0,0,0
28,3,2,0
32,0,13,1
31,2,1,0
41,1,3,0
38,1,1,0
37,1,3,0
39,2,2,0
36,0,0,0
41,0,0,0
39,0,3,0
35,0,2,0
37,0,2,0
34,1,2,0
27,1,2,0
35,6,3,0
44,2,0,0
42,0,4,0
35,1,4,0
45,3,1,0
39,1,0,0
30,0,3,0
35,0,1,0
39,0,1,0
46,0,0,0
48,2,1,1
44,1,0,0
35,0,3,0
41,1,1,0
44,0,0,0
44,2,1,2
42,1,3,0
24,0,1,0
40,1,4,0
48,2,2,0
28,3,1,0
37,1,1,0
35,0,1,0
42,0,0,0
49,3,0,0
26,1,2,0
37,1,5,0
38,1,7,0
43,0,0,0
47,1,3,0
42,4,1,0
33,3,4,0
35,2,0,0
36,3,1,1
33,0,0,0
43,2,0,0
38,0,1,0
27,2,0,0
40,0,3,0
43,0,0,1
44,1,5,1
38,3,1,0
31,1,5,0
34,1,1,0
30,1,11,2
31,2,2,0
34,1,7,1
33,3,0,0
52,0,0,0
42,0,2,0
39,0,2,0
33,0,1,1
25,2,1,1
47,4,3,0
37,0,1,0
46,1,2,0
41,2,0,0
43,0,1,0
22,0,10,1
29,0,1,0
45,0,1,0
46,0,1,0
49,2,2,0
38,2,2,0
32,0,0,1
39,1,3,0
38,1,0,0
33,3,5,0
37,0,0,0
21,1,4,0
46,0,1,0
40,1,2,0
42,0,2,0
33,0,5,0
28,1,0,0
45,5,0,0
39,4,1,1
41,1,0,0
36,1,1,0
35,3,0,0
36,1,2,0
34,3,1,1
22,1,19,0
32,2,0,0
32,0,4,0
44,0,2,0
37,1,1,1
35,0,2,0
43,1,1,0
29,0,1,0
22,0,12,0
32,0,2,0
32,2,1,0
34,1,2,0
28,0,13,0
43,0,10,1
39,1,1,0
33,1,2,0
35,0,2,1
36,4,2,0
37,0,3,0
34,0,0,0
32,3,13,1
19,1,6,0
36,0,5,0
36,2,0,0
14,3,16,1
31,1,3,1
35,2,4,0
39,1,2,0
39,0,2,0
30,3,0,0
31,1,8,1
28,2,1,0
42,0,1,0
32,2,4,0
47,1,0,0
37,0,0,0
55,0,1,0
23,1,4,1
34,1,6,0
51,1,3,0
33,0,0,0
38,4,4,0
42,0,2,0
32,1,1,0
35,2,2,0
36,1,0,0
34,0,1,0
26,3,2,0
41,1,1,0
33,1,1,0
30,0,3,0
31,1,2,0
33,1,2,0
32,1,1,0
33,2,0,0
47,0,2,0
30,1,3,0
35,1,1,0
27,2,1,0
40,0,15,1
42,1,6,0
35,1,0,0
53,0,2,1
43,2,0,0
40,0,7,1
34,0,1,0
28,0,2,1
29,1,1,0
35,0,0,0
33,2,3,0
36,0,0,0
35,0,0,0
38,1,1,0
38,0,1,0
36,3,1,0
36,2,1,1
36,0,3,0
38,0,2,0
37,0,4,0
37,1,1,0
41,1,2,0
37,0,2,0
37,2,2,0
30,0,2,0
37,2,3,0
41,1,1,0
32,4,1,0
31,2,1,0
42,0,0,0
31,0,1,0
38,0,0,0
36,1,2,0
46,2,2,0
34,1,1,0
46,0,1,0
47,0,1,0
42,1,1,0
39,0,0,0
36,2,3,1
36,0,1,0
39,0,1,0
40,1,0,0
34,1,1,0
37,1,1,0
48,1,0,0
20,2,3,0
37,1,0,0
28,0,4,0
34,0,2,0
42,0,7,0
38,2,0,1
47,3,0,0
46,1,1,0
47,1,2,0
38,0,0,0
37,1,1,0
25,1,10,0
42,1,2,0
32,1,1,0
30,0,3,0
28,2,5,0
32,1,1,0
27,0,2,0
38,0,5,0
36,3,3,0
46,2,1,1
40,0,2,0
31,2,1,0
30,1,0,0
27,1,0,0
31,0,3,0
41,1,0,0
36,1,8,0
34,0,2,1
42,0,0,0
38,1,2,0
36,1,7,2
27,1,3,0
42,4,0,0
30,0,0,0
27,1,9,0
36,0,1,0
32,0,2,0
40,0,1,0
32,0,2,0
32,1,2,0
32,1,1,0
30,3,1,0
44,1,5,0
49,0,1,0
36,0,2,1
35,0,1,1
26,1,2,0
42,1,4,1
43,1,1,0
35,1,1,0
34,4,1,0
44,0,0,0
37,0,3,0
24,0,3,0
38,1,1,0
34,0,7,0
40,3,1,0
39,0,1,0
37,1,4,0
28,0,11,0
42,0,2,0
39,2,3,1
47,0,1,0
44,0,0,0
26,1,9,0
31,0,2,0
36,0,2,0
31,2,1,0
36,1,3,0
38,1,3,0
43,0,1,0
30,2,1,0
25,0,12,0
38,0,0,1
47,0,0,0
34,0,7,2
37,0,3,0
30,0,4,0
38,2,0,0
33,1,3,0
41,3,1,0
42,2,1,0
35,2,3,0
41,1,0,0
54,0,2,0
38,0,5,0
42,1,2,0
41,0,0,0
32,0,9,0
44,4,2,0
36,4,1,0
40,1,4,0
29,2,0,0
39,1,3,0
41,1,2,0
35,0,3,0
37,3,0,0
35,1,3,0
25,6,2,0
32,5,0,0
39,0,1,0
42,0,2,0
39,0,2,0
37,0,1,0
34,0,0,0
30,0,3,0
37,0,1,0
21,1,4,0
33,2,1,0
34,1,4,0
24,1,3,0
30,1,0,0
35,2,0,0
38,1,3,0
40,2,2,1
33,1,0,0
37,1,9,0
29,1,0,0
36,2,2,0
37,0,2,0
25,1,2,0
30,0,1,0
41,0,0,1
49,1,3,0
33,1,2,0
33,2,2,0
38,0,0,0
33,1,3,0
32,0,2,1
30,0,1,0
28,0,0,0
41,1,1,0
43,1,2,0
40,1,2,1
31,0,7,0
37,4,0,0
31,2,1,0
41,2,0,0
36,0,0,0
39,2,7,0
32,0,1,0
41,2,1,0
43,0,3,0
35,0,0,0
45,1,2,0
30,1,6,0
35,1,9,1
40,1,1,0
38,1,1,0
26,0,3,0
25,4,0,0
48,1,3,0
33,2,1,0
36,2,3,0
28,1,4,0
53,0,3,0
28,1,4,0
41,0,1,0
26,1,10,0
44,1,1,1
33,3,3,0
46,1,1,0
36,1,3,0
27,0,3,0
21,1,6,2
30,1,4,0
40,3,1,0
35,2,1,0
32,1,13,1
46,1,4,0
36,1,3,0
56,1,2,1
32,1,2,0
36,2,2,0
37,0,1,0
36,1,3,0
33,1,0,0
37,3,1,0
47,1,0,2
49,0,3,0
39,2,1,1
32,1,3,0
32,0,1,0
31,1,2,0
38,0,1,0
29,0,2,0
33,1,1,0
38,2,7,0
35,1,5,0
35,1,5,0
41,0,1,0
29,2,2,0
38,3,2,0
47,0,2,0
27,3,1,0
26,0,1,0
31,0,5,0
37,2,2,0
34,1,0,0
40,3,1,0
39,0,1,0
37,3,2,0
37,0,1,0
40,4,2,0
34,2,1,0
30,1,2,0
33,1,1,0
40,2,1,0
20,1,6,1
29,2,1,0
35,0,3,0
30,0,10,1
33,2,3,0
18,0,14,0
39,3,0,0
40,0,2,0
30,1,6,0
34,2,3,0
39,0,0,0
31,2,0,0
41,0,2,0
23,1,4,0
34,1,2,0
33,2,2,1
39,2,5,0
34,1,10,0
39,2,2,1
27,2,1,0
30,2,0,0
38,1,2,0
33,1,2,0
44,1,3,0
43,0,1,0
46,1,1,0
31,3,4,0
39,2,2,1
41,0,1,0
37,1,0,0
31,0,0,1
38,0,1,0
33,0,1,0
37,0,2,0
49,0,0,0
51,3,1,0
35,1,1,0
35,1,3,0
48,1,7,0
30,1,0,0
33,2,2,0
45,1,0,0
34,0,1,0
33,0,4,0
27,0,0,0
37,0,2,0
25,2,0,0
39,0,5,0
40,1,5,0
31,2,1,0
33,1,2,0
59,0,0,0
37,1,2,0
29,3,0,0
37,0,2,0
37,1,1,0
37,0,6,0
43,1,0,0
36,0,1,1
43,1,3,0
37,0,0,0
21,0,8,0
37,1,1,0
47,2,3,0
34,1,3,0
37,1,1,0
38,1,0,0
59,2,1,0
28,4,0,0
43,0,2,0
25,3,5,1
30,1,0,0
53,1,2,0
33,1,1,0
29,0,3,0
36,1,1,0
25,0,1,0
36,1,2,0
33,6,2,0
28,0,3,0
31,2,4,0
41,1,4,0
40,0,1,0
40,0,5,0
39,0,0,0
34,0,3,0
38,1,0,0
41,0,1,0
42,0,6,0
30,3,1,0
23,0,20,0
29,0,5,0
35,0,2,0
37,2,2,0
46,1,2,0
41,2,1,0
34,2,1,1
29,1,8,1
40,2,1,0
46,0,3,0
38,2,1,0
39,0,1,0
43,3,0,1
38,2,2,0
39,0,3,0
41,2,0,0
26,0,7,0
41,2,0,0
47,1,1,0
50,2,3,0
43,2,0,0
28,0,2,0
33,1,2,0
33,2,3,0
39,3,0,0
31,2,4,1
37,0,3,1
39,1,2,0
33,1,0,0
44,0,2,0
41,2,1,0
32,1,0,0
41,2,2,0
40,1,1,0
42,1,6,0
31,6,0,0
35,1,2,0
49,3,2,0
41,0,2,0
39,1,2,0
46,0,5,0
37,0,0,0
47,0,1,0
43,1,0,0
34,1,6,0
43,1,1,0
25,0,6,1
52,0,6,0
28,2,6,0
42,0,2,0
35,0,2,0
28,0,3,0
43,1,0,0
39,0,1,0
36,0,1,0
36,0,2,0
39,0,1,0
36,2,6,0
31,1,9,0
41,3,1,0
42,2,0,0
40,1,2,0
36,1,5,0
36,1,2,0
40,1,0,1
36,0,3,0
27,2,1,0
28,2,0,0
27,0,9,0
30,0,3,0
37,0,1,0
40,2,1,0
44,2,0,0
46,1,3,1
39,1,1,0
36,1,13,0
46,2,3,0
30,0,11,1
57,1,1,1
35,1,1,0
32,0,9,0
34,0,4,0
26,1,8,0
53,0,5,0
34,0,7,0
44,2,4,1
33,1,0,0
23,1,2,0
39,2,1,0
34,0,0,0
28,0,12,0
40,3,2,0
32,2,1,0
34,1,2,0
36,0,8,0
40,1,5,0
30,0,2,0
29,2,3,1
36,3,2,0
34,0,3,0
42,2,2,1
25,0,2,0
53,2,0,0
36,0,4,0
37,1,4,1
27,2,7,0
34,1,2,0
49,1,1,0
28,0,0,0
37,2,1,1
20,0,6,0
49,0,3,0
42,2,1,0
33,0,7,0
37,3,3,0
35,2,4,0
31,2,3,0
34,1,2,0
39,0,1,0
46,3,5,0
46,0,1,0
34,3,2,0
26,1,3,0
36,1,1,0
36,0,2,0
28,1,7,0
28,1,0,0
44,1,2,0
33,1,1,0
30,1,4,0
44,1,3,0
27,2,8,0
39,2,1,0
32,2,3,0
38,1,3,0
24,1,8,0
42,0,1,1
32,0,2,0
23,0,3,0
35,0,1,0
33,0,0,0
44,1,1,0
34,0,2,0
37,0,1,1
41,0,2,0
35,1,2,0
35,0,8,0
23,1,2,0
32,0,6,1
32,0,3,0
22,0,2,0
33,0,1,0
37,1,2,0
35,0,2,0
40,0,1,0
45,7,1,0
43,0,1,0
54,2,1,1
39,0,1,0
46,1,0,0
41,0,1,0
32,1,1,0
35,0,2,0
39,1,2,1
30,1,0,0
37,0,4,0
35,1,1,1
29,1,2,0
43,2,2,0
43,1,0,0
28,1,8,0
42,1,2,0
37,1,2,0
23,3,2,0
46,0,0,0
29,0,2,0
42,1,1,1
41,1,1,0
44,0,1,1
37,2,2,0
35,0,0,0
40,0,1,0
45,0,2,0
39,0,1,0
36,1,2,0
39,1,0,0
34,0,6,0
45,0,2,0
41,1,2,0
42,1,2,0
26,1,9,0
33,1,2,0
43,0,1,0
46,0,1,0
29,0,2,0
35,0,1,0
35,2,1,0
31,0,6,0
48,0,3,0
44,1,0,0
31,2,10,0
34,0,1,0
29,1,1,0
46,2,1,0
32,0,0,0
33,3,3,0
38,0,0,1
35,2,2,0
39,1,2,0
30,0,2,0
48,1,1,0
36,1,3,0
28,1,2,0
42,1,1,0
33,1,1,2
35,0,1,0
39,0,1,0
37,0,2,0
45,0,1,0
41,0,0,0
26,1,3,0
48,3,1,0
42,0,2,0
37,0,1,1
39,2,1,0
38,0,1,0
27,0,1,0
33,2,0,0
41,2,5,0
33,2,0,1
34,0,2,0
34,1,2,0
34,3,1,0
30,0,0,0
39,1,2,0
28,0,3,0
31,1,16,1
44,0,1,0
42,2,2,0
34,2,0,0
30,1,4,0
42,1,2,1
35,1,0,0
23,0,2,0
41,1,0,0
37,0,3,0
33,1,0,0
37,4,1,0
37,0,1,0
40,1,4,0
32,0,9,0
40,1,2,0
30,2,5,0
45,0,1,0
36,1,3,0
36,2,1,1
50,1,3,0
29,0,3,1
31,1,0,2
42,0,1,0
32,1,0,0
48,1,2,0
22,2,8,0
51,3,1,0
32,2,3,1
33,1,0,0
40,1,1,0
39,1,8,0
33,0,1,0
27,1,7,0
40,0,1,0
42,0,2,0
33,4,1,0
29,3,1,0
41,1,3,0
35,0,5,0
39,1,2,0
38,1,2,0
38,1,1,1
20,3,2,0
21,2,8,1
38,0,2,0
42,1,2,0
48,1,2,0
39,1,2,0
41,1,3,0
42,1,1,0
35,0,2,0
35,1,0,0
33,0,1,0
30,3,2,0
40,1,2,0
43,4,6,0
24,2,1,0
39,2,2,0
40,0,1,1
36,1,2,0
41,0,2,0
36,0,2,0
29,0,13,1
32,0,9,0
20,0,0,0
49,1,2,0
34,2,1,0
42,1,2,1
27,0,13,0
41,2,2,0
40,2,2,0
32,0,1,0
31,0,0,1
33,1,7,0
25,0,5,0
32,0,0,0
24,0,2,0
28,1,1,0
44,1,0,0
43,1,2,0
23,0,9,1
38,2,4,0
39,3,1,0
35,5,3,0
26,0,10,0
40,1,1,0
42,5,2,0
46,2,3,0
43,0,2,0
38,3,3,1
29,0,8,1
45,1,2,0
41,0,0,0
47,1,0,0
42,1,2,0
42,2,7,0
41,0,1,0
43,2,0,1
37,1,2,0
33,0,1,1
47,1,5,0
36,0,1,0
47,4,0,0
32,1,11,0
41,1,2,0
27,0,3,0
39,0,1,0
33,1,1,0
41,0,2,0
39,2,3,0
39,0,2,0
42,2,0,0
42,1,0,0
36,3,4,0
37,0,1,0
44,2,1,0
37,1,2,0
39,2,1,0
43,3,2,0
40,2,1,0
29,0,0,0
44,1,1,0
29,1,8,0
22,0,0,0
43,1,2,0
32,0,3,0
38,0,1,0
33,1,2,0
31,0,3,0
39,3,0,0
25,0,9,0
28,1,2,0
42,1,3,0
38,0,2,0
35,1,1,0
34,0,1,0
43,1,2,0
31,1,2,3
42,2,3,1
40,5,2,0
38,1,1,0
46,2,11,0
48,0,3,0
34,1,1,0
33,2,1,0
46,1,0,1
35,1,1,0
41,4,3,0
39,3,1,0
31,4,1,0
49,2,0,0
54,1,1,0
30,0,1,0
36,2,0,0
40,0,2,0
30,1,1,0
33,1,0,0
41,1,2,0
43,1,3,0
28,0,2,0
32,4,1,1
29,0,2,0
32,0,7,1
32,2,3,1
25,1,1,0
34,0,2,0
44,1,1,0
35,2,2,0
31,0,4,0
43,1,1,0
32,1,2,0
39,1,3,0
37,0,3,1
26,0,1,1
34,2,2,0
37,3,3,0
26,1,3,0
35,0,1,0
34,1,2,0
25,2,10,0
37,3,3,0
33,1,0,0
35,0,0,0
35,1,5,1
36,1,2,1
43,1,3,0
24,2,1,1
30,2,1,0
21,0,2,0
37,0,3,0
31,0,1,0
37,3,0,1
31,1,1,0
34,2,4,0
24,1,1,0
42,1,2,0
29,0,4,0
42,1,2,0
36,1,5,0
39,0,2,0
37,2,0,0
29,1,2,1
47,1,2,0
39,0,3,0
39,2,3,0
33,2,3,0
40,1,2,0
49,4,1,0
37,3,1,0
26,0,6,1
37,1,0,0
29,0,2,0
40,1,0,0
53,0,1,0
29,3,2,0
44,2,2,0
40,1,10,1
43,2,2,1
28,0,5,0
43,1,3,0
48,1,2,1
36,0,0,0
32,1,4,0
40,0,0,0
38,1,1,0
39,0,1,0
40,0,2,0
30,0,3,1
22,3,5,0
38,3,2,0
25,0,2,0
32,1,1,0
37,0,4,0
43,0,3,0
36,3,2,2
28,0,2,2
30,2,3,0
38,1,2,0
38,1,1,0
30,1,1,0
37,0,2,0
42,4,2,0
38,1,3,0
39,1,0,0
28,1,2,0
36,2,0,0
34,0,1,0
38,1,1,0
39,0,0,0
45,0,0,0
36,1,0,0
30,2,1,0
30,3,1,0
40,0,6,0
37,5,1,1
32,0,2,1
41,1,2,0
45,0,1,0
49,2,1,0
43,3,1,0
39,1,1,0
24,0,10,1
46,0,1,0
37,2,2,0
30,0,0,1
52,1,2,0
36,0,0,0
37,1,2,0
44,0,2,1
23,1,5,0
37,0,1,0
34,0,3,0
34,1,4,0
27,1,1,0
26,4,7,0
42,0,0,0
31,0,0,0
42,0,7,0
22,2,1,0
41,1,1,0
37,0,12,0
30,2,0,1
33,0,1,0
42,1,5,0
50,4,3,0
34,1,2,0
40,0,2,0
33,1,1,0
28,1,3,0
44,0,0,0
52,1,0,0
35,1,1,1
28,1,13,1
49,0,2,0
44,3,2,0
36,3,1,0
35,0,0,0
41,1,2,0
47,2,0,0
35,2,0,1
29,2,2,0
31,5,1,0
38,0,1,0
31,0,7,0
40,0,2,0
46,1,3,0
31,1,14,1
27,1,2,1
48,0,0,0
43,1,1,0
28,1,1,1
22,0,9,0
40,2,1,0
42,1,0,0
42,0,0,0
31,1,7,0
34,4,1,0
52,0,1,0
44,0,1,0
35,6,1,0
31,2,1,0
46,1,2,0
39,0,1,0
43,3,0,0
50,2,2,0
44,1,2,0
38,1,1,0
23,0,2,0
35,4,4,0
38,1,1,0
29,3,9,0
46,0,0,0
36,2,14,0
40,1,0,0
34,0,16,0
37,2,0,0
39,3,2,0
39,2,1,0
31,2,3,0
26,1,2,1
31,2,1,0
33,1,2,1
36,1,4,0
33,0,4,0
38,3,2,0
35,0,1,0
40,1,0,0
40,0,3,0
34,0,3,1
31,0,14,0
36,1,2,0
46,0,1,0
30,0,2,0
42,1,3,0
40,2,1,1
51,0,0,0
35,1,2,0
48,0,5,0
32,0,7,0
34,2,2,0
46,2,1,0
31,0,2,0
37,1,1,0
25,1,11,0
38,1,0,0
40,1,1,0
36,2,3,0
33,0,3,0
36,1,0,1
34,0,4,0
34,0,0,0
44,0,2,0
31,2,1,0
34,1,9,0
40,1,3,0
31,2,2,0
35,2,1,0
44,0,4,0
45,1,1,1
39,1,3,0
44,1,2,0
29,0,4,0
39,0,2,0
34,1,2,0
39,0,1,0
34,0,3,0
37,0,3,1
46,0,1,0
41,2,2,0
43,1,0,0
40,0,3,0
23,0,8,1
39,2,2,0
34,0,1,0
35,0,2,0
32,0,0,0
35,0,0,0
35,2,1,0
37,1,0,0
33,0,3,0
20,0,5,1
42,3,3,0
43,0,1,0
36,2,3,0
42,2,2,0
35,0,3,0
40,2,1,0
36,1,1,1
37,0,3,0
38,1,2,0
40,0,0,0
36,2,0,0
50,0,3,0
35,2,2,0
35,2,1,0
25,1,11,0
26,1,2,0
31,1,7,2
32,1,4,0
45,0,1,0
50,0,3,0
40,1,3,0
43,0,1,0
32,1,2,0
37,1,4,2
31,0,2,1
30,2,0,0
31,0,1,0
38,2,2,1
26,1,3,0
50,1,1,0
45,1,3,0
43,0,1,0
36,1,0,0
35,1,4,0
42,3,0,0
42,2,0,0
44,0,3,1
36,0,1,0
49,0,4,0
34,2,4,0
34,0,2,0
35,4,0,0
39,1,2,0
33,1,2,1
40,2,0,0
28,0,3,0
32,1,3,0
39,0,2,0
35,2,0,0
26,0,1,1
26,1,1,1
46,1,4,0
40,1,2,0
35,1,3,0
31,1,2,0
31,0,6,0
38,4,2,1
43,0,1,0
42,0,1,0
37,1,1,0
34,1,0,0
45,0,0,0
32,0,1,1
35,0,2,0
46,0,4,0
52,1,1,0
27,2,2,0
28,3,3,1
41,0,0,0
39,0,1,0
32,3,1,0
29,1,3,0
38,0,0,0
44,3,2,0
34,1,3,0
27,0,2,1
19,2,5,0
36,2,1,1
35,1,2,0
45,0,2,0
29,1,0,0
37,1,2,0
34,0,1,0
26,4,0,0
37,1,3,0
34,2,3,0
24,2,3,1
39,1,4,1
42,0,1,0
51,2,0,0
35,0,1,0
33,2,4,0
38,1,0,0
39,1,3,0
24,1,2,0
33,0,12,0
31,1,5,1
43,4,1,0
40,1,10,0
40,3,2,0
43,1,1,0
41,0,0,0
44,1,3,0
34,2,4,0
41,1,0,0
48,0,2,0
49,0,0,0
36,0,1,0
34,1,2,0
35,1,1,0
37,1,1,0
33,2,2,1
42,3,0,0
22,1,10,0
34,1,12,0
30,0,5,0
39,2,2,0
39,0,2,0
47,1,1,0
48,0,0,0
46,0,0,0
33,0,2,0
42,1,0,0
35,1,3,0
48,3,4,0
40,2,1,1
44,1,1,0
29,2,2,0
37,0,6,0
38,6,1,0
30,0,1,0
23,3,11,0
40,2,3,0
38,1,2,0
35,1,0,1
31,2,1,0
34,2,4,0
36,0,3,0
47,2,2,0
25,2,3,0
34,0,5,0
34,4,2,0
44,1,2,0
40,1,2,0
48,1,0,0
33,1,0,0
34,0,2,0
36,0,0,0
47,1,3,0
43,3,0,0
33,1,3,0
43,4,1,0
35,1,1,0
31,1,2,0
44,1,2,0
30,3,3,0
41,4,1,0
30,3,3,0
36,0,4,0
34,4,0,0
33,3,1,0
36,2,1,1
31,0,1,0
37,0,1,0
44,0,5,1
36,4,2,0
36,0,3,0
48,0,3,0
43,1,3,0
34,0,4,1
39,0,9,0
26,4,10,0
34,1,8,0
26,1,7,0
42,0,0,0
32,1,0,0
43,0,0,1
40,0,2,0
43,2,1,0
32,0,8,0
30,0,4,1
37,2,1,0
36,2,2,0
30,1,0,0
33,0,3,0
46,1,0,0
36,0,13,2
30,5,1,0
32,3,0,0
36,0,0,0
38,0,2,0
41,0,2,0
40,1,1,0
32,0,0,0
35,3,3,0
36,0,1,0
32,1,0,0
49,2,0,0
38,1,1,0
37,1,1,0
40,1,2,0
40,1,0,0
34,1,0,0
43,0,1,0
45,2,3,0
35,1,1,0
36,2,4,0
41,1,3,0
32,0,3,0
28,1,0,0
23,1,2,0
46,0,4,1
47,2,1,0
36,0,4,0
43,1,3,0
35,1,1,0
28,1,1,0
36,4,3,0
39,0,1,0
39,0,3,0
37,0,1,0
35,1,0,0
38,3,2,0
41,2,2,1
32,0,0,0
34,0,2,0
38,1,4,1
42,3,0,0
35,1,1,1
33,0,3,0
35,3,2,1
39,1,2,0
32,0,1,0
38,3,6,0
27,0,0,0
24,1,2,0
33,0,1,1
38,0,2,0
30,4,10,0
32,0,2,1
34,0,3,0
25,1,6,0
38,2,1,1
46,1,3,0
39,1,2,0
40,0,3,0
36,1,1,0
41,1,3,0
37,3,0,0
41,3,0,0
44,0,2,0
38,1,3,0
39,1,0,0
42,0,3,0
22,0,11,0
34,3,2,0
41,2,0,0
34,1,1,0
31,1,12,0
43,1,1,0
40,1,0,0
30,0,2,0
49,0,2,0
37,4,0,0
37,3,2,1
29,2,0,1
33,0,4,0
33,0,0,0
24,1,13,0
43,1,1,1
35,1,0,0
29,0,4,0
41,1,0,0
29,4,5,0
26,3,3,0
41,0,1,0
35,1,4,2
37,1,1,0
36,1,2,1
44,4,0,0
27,4,0,0
42,2,0,0
31,0,2,0
30,0,1,0
38,2,5,0
34,1,1,0
43,2,2,0
34,0,1,0
38,2,1,0
40,1,1,0
43,2,1,0
25,1,2,0
38,2,2,1
25,0,11,1
42,0,1,0
31,0,0,0
45,0,2,0
40,1,1,0
44,1,1,0
33,0,1,0
36,1,1,1
44,0,1,0
33,1,1,0
39,2,4,1
33,2,3,0
33,1,1,0
33,0,2,0
37,2,2,0
38,1,1,0
32,2,0,1
35,2,0,0
34,0,2,0
22,1,2,0
33,2,2,0
39,1,3,0
27,0,1,0
29,5,2,0
42,2,2,0
41,1,1,0
33,0,0,0
41,1,1,0
40,3,2,1
34,1,2,2
38,1,3,0
54,2,1,0
43,1,3,0
43,0,0,0
30,1,3,0
31,1,1,1
42,3,3,0
37,0,0,0
37,0,0,1
33,2,2,0
31,5,0,1
18,1,2,0
39,3,2,0
31,0,2,0
35,2,1,0
32,5,0,0
37,2,1,0
29,2,2,0
39,1,2,1
36,0,0,0
29,3,2,0
38,2,0,0
37,2,4,0
40,3,1,0
40,2,1,0
38,0,1,1
34,1,0,0
37,1,0,0
36,1,1,0
46,0,1,0
42,0,3,0
45,2,1,0
36,0,3,0
35,0,2,0
32,1,2,1
35,0,3,0
34,3,2,0
38,1,2,1
30,1,1,0
38,3,0,0
40,5,4,0
45,2,0,0
33,1,3,0
28,2,3,0
28,0,2,0
42,0,1,0
42,0,1,0
44,2,1,0
41,1,1,0
42,2,0,0
38,0,1,0
47,1,2,0
44,0,0,0
36,2,1,0
40,0,2,0
39,0,2,1
29,3,0,0
37,0,1,0
42,0,2,0
28,0,0,1
54,1,1,0
37,1,0,0
43,5,2,1
33,4,0,0
33,1,3,0
40,1,0,0
45,1,1,0
42,0,2,0
40,2,1,0
43,2,2,0
38,2,2,0
35,2,1,0
39,1,1,0
26,0,7,0
34,1,0,0
36,5,1,0
30,3,0,0
21,1,2,0
44,2,0,0
39,1,2,0
36,0,2,0
31,2,4,0
37,3,0,0
44,3,2,0
34,0,3,0
36,1,2,0
42,1,1,0
54,2,0,0
31,1,1,0
29,2,2,0
28,1,2,0
53,1,1,0
34,0,1,0
47,0,1,0
40,0,0,0
41,2,5,0
33,0,11,1
40,0,1,0
36,1,3,0
36,1,2,0
40,2,5,0
52,0,0,0
27,1,0,0
33,1,3,0
43,1,1,0
35,1,2,0
45,0,2,0
43,0,1,0
33,0,5,0
39,3,5,0
37,0,3,0
46,1,4,0
33,2,2,0
29,1,3,0
48,0,4,0
53,0,1,0
36,4,1,0
39,4,0,0
28,2,4,0
30,1,6,0
45,0,2,0
30,1,3,0
32,0,2,0
31,1,1,0
39,0,4,0
32,2,4,0
33,1,0,0
35,0,0,0
33,0,2,1
44,0,1,0
27,1,3,1
34,0,1,0
31,0,3,0
37,0,0,1
27,7,0,0
31,0,1,0
36,0,2,0
37,1,2,0
38,0,0,0
32,1,0,0
37,2,2,0
44,1,0,0
30,1,3,0
36,1,2,0
35,2,4,0
30,0,1,0
41,0,0,0
42,0,0,0
39,0,0,1
38,0,2,0
32,2,3,1
27,1,0,0
34,0,2,0
40,1,2,0
33,4,8,0
40,2,4,0
42,2,1,0
44,3,2,0
34,0,3,0
30,0,1,0
36,0,0,0
31,2,1,0
31,0,1,0
30,1,1,0
42,1,1,0
24,4,1,0
40,4,1,0
52,1,2,0
41,1,2,0
41,4,2,0
37,1,5,1
43,1,7,0
39,2,1,1
39,2,0,1
42,1,2,0
34,1,0,0
40,1,2,0
44,0,1,0
29,2,4,0
38,0,2,0
28,2,2,1
34,2,1,1
30,0,2,0
37,1,1,0
37,4,2,0
19,1,0,0
32,0,2,0
34,2,1,0
34,1,6,0
43,1,3,0
37,0,4,0
31,1,2,0
41,2,2,0
46,2,0,0
37,2,1,0
36,0,0,0
35,0,2,0
29,0,1,0
31,1,0,0
36,0,1,0
34,1,2,0
43,0,4,0
46,0,2,0
36,0,1,1
38,3,2,0
43,1,5,0
42,0,2,0
36,1,3,0
28,4,10,0
41,0,1,0
30,3,1,0
39,0,1,0
46,2,2,0
34,2,1,0
31,1,2,1
38,2,6,0
28,3,1,0
35,4,4,0
32,0,3,0
37,2,3,0
36,2,1,0
33,1,4,0
34,2,2,0
43,0,1,1
38,1,2,0
44,0,2,0
41,1,1,0
36,1,0,0
38,1,0,0
45,1,0,0
44,2,3,0
36,0,0,0
47,0,2,0
38,1,0,0
38,2,2,0
34,1,0,0
33,2,0,0
40,1,1,0
33,0,0,0
30,1,2,0
44,0,3,0
36,0,9,0
26,2,7,0
33,2,3,0
38,0,2,0
44,2,0,0
31,0,12,1
39,1,1,0
33,1,8,0
38,3,1,0
45,2,1,0
45,0,3,0
37,5,2,1
35,2,1,0
30,0,1,0
33,0,2,0
40,1,1,0
29,3,19,0
42,4,5,1
40,1,2,0
47,0,1,0
40,1,1,1
43,2,4,0
37,2,2,0
24,1,1,0
35,1,0,1
32,3,2,0
41,1,1,0
34,1,3,0
31,1,1,0
39,0,3,0
33,1,2,0
33,2,5,0
37,2,1,0
38,1,0,0
31,0,2,0
31,0,2,1
42,1,2,1
35,0,1,0
26,0,1,1
39,0,1,0
36,1,9,1
34,5,2,0
30,5,2,0
33,1,1,0
32,0,4,0
32,0,5,0
29,0,1,0
44,3,1,0
28,1,2,0
45,2,11,0
38,2,3,0
35,3,7,1
34,2,1,0
39,0,0,0
41,3,1,0
41,1,2,0
27,1,4,0
40,0,1,0
36,2,0,0
37,1,2,0
35,0,1,0
37,0,7,0
39,4,0,1
37,0,4,0
32,2,1,1
33,0,2,0
40,2,2,0
31,1,1,0
31,1,3,0
43,0,3,0
35,2,3,1
48,1,0,0
44,4,3,0
31,0,0,0
43,1,3,0
30,5,2,0
33,6,1,0
44,0,2,0
42,1,2,0
30,0,1,0
39,0,4,0
39,0,1,0
29,3,5,1
32,2,1,0
40,3,7,0
30,2,1,0
40,3,5,0
22,3,4,0
41,1,1,0
47,0,1,0
37,5,2,0
39,0,2,0
37,0,0,0
39,3,1,0
40,3,0,1
28,0,8,0
43,1,1,0
35,4,0,0
43,4,1,0
30,1,0,0
39,0,0,0
44,0,4,0
40,0,0,0
35,0,3,0
29,1,2,0
37,0,2,0
23,2,7,1
42,0,5,0
41,0,5,0
29,1,4,0
29,2,0,1
40,0,1,0
38,0,0,0
35,1,4,0
32,4,5,1
41,1,1,0
31,0,0,0
46,2,5,1
34,1,12,0
37,0,3,0
34,0,2,0
29,1,1,0
32,0,0,0
35,2,1,0
47,0,2,0
31,1,3,0
32,1,1,0
31,1,1,0
46,1,0,0
36,2,3,0
28,1,1,0
34,0,7,0
42,0,1,0
32,0,0,0
36,1,0,0
40,2,1,0
46,1,0,0
34,0,2,0
30,1,1,0
36,1,0,0
35,0,0,0
34,0,3,0
46,0,2,0
39,1,1,1
34,0,3,0
35,1,0,0
33,5,1,1
34,2,0,0
49,0,2,0
28,3,3,1
31,1,3,0
31,0,6,1
37,3,2,1
49,1,0,0
32,0,0,0
36,2,2,0
36,1,2,0
37,0,2,0
30,0,4,2
40,2,0,0
27,0,0,0
40,0,1,0
46,1,8,1
29,1,3,0
49,0,2,0
41,0,2,0
33,1,8,0
29,5,3,0
33,1,2,0
39,1,0,0
35,2,3,0
34,2,1,0
35,3,3,0
29,0,1,0
46,3,3,0
30,0,4,0
29,1,4,0
32,1,8,0
31,0,3,0
28,1,3,0
34,1,1,0
41,1,2,0
42,0,2,0
44,0,2,0
33,2,1,0
30,0,0,0
25,0,2,0
34,0,2,0
41,1,2,0
39,2,2,0
30,0,1,0
39,0,6,1
36,1,1,0
47,1,1,0
30,1,3,0
32,1,1,0
40,1,2,1
42,1,1,0
37,1,3,0
41,2,4,0
37,2,1,0
36,1,1,0
29,0,1,0
38,3,4,1
36,0,1,0
32,4,2,0
25,2,2,0
34,0,3,0
39,0,0,0
30,0,2,0
38,0,0,0
26,0,2,0
27,0,0,1
37,2,2,0
37,0,1,0
42,1,0,0
26,1,1,1
25,0,13,0
35,1,2,0
37,3,4,0
42,0,2,0
38,4,3,1
35,1,0,0
47,1,0,0
37,0,1,0
23,3,2,0
44,2,2,0
45,1,1,0
59,0,3,0
23,0,7,1
24,0,12,0
34,2,0,0
47,0,0,0
31,1,2,1
39,1,1,0
46,1,1,0
36,0,2,0
38,0,2,1
29,2,3,1
38,4,2,0
42,1,1,0
26,0,0,0
32,3,2,0
46,2,2,0
28,0,2,0
38,0,3,1
40,1,3,0
36,2,2,0
26,3,1,0
37,1,1,0
37,0,2,2
41,1,0,0
35,2,8,0
29,1,7,0
49,3,0,0
45,0,0,0
39,2,4,1
30,1,1,0
43,2,0,0
50,0,2,0
33,0,2,0
41,1,1,0
34,1,1,1
37,1,2,0
35,2,1,0
36,1,5,0
38,1,1,0
32,1,0,0
31,0,8,0
33,1,2,0
44,0,1,0
40,1,5,0
31,1,0,0
41,0,1,0
30,0,8,1
37,1,1,0
24,1,4,0
46,0,3,0
28,1,1,0
21,0,11,1
34,0,0,0
44,1,2,1
40,0,2,0
35,0,1,0
32,0,2,0
49,0,1,0
31,3,0,0
30,0,2,0
39,1,0,0
33,2,2,0
38,0,0,0
28,1,2,0
38,0,2,0
37,0,0,0
34,0,1,0
37,1,1,0
32,0,0,0
44,2,3,0
28,3,2,0
35,2,8,1
48,0,4,0
29,2,1,0
40,0,2,0
42,1,1,0
48,0,3,0
36,2,0,0
32,4,1,0
40,0,0,0
31,1,8,0
32,1,1,0
33,2,2,0
32,2,3,1
40,0,1,0
29,2,5,1
46,0,1,0
38,1,3,0
32,0,3,0
41,0,0,0
38,3,1,0
30,0,0,0
32,2,1,0
32,1,11,1
30,1,6,0
33,4,0,1
30,1,1,1
34,3,2,1
49,0,3,0
38,0,0,0
36,3,1,0
32,2,2,0
33,0,7,0
33,1,3,0
44,0,0,0
43,1,0,0
32,2,3,0
44,3,0,0
33,0,1,0
42,1,1,0
40,1,6,0
33,0,0,0
37,3,1,0
40,0,3,0
37,2,4,0
35,0,2,0
47,0,1,0
33,0,0,0
34,2,1,1
37,5,0,1
31,1,1,0
43,0,4,0
33,0,2,0
41,0,2,1
26,0,2,0
43,2,2,0
44,1,3,0
24,2,2,1
39,0,1,0
44,1,1,0
23,1,2,0
40,1,1,0
29,2,0,0
37,1,2,0
34,1,1,0
36,3,1,0
44,0,2,0
38,2,2,0
42,1,3,0
23,0,9,0
37,1,4,0
36,1,0,0
43,3,1,0
27,2,9,3
49,2,1,0
35,0,1,0
40,0,1,0
37,0,4,0
47,5,1,0
34,1,0,0
38,1,1,0
33,6,0,1
37,1,5,0
39,0,6,0
31,0,1,0
34,0,2,0
40,1,4,0
37,0,1,1
37,3,2,0
28,1,5,1
33,2,5,0
28,1,6,0
36,0,0,0
37,1,1,0
31,0,4,0
24,1,2,0
39,1,1,0
37,2,2,0
26,1,0,0
37,2,1,0
38,2,6,0
43,1,0,0
42,2,0,0
39,1,1,0
33,0,4,0
36,0,5,1
48,0,0,0
33,1,5,0
30,2,1,0
31,2,0,0
32,1,2,0
45,0,4,0
38,2,0,0
49,0,1,0
38,0,2,0
35,1,2,1
33,0,0,0
35,0,1,0
38,2,5,0
37,2,1,0
35,0,4,0
47,0,0,0
30,0,0,0
31,1,0,0
37,1,3,0
31,4,1,1
38,1,2,0
32,3,10,1
47,1,1,0
30,1,3,0
38,1,5,3
32,2,2,0
42,4,4,0
31,0,10,0
38,0,2,1
33,1,0,0
39,1,2,0
34,0,0,0
30,0,2,0
36,0,3,0
31,0,7,0
37,1,0,0
31,2,3,0
43,0,1,0
38,0,1,0
39,2,3,1
33,3,3,0
30,0,1,0
40,1,3,2
41,1,2,0
41,3,0,0
48,0,3,0
40,2,0,0
30,1,2,1
27,1,0,1
46,0,1,0
31,0,3,0
42,1,1,0
50,1,2,0
27,1,9,0
28,2,1,0
28,0,1,0
48,1,0,0
30,1,1,0
34,2,2,1
30,1,1,0
46,0,0,0
35,2,2,0
34,0,7,0
37,0,2,0
35,0,3,0
31,0,7,0
26,0,9,0
35,2,0,0
41,0,2,0
37,0,1,0
34,1,3,0
47,2,0,0
30,1,1,0
40,2,1,0
30,0,2,0
27,0,2,0
34,1,9,0
37,2,1,0
38,0,0,0
35,0,3,0
37,1,3,0
40,0,0,0
36,1,3,0
28,0,2,1
35,0,2,0
28,2,0,0
40,1,2,0
33,3,3,1
28,0,4,0
41,1,2,0
44,1,0,0
40,3,2,0
24,0,8,0
32,1,2,0
39,0,1,0
34,2,0,0
36,0,14,1
28,0,1,0
32,1,1,1
26,4,0,0
47,0,4,0
29,1,1,0
33,0,4,0
41,0,1,0
31,0,1,0
27,0,3,0
40,1,1,0
43,0,2,0
27,1,5,0
41,0,2,0
43,0,0,0
34,0,0,0
20,1,4,0
40,1,0,0
44,2,1,0
41,0,3,1
34,1,2,1
33,0,5,0
38,3,1,0
31,1,2,0
38,1,2,0
39,1,2,0
34,0,2,0
34,2,2,0
36,2,2,1
44,0,2,0
26,1,2,1
41,1,2,0
47,1,3,0
29,1,4,0
27,1,5,1
35,2,3,0
46,0,1,1
34,2,0,0
37,1,1,0
39,1,1,0
24,0,1,0
34,0,1,1
38,3,2,0
34,0,2,0
38,2,1,0
34,1,2,0
38,1,1,0
31,0,5,0
26,2,1,0
38,2,3,0
32,0,1,0
40,2,1,0
25,1,6,0
45,2,2,0
40,0,2,0
34,2,0,0
38,1,2,0
31,1,6,1
44,2,3,0
27,1,0,1
44,0,2,0
38,1,0,0
43,1,2,1
36,2,1,0
29,1,7,0
51,2,3,0
36,1,3,0
34,5,1,0
34,2,10,2
32,0,0,1
31,0,4,0
34,0,1,0
29,0,1,0
35,4,1,0
32,0,4,0
37,1,2,0
35,0,5,0
43,1,1,0
28,0,4,0
39,1,6,1
46,1,0,0
47,4,1,0
47,1,3,0
36,0,2,0
34,4,4,1
44,0,2,0
32,0,1,0
41,1,4,0
42,0,2,0
31,0,5,0
32,1,4,2
34,0,2,0
42,0,2,0
29,1,1,0
34,0,2,0
39,0,1,0
40,1,1,1
26,0,1,0
36,0,2,0
41,0,4,0
46,3,0,0
33,2,1,1
36,0,0,0
41,2,0,0
29,0,9,0
33,1,1,0
35,1,3,0
42,0,0,0
41,0,2,0
39,4,3,0
41,0,4,0
44,0,3,0
32,2,0,1
37,0,0,1
36,1,3,0
32,0,1,0
30,5,15,1
32,2,2,0
40,2,0,0
48,0,1,0
32,0,8,0
38,0,0,0
26,0,0,0
36,3,5,0
39,1,3,0
34,1,7,0
43,1,1,0
34,1,0,0
37,1,4,0
28,1,2,0
11,1,12,0
49,2,1,1
49,0,1,0
49,0,0,0
37,4,0,0
34,0,2,0
35,0,3,0
29,3,1,0
47,2,6,0
39,0,3,1
34,1,4,0
38,0,0,0
33,3,4,0
35,0,2,0
33,0,11,0
34,0,7,0
20,3,13,1
36,3,1,1
37,0,1,0
22,3,0,0
35,0,1,0
33,1,3,0
24,0,3,1
30,3,4,0
37,1,6,0
44,3,3,0
42,0,2,0
52,0,0,1
38,2,7,0
27,1,5,1
33,2,1,0
23,4,2,0
36,1,6,1
37,1,0,0
27,2,2,0
44,0,0,0
28,1,2,0
37,2,1,0
52,0,2,0
36,1,1,0
30,1,0,0
36,1,0,0
30,4,3,0
50,0,2,1
28,0,0,2
36,0,1,0
30,0,1,0
43,0,2,0
37,2,1,1
29,6,2,0
37,0,0,0
42,0,1,0
34,1,4,0
37,2,1,0
35,4,4,0
35,1,1,0
31,1,2,0
38,0,2,0
37,0,2,0
16,0,6,0
40,0,6,0
40,2,0,1
28,0,1,0
35,0,0,0
37,6,2,0
32,0,4,1
44,1,0,0
45,1,3,0
34,2,1,0
27,4,1,0
29,4,1,0
37,1,0,0
40,2,1,0
33,0,3,1
36,1,0,0
48,0,0,0
30,0,0,0
39,1,3,0
28,2,0,0
43,0,4,0
34,3,4,1
42,0,2,0
39,0,2,0
32,0,3,1
35,3,2,1
37,2,2,0
31,1,2,0
40,1,0,0
27,0,0,0
33,0,0,0
37,3,1,0
40,0,1,0
32,0,3,0
29,0,6,1
51,1,0,0
33,1,10,1
33,1,1,0
24,4,4,0
32,2,10,0
40,2,1,0
26,0,12,1
48,1,3,0
33,1,2,0
43,1,0,0
38,4,3,0
31,4,0,0
34,0,2,0
26,3,3,0
35,1,1,0
39,0,3,0
35,1,1,0
26,1,5,0
37,1,2,0
27,3,2,0
37,0,1,0
33,0,2,0
34,1,1,0
36,1,3,0
35,0,0,0
41,1,0,1
52,1,0,0
46,1,1,0
37,0,0,0
32,1,0,0
42,2,2,0
46,0,0,0
30,0,3,0
28,0,5,0
27,1,4,0
44,1,5,0
45,1,1,0
41,0,5,1
38,1,4,0
31,3,2,0
41,0,1,0
29,0,8,0
27,1,2,0
55,3,1,0
27,2,2,0
43,2,2,0
38,0,3,0
36,2,1,0
34,1,4,0
39,1,2,0
33,1,0,1
37,2,1,0
32,1,4,0
53,1,0,0
39,0,0,0
33,2,0,0
36,2,1,0
33,0,6,0
41,2,1,0
43,0,0,0
35,2,1,0
40,0,2,0
44,0,1,0
32,1,3,0
28,3,15,0
34,1,0,0
26,0,1,0
35,0,5,1
38,0,3,0
42,0,2,0
44,1,2,0
44,2,3,0
37,1,0,0
27,2,0,1
31,4,1,0
36,0,3,0
35,2,0,0
38,0,2,0
28,1,1,0
40,1,2,0
36,1,6,0
35,1,3,0
38,2,1,0
33,0,1,0
33,1,1,0
31,3,1,0
30,2,8,0
40,0,2,0
34,2,1,0
35,1,0,0
31,1,6,0
29,4,2,0
41,2,4,0
41,1,2,0
36,1,0,0
45,0,1,0
32,3,2,0
46,1,3,0
38,1,2,0
31,0,0,0
26,1,1,0
36,1,1,0
34,1,0,0
41,0,1,0
20,0,17,2
33,3,1,0
40,2,12,1
37,1,5,0
36,1,2,1
45,3,1,0
43,1,1,0
38,3,0,0
30,2,8,0
38,1,2,0
31,1,3,0
47,0,0,0
43,1,1,0
34,0,1,0
35,1,1,0
53,2,2,1
35,0,0,0
37,1,1,1
29,3,1,0
33,1,1,0
28,0,7,1
40,3,1,0
40,1,2,0
46,1,2,0
51,0,1,0
45,0,0,0
34,1,1,0
43,2,2,0
32,1,8,0
40,0,0,0
32,0,0,0
46,1,0,0
22,0,2,1
35,0,3,0
31,0,11,1
38,0,2,0
37,1,1,0
45,0,1,1
37,1,2,0
44,2,2,0
43,1,4,0
44,0,1,0
36,1,1,0
36,0,2,0
32,2,0,0
27,0,2,0
29,2,4,0
27,0,2,0
28,2,1,0
49,7,3,0
43,1,0,0
40,1,3,0
34,0,0,0
37,0,2,0
29,1,2,0
35,0,3,0
29,1,2,0
38,1,1,0
33,3,1,0
33,1,2,0
35,1,0,0
30,0,2,0
41,1,3,0
42,0,1,1
30,1,5,0
36,0,2,0
39,1,2,0
25,1,8,0
39,0,5,0
35,0,1,0
48,1,1,0
38,0,2,0
30,0,5,0
40,2,1,0
35,2,0,0
40,1,2,0
42,0,3,0
27,1,1,0
29,0,3,0
34,4,3,0
33,5,3,0
33,1,0,1
44,0,0,0
43,3,2,0
31,0,5,0
41,0,10,0
30,1,1,0
32,1,1,0
41,0,2,0
37,0,0,0
35,0,0,0
40,1,0,0
36,0,3,0
27,0,1,0
33,5,0,2
39,2,1,0
46,2,1,0
33,0,2,0
40,0,6,0
35,0,13,1
22,2,9,0
34,0,2,0
40,1,2,1
42,1,1,0
47,0,5,1
48,4,2,0
38,1,6,1
37,0,2,0
35,1,0,0
37,0,0,0
35,1,2,0
32,0,3,0
31,2,1,0
37,0,0,0
35,1,1,0
38,0,2,0
26,1,2,0
41,0,0,0
39,1,7,0
27,0,7,0
47,1,1,0
41,1,0,1
35,0,2,0
32,0,2,0
39,1,2,0
42,0,0,0
45,1,3,0
38,1,0,0
44,0,2,0
38,1,8,1
47,1,1,0
42,0,0,0
38,2,1,0
39,0,0,1
33,4,2,0
39,1,2,0
48,1,2,0
31,0,0,0
35,1,2,0
40,0,4,0
41,2,5,0
40,1,0,1
28,2,1,0
35,1,5,0
43,1,0,0
32,0,1,0
41,0,1,0
46,0,2,0
37,0,0,0
38,1,0,0
31,0,3,0
33,1,2,0
28,1,0,0
20,0,13,0
38,0,2,0
30,1,3,0
38,1,2,0
39,1,1,0
38,2,1,0
30,3,2,0
40,1,0,0
37,0,8,0
26,1,12,1
37,1,1,0
26,0,5,1
29,1,3,0
38,1,5,0
28,0,4,0
43,4,2,0
24,1,0,0
32,2,10,0
32,2,0,0
40,1,1,0
35,1,1,0
30,2,7,2
39,0,1,0
35,1,0,0
40,3,3,0
27,0,0,0
43,0,0,0
29,2,0,0
42,1,2,0
33,1,1,0
39,0,0,0
28,1,2,0
32,0,7,0
33,2,1,0
38,3,2,0
46,0,1,0
39,1,1,0
38,0,0,0
31,0,1,0
29,4,6,0
33,2,2,0
43,0,1,0
43,2,1,0
33,3,3,0
26,2,1,0
37,0,1,0
28,0,1,0
30,0,7,0
35,0,0,0
42,0,0,0
40,1,1,0
36,3,3,0
37,1,1,0
48,5,4,0
35,3,3,0
42,3,2,1
45,0,1,0
35,0,0,0
37,0,3,0
42,2,0,0
53,1,0,0
29,0,4,0
37,5,1,0
38,3,5,0
41,1,1,0
43,2,0,1
40,1,1,0
40,1,1,0
22,1,4,0
44,1,3,0
35,0,3,0
39,0,1,0
37,1,0,0
33,0,1,0
39,3,2,1
41,1,2,1
25,1,0,0
28,0,5,0
32,3,1,0
35,2,0,0
32,1,5,3
44,0,3,0
34,2,1,0
28,1,0,0
40,0,1,0
38,1,1,0
22,0,4,0
41,1,3,1
45,1,2,1
49,0,4,0
30,1,2,0
42,3,0,0
32,0,2,0
44,0,3,0
24,0,2,0
29,2,1,0
28,0,2,0
31,1,6,0
36,2,2,0
35,0,1,0
27,0,1,1
41,1,4,0
19,0,0,0
41,0,4,0
38,0,5,1
33,3,1,0
26,1,1,0
36,7,1,0
36,1,0,0
39,1,3,0
34,0,0,0
28,0,0,1
26,1,7,0
31,3,7,2
37,2,1,0
43,0,2,0
35,1,4,0
33,0,1,1
38,0,2,0
27,0,13,0
32,0,1,0
30,0,1,0
35,4,0,0
28,1,2,0
33,0,1,0
28,2,3,0
31,1,2,1
33,1,0,0
47,1,3,0
36,1,8,0
40,3,0,0
35,2,1,1
34,3,6,0
38,2,1,0
36,0,2,0
29,0,1,0
32,0,6,0
36,1,2,1
35,0,1,1
31,0,2,1
39,4,2,0
32,1,0,0
42,2,1,0
38,2,1,0
39,0,0,0
34,0,1,1
42,2,0,0
40,0,1,0
38,3,1,0
37,1,1,0
49,2,6,0
35,2,1,0
39,0,0,0
29,1,2,1
35,2,5,0
42,2,0,0
30,0,7,0
25,0,2,0
37,0,1,0
25,2,6,0
38,2,1,0
38,2,2,0
30,2,8,1
45,3,0,0
17,1,0,0
26,0,10,0
28,0,2,1
36,2,3,0
21,1,3,0
42,0,2,0
46,0,2,0
27,0,0,0
32,3,5,0
42,0,1,0
36,0,0,0
45,0,4,0
37,0,0,0
40,1,2,0
33,1,4,0
38,1,0,1
37,0,2,0
38,1,1,0
39,0,2,0
26,1,2,0
31,1,1,0
45,0,0,0
23,0,2,0
31,0,3,0
31,1,0,0
48,2,1,0
40,0,3,0
32,2,11,0
38,0,0,0
30,2,3,0
28,0,2,0
33,1,0,0
33,0,2,0
38,2,2,0
31,0,5,0
35,3,2,0
30,0,1,0
33,2,0,0
46,2,2,0
32,2,2,0
35,1,1,0
37,2,2,0
34,1,1,0
45,0,3,0
44,0,1,0
43,2,2,0
42,6,1,0
36,0,1,1
32,3,2,1
29,0,8,0
39,1,4,0
27,1,0,0
35,1,0,0
29,0,3,0
41,0,0,0
33,1,0,0
47,0,1,0
44,1,2,0
41,1,4,0
45,0,0,0
32,2,2,0
39,2,2,0
36,0,5,0
24,2,1,0
39,0,2,0
27,0,3,0
46,2,2,0
30,0,2,0
37,5,1,1
33,0,7,0
29,1,2,0
36,0,8,0
28,1,0,1
29,2,0,0
38,0,9,0
31,1,9,1
37,0,1,0
45,1,3,0
37,1,0,0
37,1,1,0
41,2,2,0
30,2,2,0
39,3,0,0
36,6,1,0
32,1,3,1
37,0,1,0
33,1,6,0
35,1,0,0
30,0,3,0
46,0,0,0
38,1,3,0
33,1,0,0
31,0,3,0
31,5,2,1
25,1,5,0
36,2,1,0
36,1,0,0
32,2,2,0
37,0,3,0
43,4,0,0
48,1,0,0
36,1,0,1
37,0,6,0
35,2,3,1
45,0,3,0
32,2,2,0
35,1,2,0
45,1,0,0
36,2,11,2
32,2,1,0
35,0,2,0
40,1,3,0
33,0,2,0
38,4,2,0
39,1,0,0
33,0,4,0
32,2,3,0
40,1,1,0
40,0,1,0
40,0,5,0
34,0,0,0
37,1,7,0
39,1,0,0
47,1,1,0
35,4,3,0
47,1,4,0
29,2,7,1
51,0,2,0
48,1,2,0
30,0,0,1
40,2,2,0
34,2,2,0
42,0,0,0
50,2,0,0
29,0,2,0
38,0,1,0
34,0,11,0
32,1,5,0
40,4,1,0
40,1,1,0
26,1,0,0
37,0,0,0
40,1,2,0
31,1,2,0
31,1,2,0
42,0,7,0
29,1,3,0
24,1,6,0
33,0,4,1
50,0,5,0
32,0,3,0
34,0,0,0
45,0,1,0
42,1,3,0
28,0,9,0
42,0,0,0
35,1,2,0
47,0,2,0
36,0,1,0
32,2,2,0
36,0,2,0
37,3,2,0
44,2,3,1
43,0,2,0
37,2,4,0
48,0,3,0
35,0,1,0
28,4,3,0
30,5,1,0
34,1,2,1
41,0,4,0
36,0,2,0
38,0,3,0
36,2,1,0
28,0,0,0
26,0,3,1
37,2,2,0
27,1,6,1
28,0,5,0
38,1,3,0
37,1,1,0
36,0,0,0
31,1,0,0
40,1,4,0
23,2,10,0
38,0,1,0
43,0,1,0
29,0,3,0
53,0,1,0
29,2,4,0
30,1,1,1
42,0,0,0
28,0,2,0
42,2,2,0
38,0,3,0
42,1,0,0
24,0,2,0
30,1,0,0
39,5,1,1
31,3,2,0
36,0,9,1
52,1,0,0
49,0,1,0
35,0,2,0
23,1,1,0
41,1,2,0
36,0,2,0
34,0,3,0
30,4,1,0
30,2,1,0
32,2,7,0
29,0,8,0
43,2,5,0
36,3,4,1
35,0,1,0
37,0,1,0
40,0,2,0
29,0,12,0
41,6,1,0
34,2,3,0
36,1,4,0
37,0,0,0
25,1,1,0
33,0,1,0
31,0,4,0
34,1,1,0
31,1,3,0
47,2,0,0
33,0,1,0
37,2,4,0
35,0,0,0
42,0,3,0
39,0,4,0
29,0,2,0
30,2,7,1
42,0,1,0
37,4,1,0
36,0,2,0
32,0,2,0
26,1,1,0
32,0,1,0
33,1,1,0
32,0,2,0
34,3,1,0
36,1,2,0
28,1,1,0
37,0,2,0
45,0,3,0
30,0,5,0
43,2,0,0
31,1,5,0
38,1,2,0
35,3,0,0
47,0,0,0
45,2,1,1
31,0,2,0
40,0,2,0
43,2,1,0
31,0,4,0
28,0,4,0
30,2,7,3
32,0,12,0
34,2,2,0
46,0,1,0
29,2,4,0
31,2,3,0
34,2,1,0
29,0,3,0
35,1,3,0
39,1,3,0
39,0,2,0
39,1,1,0
51,0,2,0
43,2,5,0
43,0,3,0
35,0,1,0
34,2,1,0
49,0,2,0
46,2,1,0
30,0,1,0
46,0,0,0
43,1,4,0
35,1,1,0
35,1,1,0
34,3,0,0
31,0,1,0
33,0,4,0
42,0,1,0
42,2,2,0
27,2,1,0
27,0,7,1
33,1,2,0
32,0,3,0
44,0,2,0
35,1,1,0
34,0,0,0
21,2,5,0
40,0,2,0
42,2,0,0
28,1,1,0
33,3,0,0
37,1,5,1
26,0,0,0
33,0,3,0
36,1,3,0
39,1,2,0
38,1,4,0
29,0,2,0
45,1,2,1
42,0,1,0
38,0,1,0
35,2,3,0
34,0,2,0
39,2,0,0
42,0,1,0
31,1,4,1
36,2,2,0
27,2,16,2
45,5,3,0
35,4,1,0
41,2,4,2
38,3,1,0
43,0,14,1
34,0,0,0
38,0,3,0
49,2,3,0
32,0,2,0
27,1,3,0
39,2,2,0
34,0,1,0
37,2,4,0
42,0,4,0
40,0,0,1
33,0,1,0
32,1,11,0
43,0,0,0
35,2,0,1
35,0,1,0
42,0,3,0
41,0,6,0
34,0,4,0
33,8,1,1
41,2,2,0
39,0,1,0
31,1,1,0
22,0,1,1
45,1,2,0
45,1,1,0
36,2,2,0
40,0,3,0
36,0,2,0
31,0,3,0
39,1,3,0
30,1,0,0
33,0,3,0
45,1,1,0
35,3,1,0
34,0,0,0
33,1,1,0
35,1,0,0
36,0,8,1
37,2,2,1
38,0,0,0
37,0,2,0
37,2,1,0
42,0,1,1
32,0,8,0
32,3,1,0
29,0,6,1
33,1,1,0
37,1,0,0
45,0,0,0
26,0,10,0
41,2,1,0
37,1,1,0
33,2,4,0
42,0,1,0
30,0,8,0
37,2,0,0
30,0,0,0
38,0,5,0
37,0,1,0
36,1,3,0
42,0,4,0
32,0,0,0
36,2,2,0
36,1,6,0
34,0,11,0
33,2,3,0
28,0,2,0
37,0,3,0
44,1,2,0
40,1,0,0
42,0,2,0
39,1,1,0
38,0,0,0
37,1,1,0
37,3,3,0
39,3,3,0
33,0,0,0
41,0,1,0
28,3,0,0
38,2,2,0
29,0,5,0
38,1,2,0
34,0,1,0
29,0,0,0
26,0,4,0
31,0,3,0
42,5,1,0
40,1,2,0
28,1,1,0
25,1,12,2
38,2,1,0
35,1,1,0
36,0,4,1
27,1,4,0
34,1,3,0
36,4,2,0
41,0,6,0
39,1,1,0
33,1,0,0
37,1,1,0
32,1,3,0
31,1,1,0
44,1,0,0
34,2,4,1
24,3,0,1
37,2,0,1
27,1,1,0
43,0,1,0
37,1,0,0
47,0,0,0
45,3,2,0
31,3,2,0
32,0,5,0
36,1,5,0
36,0,1,0
34,1,4,0
32,1,2,1
36,0,1,0
37,1,2,0
46,2,0,0
39,3,1,0
36,0,2,0
33,1,3,0
38,0,1,0
34,1,1,1
30,1,1,0
26,1,2,0
26,1,11,0
31,0,0,0
37,2,1,0
43,1,1,0
44,2,1,0
38,3,0,0
38,1,0,0
41,3,1,0
38,0,4,0
23,3,15,1
38,2,0,0
35,1,2,0
41,1,1,0
40,1,0,0
36,1,0,0
39,2,0,0
39,1,0,0
34,1,1,0
44,1,2,0
31,2,1,0
38,1,2,0
52,1,2,0
36,3,0,0
40,0,1,0
38,2,5,0
49,2,0,0
33,1,3,0
32,2,3,0
31,2,0,0
39,2,1,0
28,2,0,0
35,1,1,0
32,2,1,0
44,0,2,0
36,1,3,0
34,0,2,0
39,0,1,1
44,1,2,0
35,0,0,0
37,1,0,0
27,2,0,0
39,0,1,0
34,0,3,0
37,0,1,0
33,1,1,1
33,0,2,0
39,3,1,0
29,2,10,0
38,1,0,0
31,2,0,0
39,0,0,0
32,2,6,0
37,0,2,0
38,0,2,0
33,0,0,0
38,0,2,0
39,1,12,2
43,2,5,0
28,2,1,0
41,0,1,0
52,1,1,0
34,0,2,1
31,1,2,0
25,0,1,0
42,1,3,0
20,1,9,2
30,2,1,0
33,0,3,0
38,2,1,1
25,5,2,0
35,2,8,0
29,2,2,1
33,0,0,1
27,1,1,1
34,2,2,0
40,3,3,0
33,0,1,0
34,0,2,0
35,1,1,0
35,1,0,0
49,0,3,0
39,1,13,0
32,1,2,0
38,0,0,0
31,2,2,0
20,1,8,1
37,3,4,0
37,2,1,0
35,0,2,0
36,0,1,0
36,2,0,0
43,0,0,0
57,0,0,0
37,1,0,0
41,3,1,0
41,1,1,0
26,0,2,0
35,1,1,0
41,0,1,0
31,0,1,0
37,0,2,0
38,3,4,0
34,1,2,0
40,0,1,0
43,1,4,0
23,1,5,1
28,0,7,0
36,1,2,0
31,0,0,0
42,3,1,0
36,0,2,0
39,4,1,0
27,0,2,0
34,5,1,0
35,0,4,0
27,1,7,3
39,0,1,0
29,2,0,0
42,1,4,0
33,0,1,0
34,0,2,0
32,2,3,0
30,3,1,0
41,0,0,0
29,2,6,0
32,0,0,0
32,1,3,0
33,2,5,0
36,1,2,0
31,0,2,0
38,2,2,0
30,0,0,0
35,1,1,0
45,2,3,0
43,1,2,0
45,1,2,1
37,0,1,0
33,0,1,0
36,1,2,1
21,4,6,0
35,2,2,0
43,1,1,0
39,2,0,0
43,0,0,0
44,1,6,0
30,1,4,0
28,2,1,0
41,1,2,1
26,2,1,0
34,0,1,0
43,1,6,0
40,4,0,0
39,1,2,0
30,1,6,0
43,0,1,0
37,1,2,0
35,2,10,0
32,5,1,0
52,1,1,0
20,1,5,0
55,2,2,0
37,2,3,0
55,0,0,0
33,2,7,0
41,0,1,0
46,1,2,0
46,0,1,0
33,0,1,0
31,3,0,0
45,1,1,0
33,0,3,0
31,2,0,0
35,0,0,0
45,0,1,0
48,3,2,0
53,2,2,0
39,1,2,0
32,2,1,0
35,1,1,0
33,1,0,0
34,3,7,0
33,0,2,0
26,2,17,1
39,1,2,0
32,1,11,0
36,1,1,0
38,0,0,0
29,3,0,0
46,0,2,0
35,1,1,0
43,2,2,0
38,0,3,0
39,0,1,1
42,0,1,0
36,3,2,0
45,2,1,0
39,2,1,0
37,2,3,0
37,0,3,0
28,1,7,0
33,2,0,1
34,0,9,0
41,0,3,0
33,1,1,0
44,4,1,0
38,0,1,0
40,0,0,1
37,0,1,0
33,1,1,0
41,4,2,0
45,0,1,0
45,1,1,0
33,7,2,0
35,1,2,0
34,4,3,0
35,0,0,0
37,2,0,1
25,4,1,0
30,0,14,0
45,0,5,0
29,1,2,0
45,1,2,0
37,0,1,0
45,0,1,0
48,0,3,0
30,1,2,1
38,0,1,0
28,1,1,0
46,1,1,0
43,1,2,0
38,2,4,0
28,0,7,0
44,1,2,0
40,1,1,0
30,0,3,0
42,1,1,0
28,0,2,0
37,2,0,0
33,3,0,0
30,0,3,0
42,1,1,0
26,0,0,0
46,0,1,0
41,2,2,0
44,0,0,0
33,0,1,0
31,0,0,0
37,0,2,0
30,1,2,2
32,1,3,0
43,0,1,0
31,0,2,0
29,1,6,0
31,0,0,0
37,1,3,0
27,0,1,0
30,1,1,0
31,0,0,0
31,0,3,1
30,1,3,0
33,0,2,0
38,1,0,0
40,3,1,0
37,0,8,0
39,1,2,0
39,1,0,0
38,0,2,0
35,0,4,0
30,0,4,0
39,0,1,0
39,0,4,0
47,0,2,0
37,1,0,0
28,1,8,1
35,0,1,0
36,0,2,0
26,0,9,1
32,1,4,0
39,2,1,0
34,0,2,0
48,1,1,0
51,0,1,0
39,1,3,0
33,1,2,0
26,1,11,0
35,1,1,0
34,1,2,0
36,0,5,0
46,1,0,0
44,2,0,0
33,3,1,0
43,0,2,0
41,0,2,0
41,0,1,0
40,0,1,0
29,1,4,0
34,2,0,0
34,0,2,0
33,1,5,0
33,2,3,0
35,1,2,0
43,2,1,0
41,0,1,0
29,0,0,0
34,1,1,0
35,0,3,0
38,1,0,0
33,1,0,0
43,0,1,1
50,0,2,0
38,2,1,0
45,1,3,0
36,2,1,0
31,1,1,1
30,2,2,0
32,0,11,0
34,2,0,0
28,0,15,2
36,1,2,0
38,0,2,0
30,1,1,0
39,4,1,1
37,3,0,0
33,0,1,0
40,1,2,1
31,2,1,0
42,1,1,0
44,1,3,0
42,1,2,0
41,1,1,0
44,1,2,1
38,1,1,0
29,1,4,0
37,3,1,0
25,0,0,0
48,2,2,0
59,2,1,0
31,2,1,0
30,1,0,0
33,1,1,0
38,1,1,0
30,2,2,0
38,3,5,0
36,0,3,0
38,1,3,0
48,2,2,0
49,0,0,0
30,0,4,0
33,0,0,0
37,2,4,0
27,0,1,1
31,0,0,0
43,1,4,0
34,1,1,0
38,0,3,0
43,1,3,0
51,2,1,0
28,4,0,1
35,4,0,0
36,2,0,1
38,2,3,0
33,0,2,0
28,2,5,0
38,1,4,0
31,2,2,0
27,0,6,0
26,1,1,0
36,2,3,0
41,1,2,0
39,0,2,0
45,1,0,0
35,0,4,0
40,0,0,0
30,1,2,0
37,0,5,3
36,0,1,0
35,0,4,0
33,0,0,0
30,2,2,0
34,1,1,0
35,1,3,0
37,0,3,0
48,1,0,2
29,0,8,0
29,0,0,0
32,0,7,0
35,3,3,0
34,0,0,0
24,4,1,0
31,1,1,0
41,0,2,0
45,2,0,0
44,1,0,0
35,1,7,0
34,1,0,1
48,0,4,1
28,1,1,0
26,1,2,0
49,1,1,0
35,0,5,0
33,0,0,0
26,1,10,0
38,0,2,0
34,1,0,0
43,3,1,0
43,0,5,0
41,1,1,0
33,1,1,0
32,3,3,0
31,1,2,0
29,4,2,1
36,0,1,0
38,0,8,0
36,0,2,0
23,1,10,1
28,1,3,0
36,3,1,0
36,0,1,0
47,1,1,0
34,0,2,0
22,0,16,1
45,0,2,0
33,0,4,0
36,0,2,0
30,0,2,0
32,0,5,0
39,0,0,0
30,0,1,0
39,1,4,0
29,1,1,0
31,2,8,0
36,0,2,1
40,0,2,0
48,2,4,0
35,1,1,0
39,0,1,1
33,0,0,0
24,1,9,0
29,2,3,0
39,3,2,0
30,0,6,1
33,3,2,0
38,0,2,0
33,1,0,0
36,0,1,0
35,1,0,0
37,2,2,0
49,1,2,0
44,0,1,0
33,1,1,0
29,0,0,0
31,3,2,0
36,0,1,0
33,1,0,1
40,2,1,0
41,2,1,0
25,0,4,1
45,0,0,0
22,1,0,0
42,0,3,0
27,0,1,0
29,1,2,0
30,2,1,0
35,4,1,0
32,2,0,0
38,2,3,0
36,0,1,0
32,0,1,0
27,0,2,0
37,0,1,0
42,1,3,0
30,2,1,0
32,1,0,0
36,2,0,0
49,0,1,0
37,1,1,1
39,0,3,0
36,3,0,0
25,0,4,1
29,1,1,0
40,1,1,0
30,0,0,0
39,1,0,0
40,3,0,0
49,0,1,0
36,3,1,0
36,2,0,1
31,1,8,1
29,1,3,0
47,0,1,1
30,5,1,0
34,1,3,0
36,1,2,0
39,0,2,0
28,1,4,0
37,0,2,0
35,4,3,1
29,0,2,0
19,0,16,0
30,0,1,0
33,1,0,0
41,1,2,0
28,1,0,0
28,2,1,0
34,2,0,0
41,0,0,0
34,0,1,0
38,2,0,0
28,1,1,0
30,5,0,0
39,1,3,0
39,1,4,0
36,0,2,0
32,2,1,0
36,2,1,0
43,1,1,0
41,1,0,0
32,1,3,0
33,0,1,1
45,0,1,0
32,3,0,0
34,0,1,0
37,0,1,0
33,1,1,0
33,0,1,0
31,0,2,0
43,2,1,0
30,0,1,0
40,0,2,0
39,1,1,0
31,1,1,0
31,2,1,0
30,3,7,0
35,1,1,0
42,0,3,0
30,1,4,0
43,0,3,0
37,0,3,0
41,2,1,0
24,0,9,0
24,1,8,1
30,1,6,0
28,2,4,0
21,1,0,0
52,2,3,0
31,0,0,0
46,3,2,0
32,0,2,0
34,3,2,0
30,0,12,0
34,0,1,0
44,0,2,0
45,1,2,0
33,0,1,0
30,0,1,0
44,2,4,0
39,1,3,0
37,2,3,0
47,1,1,0
35,1,3,0
37,2,1,0
37,1,2,0
29,0,1,1
41,0,2,0
38,1,1,0
44,1,0,0
40,1,2,0
41,0,2,0
41,1,1,0
32,0,11,0
33,1,2,0
39,1,3,0
38,1,0,0
29,1,2,0
49,0,3,0
35,2,1,0
28,0,3,0
43,0,3,0
36,6,0,0
30,1,1,0
36,0,0,0
33,0,2,0
34,2,8,1
44,3,1,0
33,1,2,0
30,0,8,0
27,0,6,0
30,0,1,1
32,2,2,0
31,3,1,0
43,0,2,0
31,0,11,3
32,0,1,0
40,0,3,1
43,0,4,0
37,0,10,1
32,7,0,0
43,3,6,0
39,2,1,0
46,1,3,0
38,0,12,0
30,2,3,0
24,1,8,0
30,0,4,0
24,3,1,0
37,0,0,0
33,3,14,0
48,2,3,0
37,0,1,0
38,1,1,0
35,1,7,1
41,3,1,0
24,1,3,0
27,4,2,0
33,3,7,1
47,2,2,0
29,1,6,1
22,0,7,0
42,4,0,0
36,0,5,0
36,0,0,0
35,1,2,0
39,0,1,0
35,2,1,1
46,0,0,0
45,2,2,0
31,0,1,0
36,1,5,0
34,0,1,0
35,1,1,0
40,3,0,0
43,1,3,0
32,0,5,0
31,1,1,1
45,0,3,0
31,0,0,0
43,2,2,0
39,0,5,0
31,0,5,0
38,1,0,0
35,2,3,0
32,2,1,0
36,3,1,0
37,1,0,1
42,5,2,0
40,1,1,0
32,2,0,0
30,0,2,0
37,0,2,0
34,1,4,0
31,0,2,0
37,1,2,0
46,0,1,0
34,0,1,0
45,0,0,0
24,1,0,0
23,1,3,0
43,2,0,0
20,1,4,0
47,2,2,0
29,2,1,0
41,4,1,1
37,2,2,0
29,0,1,0
40,3,4,0
44,2,0,0
32,1,3,0
31,2,2,0
39,2,1,0
30,0,3,0
34,4,2,0
25,2,4,0
30,0,2,0
36,2,1,0
41,0,2,0
34,1,0,0
30,0,0,0
46,1,1,0
36,0,2,0
43,0,6,0
26,1,2,2
39,0,1,0
38,2,2,0
34,1,2,0
35,1,6,0
33,1,2,0
41,1,2,0
32,1,2,0
35,0,2,0
40,0,0,0
31,2,2,0
39,0,1,0
49,0,3,0
43,2,1,2
36,1,1,0
35,2,1,0
33,3,0,1
34,0,0,0
37,0,3,0
32,1,0,0
33,0,4,0
36,0,3,0
22,1,5,0
34,0,1,1
40,0,0,0
35,0,1,0
37,0,1,1
38,3,1,0
43,1,0,0
35,1,1,0
38,2,1,0
30,1,1,0
33,0,1,0
49,2,1,0
27,2,0,1
56,0,6,0
39,2,3,0
32,2,1,0
50,2,2,0
43,2,0,0
44,0,0,0
39,4,1,0
38,1,1,1
41,1,3,0
36,0,2,0
26,2,1,0
44,3,1,0
42,1,5,0
25,0,2,1
35,0,0,0
43,1,2,0
43,1,0,1
36,1,1,0
32,2,2,0
33,1,3,0
29,1,4,0
32,0,0,0
42,1,4,0
32,0,2,0
44,0,3,0
38,2,3,0
20,3,16,1
39,0,1,0
24,4,7,2
45,3,2,0
37,0,1,1
38,3,1,0
33,1,3,0
45,2,2,0
47,1,1,0
41,1,3,0
43,0,1,0
35,0,9,0
26,2,15,0
37,0,3,0
32,0,1,0
33,2,4,0
23,5,1,0
39,0,2,0
36,0,2,0
44,2,0,0
39,2,0,0
39,0,2,0
43,0,3,0
46,2,3,0
46,0,4,0
27,1,1,0
40,1,1,0
32,2,3,0
50,0,4,0
19,1,12,0
48,1,0,0
46,1,0,0
42,0,1,0
43,3,1,0
33,2,4,0
30,1,0,0
33,0,1,0
39,3,1,0
31,1,2,0
34,1,4,0
40,0,1,0
47,0,1,0
37,2,2,0
35,0,2,0
40,1,1,0
21,2,0,0
52,1,0,0
30,2,0,0
30,0,1,0
45,0,1,0
38,3,1,1
45,0,4,0
36,4,1,1
35,2,6,0
47,1,1,0
36,5,2,0
52,1,1,0
34,2,3,0
40,0,4,0
42,2,1,0
41,0,1,0
29,1,1,0
40,0,4,0
54,1,3,0
34,1,0,0
37,0,1,0
39,1,1,0
24,1,3,0
24,1,6,1
32,0,1,0
42,1,4,0
35,1,3,0
42,1,2,0
36,2,1,0
37,1,5,0
42,0,1,0
43,3,2,0
35,0,2,0
28,1,8,0
38,1,5,1
27,0,2,1
36,1,3,0
35,0,2,0
42,1,3,0
33,0,2,0
20,2,3,1
43,0,2,0
36,0,1,0
34,2,0,0
34,2,6,0
35,1,0,0
31,0,1,0
34,0,2,0
40,0,3,0
44,1,1,0
38,2,2,0
26,2,2,0
36,0,2,0
25,2,0,0
34,3,5,0
29,2,1,0
39,1,3,0
45,1,1,1
32,1,5,0
38,1,0,0
28,1,5,0
29,0,0,0
50,1,3,0
40,1,4,0
38,2,0,0
29,2,2,0
38,0,0,0
31,0,3,0
30,0,1,0
44,0,1,0
32,2,1,0
44,0,3,0
32,0,1,1
39,0,3,0
40,0,1,0
37,0,2,0
30,0,7,0
31,5,1,1
28,2,1,0
42,2,0,0
37,1,1,0
37,0,2,0
33,5,1,1
34,0,1,1
28,1,4,0
44,1,1,0
41,0,2,0
36,0,2,0
24,0,9,0
38,1,3,0
37,0,1,0
37,0,2,0
35,2,1,0
37,0,7,0
36,1,1,0
32,1,1,0
39,2,2,0
34,1,1,1
30,0,2,1
37,0,3,0
24,2,1,0
34,0,3,0
37,1,2,0
40,3,0,0
36,1,0,0
39,3,2,1
40,0,0,0
36,0,0,0
32,2,2,0
35,0,1,0
34,1,1,0
31,1,1,1
50,1,0,0
48,1,3,0
33,0,0,0
27,0,4,0
47,1,1,0
29,2,1,0
38,1,1,0
25,1,11,0
46,0,1,0
25,2,10,0
37,2,3,0
52,2,4,0
45,2,1,0
37,1,1,0
44,2,2,0
37,1,1,0
39,1,0,0
32,1,9,0
32,2,2,0
41,3,1,1
38,0,3,1
32,2,0,0
38,0,2,0
37,0,2,0
34,0,4,1
34,2,1,0
38,2,2,0
41,0,5,1
45,2,3,0
30,0,14,0
39,0,1,0
42,1,3,0
36,1,1,0
34,1,0,0
36,1,1,0
32,0,0,0
27,0,10,0
38,1,1,0
44,0,2,0
48,0,2,0
37,3,0,0
42,0,1,0
35,0,3,0
35,0,2,0
34,3,0,0
39,1,0,0
35,1,1,0
33,0,0,0
45,1,4,1
22,1,3,0
31,0,9,0
24,0,8,0
48,0,0,0
45,1,0,0
41,0,1,0
36,2,0,0
36,1,2,1
37,0,0,0
37,1,3,0
29,0,0,0
35,2,2,0
35,6,1,0
36,1,1,0
30,1,4,0
31,2,9,0
53,0,1,1
36,0,1,0
45,1,1,0
33,1,1,0
34,1,1,0
29,1,1,0
36,3,4,0
24,1,11,0
52,0,2,0
41,2,2,0
39,0,1,0
38,0,3,0
29,0,1,0
46,1,1,1
41,0,2,0
32,1,2,0
45,0,2,0
31,4,0,1
45,0,4,0
42,0,0,0
44,0,1,0
31,1,8,0
35,0,2,0
31,2,6,1
31,1,3,1
32,0,5,0
32,2,1,0
27,0,1,0
37,1,1,0
31,0,3,1
28,2,0,0
43,1,0,0
25,0,8,1
44,2,3,0
30,0,1,0
35,3,8,0
25,1,3,0
31,1,5,1
42,1,3,0
40,2,2,0
38,0,0,0
40,1,2,0
42,0,3,0
37,0,4,0
27,1,0,1
36,3,2,0
30,2,4,0
41,4,1,0
30,2,1,0
35,4,0,0
38,0,1,0
30,1,8,0
31,2,1,0
44,2,1,0
37,1,2,0
48,0,0,1
37,3,0,0
42,1,0,0
27,0,1,0
40,1,1,0
42,0,2,0
33,0,7,0
33,0,1,0
36,0,2,2
23,2,6,3
23,4,1,2
26,0,4,1
35,1,3,0
39,0,2,0
52,3,1,0
38,0,1,0
36,1,2,0
39,1,1,0
37,1,0,0
33,1,3,1
30,1,3,1
48,3,2,0
28,1,1,0
25,2,2,0
44,0,4,0
26,0,10,0
40,1,2,0
34,0,0,0
41,4,3,0
31,1,1,2
31,3,1,0
25,1,0,0
49,0,2,0
31,1,1,0
39,0,3,0
40,2,2,0
37,2,0,0
37,2,2,0
32,2,2,0
45,0,1,1
40,2,4,0
35,1,1,0
51,0,1,0
32,0,2,0
41,1,3,0
33,2,2,0
27,0,0,0
37,1,1,0
37,1,2,0
41,0,2,0
47,4,2,0
35,0,0,0
39,0,0,0
32,0,2,0
32,0,0,0
29,1,7,0
35,1,3,1
47,1,2,0
48,1,2,0
36,2,2,0
41,1,2,1
34,1,2,1
34,0,6,0
40,0,4,0
45,0,2,1
36,0,0,0
37,1,1,0
30,0,2,1
41,0,2,0
39,3,0,0
31,0,2,0
40,0,2,0
36,5,0,0
39,0,3,0
38,0,3,1
36,3,2,1
29,0,3,0
26,2,2,0
35,1,1,0
32,1,1,0
35,2,0,0
37,1,1,0
35,0,2,0
32,3,1,0
43,0,3,1
31,3,1,0
40,4,0,0
43,1,1,0
33,1,1,0
44,2,1,1
33,1,3,0
36,3,2,0
38,1,1,0
35,0,4,0
40,1,1,0
40,0,3,0
30,0,1,0
48,7,3,1
41,0,2,0
31,2,9,0
28,0,1,0
38,0,2,0
37,0,1,0
44,0,5,0
35,4,7,1
35,1,2,0
40,1,2,0
33,1,5,0
41,1,1,0
25,1,5,0
39,0,2,0
45,1,2,0
26,0,2,0
35,1,3,0
27,0,5,0
41,2,0,0
29,1,6,0
47,1,2,0
46,2,0,0
34,0,3,0
38,0,7,0
36,2,6,2
45,1,2,0
39,0,1,0
41,0,2,0
33,2,2,0
36,0,6,0
35,0,2,0
27,3,7,0
28,0,0,0
35,1,2,0
45,4,2,1
38,0,6,0
31,1,0,0
37,1,2,0
46,1,2,0
40,1,0,0
34,1,1,0
34,1,1,0
37,1,2,0
36,1,1,0
39,2,4,0
56,5,4,0
37,2,6,2
39,1,1,0
31,0,3,0
39,3,2,0
34,1,4,3
37,1,1,0
46,0,1,0
34,1,1,0
25,3,4,0
43,0,2,0
35,1,3,0
37,3,0,0
39,1,5,0
33,2,1,0
35,0,1,0
42,1,0,0
33,1,0,0
32,0,6,0
30,1,1,0
20,0,2,0
37,1,1,0
37,2,0,0
41,0,1,0
37,2,1,0
34,1,5,0
44,3,0,0
35,0,2,0
35,0,1,0
37,1,8,0
45,0,1,2
38,3,0,0
28,0,2,1
42,3,2,0
44,2,0,0
35,0,4,0
41,1,0,0
24,1,2,1
40,1,0,0
33,0,0,0
28,2,1,0
38,1,1,0
38,2,0,0
41,3,3,0
45,0,4,0
40,0,0,0
43,5,3,0
31,0,0,0
38,1,1,0
35,0,2,0
32,1,1,0
33,3,1,1
29,1,0,0
47,0,1,0
40,0,4,0
33,0,2,0
37,3,2,0
37,1,1,0
44,3,1,0
41,2,1,0
31,1,2,1
35,0,0,0
31,1,1,0
35,0,3,0
34,3,1,0
43,2,1,0
34,1,0,0
44,0,1,0
25,2,2,0
33,0,1,0
32,2,4,0
49,2,3,0
36,0,0,0
27,0,0,0
35,0,1,0
39,0,2,0
23,1,0,0
30,2,4,0
46,1,1,0
34,1,3,0
42,0,1,0
34,0,5,0
38,1,1,0
48,1,1,0
28,3,2,0
28,3,1,0
39,2,2,0
24,1,2,0
34,1,0,0
32,0,1,1
26,0,2,1
33,0,0,0
37,1,3,0
39,0,3,0
50,1,2,0
44,0,2,0
46,0,1,0
44,1,1,0
32,2,0,0
29,1,1,0
40,0,2,0
26,2,0,0
31,3,2,0
36,4,0,0
30,1,1,1
29,1,12,2
44,0,1,0
40,2,1,0
39,0,0,0
26,0,1,0
40,1,2,0
37,3,3,0
32,2,4,0
38,3,2,1
43,2,0,0
40,2,3,0
40,4,2,0
32,2,3,0
32,2,1,0
38,1,0,0
36,2,3,1
36,0,0,0
29,1,8,0
35,2,0,0
36,2,1,0
41,1,1,0
40,2,0,0
39,1,1,0
26,2,15,2
36,0,8,1
41,0,2,0
23,3,2,0
42,0,1,0
27,0,1,0
33,1,14,1
29,0,1,0
46,0,3,0
33,1,1,0
30,2,1,0
40,1,2,0
38,0,2,0
36,0,7,0
25,0,5,0
44,0,0,0
34,0,9,0
42,0,1,0
47,1,1,0
40,3,1,0
41,1,5,0
31,4,1,0
24,2,6,1
32,0,10,0
44,4,1,0
29,0,0,0
36,2,0,1
49,1,1,0
42,1,0,0
49,0,0,0
31,3,2,0
35,0,8,0
33,1,1,0
45,4,3,0
41,2,0,0
38,2,3,0
40,1,1,1
29,2,3,0
29,0,3,0
46,3,2,0
29,3,1,0
40,1,1,0
32,0,3,0
39,1,0,0
41,1,2,0
33,1,2,0
40,0,2,0
45,1,1,0
40,2,6,2
27,0,1,0
41,4,2,0
46,0,3,0
24,0,1,0
36,2,1,0
34,4,2,1
25,0,1,0
35,2,0,0
33,0,4,0
31,1,2,1
29,0,4,0
35,0,2,0
39,0,4,0
35,2,2,0
42,1,2,0
36,0,1,0
40,1,4,0
27,2,1,0
37,0,1,0
36,1,0,0
39,1,1,0
33,0,1,0
36,1,4,0
33,2,6,0
38,1,2,0
27,3,1,0
35,2,1,0
43,1,2,0
37,0,0,0
43,1,0,0
41,2,1,0
37,0,1,0
33,3,2,0
32,0,3,0
31,0,6,0
39,1,2,0
32,1,1,0
29,2,3,0
32,0,0,0
25,1,9,0
50,3,2,0
28,2,2,0
41,0,1,0
37,1,0,0
32,1,1,0
38,0,1,0
26,2,5,1
33,2,4,0
29,0,8,0
43,3,1,0
36,1,2,0
37,2,1,0
42,0,4,0
35,0,2,0
28,1,3,0
30,1,2,0
40,0,0,0
48,3,3,0
47,0,0,0
35,1,2,1
30,2,1,0
35,2,3,0
40,2,2,0
34,3,1,0
53,0,1,0
34,0,9,0
38,0,1,0
27,0,3,0
43,0,1,0
38,5,1,0
40,1,2,0
30,1,1,0
34,3,0,0
33,4,4,0
35,0,0,0
32,4,1,0
42,0,2,0
42,1,2,0
45,2,0,0
45,2,1,0
37,1,3,0
46,0,1,0
39,3,0,0
34,3,0,0
44,1,3,0
44,1,2,0
26,0,3,1
38,0,9,2
40,1,3,0
37,0,3,0
43,1,3,0
44,0,1,0
41,0,2,0
28,1,1,0
33,3,9,1
37,0,1,0
37,0,3,0
40,3,0,0
39,0,4,0
30,0,1,0
42,2,0,0
30,0,0,0
37,2,3,0
35,0,0,1
38,0,3,0
33,5,1,2
36,0,7,0
40,1,0,0
30,3,1,0
48,1,2,0
39,2,4,0
47,0,1,0
44,3,1,0
41,0,2,0
34,0,0,0
43,1,1,0
29,1,2,0
46,1,7,0
39,0,3,0
37,0,1,0
37,1,0,0
39,1,0,0
39,0,3,0
44,1,4,0
32,1,2,0
45,2,2,0
35,1,3,0
57,1,1,0
49,1,0,0
27,0,3,0
34,0,11,0
30,2,7,1
34,2,0,0
47,1,2,0
36,1,1,0
45,2,8,0
35,0,3,0
29,0,1,1
37,0,3,0
42,0,1,0
34,1,0,0
36,0,1,0
36,0,1,0
46,1,2,0
29,0,0,1
32,1,3,0
37,2,0,1
30,2,1,0
52,1,4,0
32,1,0,0
25,0,1,0
32,1,1,0
41,1,2,0
40,0,3,0
36,0,1,0
33,1,6,1
27,4,7,1
31,0,10,1
34,0,1,0
47,1,1,0
41,0,2,0
38,1,0,0
28,1,1,0
32,2,9,0
35,1,0,0
51,2,2,0
20,2,13,0
27,2,0,0
31,6,2,0
33,0,4,0
37,0,1,0
47,0,1,0
33,1,2,0
28,5,1,1
35,1,5,0
31,0,4,1
43,1,3,0
46,3,0,0
28,1,5,0
45,2,5,0
47,1,3,0
36,1,3,0
33,2,0,0
39,0,8,0
28,1,2,0
35,0,3,0
21,0,6,2
45,1,2,1
28,0,3,0
28,0,1,0
26,1,1,0
45,1,0,0
34,1,0,0
37,0,2,0
36,1,1,0
35,1,2,0
39,1,1,0
28,3,0,0
39,2,0,0
44,1,0,1
32,0,4,0
45,0,3,0
37,3,2,0
39,0,2,0
24,1,15,0
37,0,3,0
45,0,3,0
35,0,0,0
31,1,0,0
47,2,2,0
41,0,2,0
37,0,3,0
37,0,2,0
43,0,0,1
33,0,1,0
33,2,0,0
43,1,1,0
36,1,2,0
36,1,2,0
27,0,3,0
24,2,0,0
33,1,4,0
27,1,1,0
32,1,1,0
43,0,2,1
51,0,3,0
41,1,0,1
37,2,5,0
30,3,4,0
43,2,2,0
39,2,1,0
31,1,2,0
29,0,4,0
32,0,1,0
37,0,4,0
37,1,1,0
36,1,2,0
37,0,0,0
36,2,7,1
34,3,1,0
41,0,2,0
39,2,2,0
37,1,2,0
32,1,0,0
35,2,2,0
27,3,2,0
49,1,1,0
31,2,4,0
35,1,1,0
47,0,0,1
40,1,9,0
27,0,5,0
33,0,1,0
40,0,1,0
25,1,1,0
39,0,3,0
43,5,2,1
44,1,1,1
32,0,0,0
22,1,10,1
36,3,4,1
39,0,2,0
43,2,3,0
48,1,2,0
32,0,1,0
43,0,1,0
31,0,1,0
45,0,4,0
36,0,3,1
35,1,1,0
38,1,2,0
34,0,5,0
48,0,1,0
45,1,3,1
35,0,1,0
29,2,1,0
34,0,1,0
40,2,2,0
37,1,2,0
34,0,1,1
35,0,2,0
35,0,1,1
34,1,1,0
29,0,3,0
38,1,1,0
32,1,10,0
43,0,0,0
49,0,4,0
40,1,1,0
35,0,3,0
38,2,8,0
48,1,2,0
32,2,10,0
27,1,2,1
36,1,4,0
36,0,1,0
39,3,0,0
31,0,3,0
36,0,1,0
45,0,0,1
37,0,1,0
34,0,1,0
28,0,3,0
48,1,0,0
44,1,5,0
29,1,9,0
32,0,0,0
34,4,2,0
44,1,2,0
42,1,4,0
36,0,1,0
31,0,1,0
36,2,3,0
38,0,1,0
33,1,1,0
41,3,0,0
23,1,9,2
37,3,0,0
41,0,0,0
41,0,0,0
35,3,1,0
40,0,1,3
30,1,0,0
41,1,1,0
30,1,1,0
34,1,9,0
38,2,2,0
35,0,1,0
26,1,14,0
37,5,9,0
46,0,2,0
24,0,3,0
41,0,2,0
35,1,1,0
40,2,1,0
38,1,2,0
30,2,1,0
46,1,4,0
34,0,3,0
35,2,8,1
46,1,0,1
39,0,1,0
40,0,2,0
30,0,0,0
38,1,0,0
33,1,1,0
40,0,11,0
37,0,1,0
40,0,3,0
34,0,4,0
41,2,1,1
40,0,1,0
33,0,9,1
39,1,1,0
31,0,1,0
31,2,5,0
32,2,1,0
40,1,1,0
39,3,2,0
40,0,1,0
46,3,4,0
39,9,1,0
37,0,1,0
31,1,1,0
29,0,1,0
34,0,3,0
41,0,1,0
41,2,1,0
36,0,5,0
31,0,1,0
43,2,2,0
29,1,2,0
38,2,4,0
19,0,13,0
34,0,2,0
29,1,9,0
33,0,13,0
37,1,6,0
34,0,4,0
37,1,2,0
41,0,1,0
45,0,0,0
34,3,3,0
37,0,2,0
41,2,2,0
32,2,4,0
40,1,3,1
37,1,2,0
25,0,3,1
39,0,5,0
39,0,6,0
34,2,1,0
38,3,2,1
37,3,2,0
28,1,1,0
43,0,1,0
36,3,0,1
36,2,6,0
41,1,2,1
32,1,4,0
23,4,2,0
36,0,0,0
29,1,1,0
33,1,1,0
43,1,0,0
46,0,2,1
41,0,1,0
35,0,4,1
32,1,2,0
39,0,2,0
47,0,0,0
33,1,2,0
34,1,3,0
42,0,2,1
46,1,1,0
39,1,5,1
49,1,0,0
38,3,3,0
41,4,2,0
40,0,1,0
33,0,1,0
40,3,1,0
39,1,2,0
39,0,3,0
36,1,2,0
41,0,4,0
32,2,2,0
43,0,3,0
43,1,1,0
40,1,2,0
42,0,1,0
33,0,0,0
48,2,1,0
34,1,9,0
36,1,0,0
34,0,1,0
35,4,10,0
50,1,2,0
28,2,2,0
42,0,2,0
37,1,0,0
38,0,0,0
38,1,4,0
45,0,1,0
37,2,3,0
41,0,1,0
34,1,2,0
34,1,1,0
39,3,1,1
38,0,2,0
36,0,2,0
39,1,1,0
45,0,2,0
44,0,2,0
36,1,0,0
30,2,0,0
41,1,2,0
32,2,3,0
41,0,1,0
43,1,1,0
39,1,1,0
23,1,6,0
42,0,1,0
34,1,0,0
49,2,2,0
46,1,2,0
34,0,1,0
43,0,2,0
43,2,3,0
33,1,3,0
30,1,2,0
42,1,1,0
44,0,2,1
35,3,2,0
40,0,1,0
30,0,1,0
41,5,0,0
48,0,2,0
47,0,1,0
35,0,1,0
24,0,0,0
24,0,3,0
50,1,0,0
41,1,2,0
36,0,2,1
38,2,1,0
44,1,1,0
46,1,0,1
32,0,2,0
34,2,1,0
41,0,2,0
39,1,2,0
33,6,2,0
42,0,1,0
29,1,1,0
32,1,2,0
47,0,2,0
48,0,1,0
35,0,2,0
32,0,1,0
37,1,2,0
25,1,10,0
47,0,2,0
37,0,7,0
26,1,1,0
35,3,2,0
41,2,2,0
38,0,2,0
25,0,1,0
38,0,1,0
46,0,0,0
41,1,0,0
27,0,0,0
32,0,9,0
37,1,0,1
37,0,4,0
23,1,19,1
36,1,0,0
26,2,4,0
37,1,2,0
46,0,0,0
38,0,1,0
49,1,2,0
40,1,0,0
40,1,2,0
33,2,0,0
33,1,2,0
45,0,1,0
29,2,2,0
38,1,0,0
29,3,1,0
34,1,5,0
34,1,1,0
32,2,15,1
36,0,1,0
44,1,4,0
37,0,1,0
37,3,0,1
30,1,3,0
26,5,3,0
42,2,1,0
39,1,0,0
32,1,1,0
33,0,3,0
31,1,0,0
33,1,1,1
30,0,2,0
36,0,0,1
45,1,2,0
38,0,1,0
34,3,5,0
30,1,1,0
38,1,0,0
57,1,3,0
42,0,1,0
36,1,2,0
36,3,4,0
39,0,3,0
42,2,3,0
42,2,9,2
32,1,6,0
44,0,0,0
43,0,3,0
32,3,1,1
38,1,2,0
29,0,2,0
41,1,2,1
41,2,1,0
37,3,9,0
44,5,2,0
38,3,7,0
41,2,3,0
32,2,3,0
38,0,0,0
30,0,0,0
45,1,2,0
48,0,2,0
32,1,3,0
41,0,1,0
38,0,2,0
40,1,2,0
45,0,6,0
27,1,1,1
40,2,1,0
32,0,3,0
43,0,1,0
28,0,4,1
22,2,8,0
40,3,1,0
40,2,0,0
26,0,4,0
31,1,1,1
44,3,1,0
28,0,3,0
25,2,2,0
36,2,1,0
28,2,12,0
37,3,4,0
40,0,1,0
29,1,18,2
43,2,1,0
43,0,2,0
39,0,1,0
47,1,3,0
27,2,0,0
36,3,3,0
40,2,0,0
34,2,2,0
39,3,1,0
38,0,2,0
28,2,0,0
46,1,1,0
41,1,2,1
39,1,1,0
27,0,3,0
34,3,3,0
38,0,1,0
44,1,1,0
34,1,0,0
45,3,3,0
31,3,1,0
45,5,2,0
31,0,6,0
41,2,2,0
38,7,1,0
34,1,2,0
30,1,2,0
26,3,6,0
53,0,1,0
27,3,3,0
51,1,0,0
42,2,1,0
38,2,0,0
36,0,4,0
44,1,1,0
30,1,4,0
44,0,3,0
30,2,1,0
34,0,8,0
37,2,1,1
30,0,1,0
35,1,0,0
24,0,3,0
41,0,2,0
33,1,2,0
45,0,0,0
36,0,0,0
40,0,0,0
36,0,1,0
35,0,2,0
36,0,1,0
32,4,1,0
36,2,2,0
41,0,7,0
30,2,0,0
43,1,1,0
19,0,1,0
47,0,0,0
31,0,5,0
38,0,1,0
26,0,1,0
41,5,2,0
28,1,0,0
50,0,1,0
34,1,2,0
41,3,3,0
44,0,1,1
42,1,1,0
35,0,3,0
32,1,2,0
31,2,2,0
38,2,3,0
29,0,2,0
36,1,2,0
39,2,1,0
32,3,4,0
42,0,6,1
29,1,0,0
38,0,0,0
48,1,0,0
36,5,0,0
43,1,0,0
38,2,1,0
41,0,1,0
43,0,1,0
32,0,0,0
38,3,2,0
35,2,0,0
38,3,1,0
44,1,1,0
34,0,3,0
35,0,3,0
48,0,0,0
23,2,2,0
40,0,2,0
43,0,1,0
32,1,1,1
36,2,1,0
41,2,0,0
32,5,6,0
36,0,0,0
36,2,0,0
39,1,1,0
40,1,1,0
30,2,8,1
52,4,3,0
31,1,2,0
42,1,0,0
28,3,2,0
36,0,2,0
35,0,2,0
25,0,5,0
39,0,2,0
36,0,1,0
35,0,0,0
22,3,3,1
37,2,3,0
32,0,2,0
36,1,1,0
29,0,0,1
39,0,0,0
42,1,1,0
35,1,1,0
39,0,0,0
29,0,0,1
36,0,0,0
32,2,1,0
43,1,2,0
40,0,0,0
36,1,0,0
44,0,1,0
36,1,2,0
27,0,10,0
38,2,0,0
40,2,2,0
32,3,3,1
35,2,0,0
37,4,4,0
27,6,10,0
41,0,3,0
36,0,3,0
48,3,0,0
33,2,2,0
30,3,2,0
26,1,7,0
41,1,1,0
38,1,3,0
25,1,10,0
33,0,2,0
37,2,3,0
38,1,2,0
45,0,3,0
49,0,1,0
38,3,2,0
49,4,3,0
44,0,2,0
44,1,3,0
27,2,1,0
33,2,1,0
21,1,11,0
31,3,4,0
38,2,0,0
32,1,1,0
32,0,1,1
35,3,2,0
37,3,3,0
34,1,2,0
41,1,2,0
27,0,2,0
36,1,1,0
36,2,2,0
40,3,1,0
35,0,4,0
39,3,2,0
42,1,0,0
37,2,1,0
27,0,3,0
39,1,1,0
34,1,2,0
25,0,1,0
35,0,2,0
39,0,1,0
34,1,1,0
33,1,7,1
34,1,2,0
32,0,7,1
38,0,1,0
33,3,2,0
38,3,1,0
27,0,4,0
38,0,1,0
39,2,1,0
36,0,1,0
41,2,0,0
39,0,1,0
38,1,0,0
33,0,1,0
37,0,0,0
24,0,3,0
49,1,2,0
36,1,12,0
37,0,1,0
35,6,1,0
34,0,1,0
36,1,2,0
38,2,1,0
39,1,1,0
39,0,1,0
36,0,2,0
31,1,2,0
34,2,0,0
32,1,2,0
35,1,8,0
40,0,2,0
45,1,2,0
23,0,0,0
29,0,3,0
26,0,7,0
30,1,3,0
26,2,7,0
34,0,2,0
32,0,0,1
32,2,8,2
30,1,7,0
37,0,1,0
29,3,18,1
35,1,2,1
43,2,0,0
40,1,1,0
29,1,0,0
32,0,1,0
31,1,5,0
24,0,4,0
31,2,0,0
18,3,2,0
29,3,0,0
32,0,1,0
32,1,0,0
43,0,5,0
33,2,0,0
43,1,5,0
32,3,0,1
47,3,1,0
42,0,0,0
40,0,1,0
34,2,3,0
46,1,4,0
27,2,0,0
39,1,4,0
32,2,9,0
43,3,2,0
43,1,3,0
38,1,0,0
35,0,4,0
41,0,1,0
33,0,3,0
37,0,1,0
37,0,1,0
41,0,9,0
33,0,2,0
30,2,4,0
39,0,2,0
30,0,3,0
35,1,2,0
39,2,1,0
36,2,2,0
30,0,5,0
33,0,6,1
35,0,2,0
34,1,1,0
36,1,1,0
33,1,6,0
41,0,2,0
38,1,3,0
53,3,0,1
37,0,1,0
32,1,8,0
35,1,5,0
27,1,2,0
44,0,1,0
43,1,3,0
20,3,8,0
19,0,2,0
43,1,3,0
32,0,6,0
42,0,5,0
29,1,8,1
28,1,2,0
25,1,2,1
44,3,0,0
28,4,1,0
34,2,1,0
42,1,3,0
35,0,0,0
35,4,1,0
34,1,1,0
29,0,2,0
38,0,2,0
43,2,1,1
33,0,2,0
38,1,3,0
28,2,1,0
38,2,4,0
33,0,1,0
33,2,2,0
41,0,1,0
32,1,14,0
40,0,1,0
34,0,2,1
37,4,4,1
43,0,0,0
32,0,0,0
42,1,2,0
38,1,3,0
32,1,3,0
26,3,3,1
46,0,3,0
45,1,2,1
41,3,7,0
41,1,3,0
53,1,4,0
38,1,0,0
26,0,1,0
36,1,0,0
45,0,4,0
39,0,3,0
31,1,2,0
39,0,2,0
36,2,0,1
33,3,0,0
25,1,3,0
35,3,0,1
48,1,0,0
31,0,1,0
43,2,2,0
29,2,3,0
31,2,6,0
39,4,3,0
35,1,0,0
35,0,3,0
34,2,2,0
26,0,11,0
42,0,1,0
37,1,1,0
36,0,1,0
28,1,2,0
51,1,1,0
40,3,2,0
35,1,0,0
39,1,0,0
30,2,4,1
41,1,1,2
34,0,3,0
48,2,2,0
34,2,4,0
36,1,1,0
47,0,3,0
44,1,1,0
35,1,3,0
34,1,2,0
36,1,1,1
36,2,2,0
25,2,1,0
34,1,1,2
27,1,4,0
26,2,0,0
39,2,3,0
39,1,2,0
45,1,1,0
41,0,3,0
40,2,1,1
31,0,4,0
27,3,0,0
38,0,1,0
42,0,3,0
42,0,0,0
36,0,2,0
34,2,5,2
31,1,1,0
36,1,0,0
37,1,2,0
35,0,4,0
23,0,22,0
36,2,11,0
32,1,7,0
43,2,1,0
44,5,8,0
31,1,5,0
35,0,5,0
30,0,9,0
47,0,1,0
37,1,5,0
24,3,0,1
28,1,1,0
34,1,7,1
36,0,1,0
38,2,2,0
43,0,1,0
36,0,1,1
33,0,3,0
34,1,1,0
33,0,1,0
40,0,1,0
36,1,0,1
39,2,2,0
37,0,3,0
41,1,4,0
46,2,0,1
21,2,1,0
35,0,2,0
39,0,3,0
36,2,1,0
33,0,4,0
33,1,1,0
35,3,3,0
46,1,2,0
27,0,2,0
40,0,1,0
32,3,2,0
45,1,0,1
29,1,5,2
38,2,0,0
41,2,1,0
38,2,1,0
28,4,9,1
30,1,0,0
46,1,0,1
36,1,0,0
27,0,4,0
36,3,0,0
35,0,2,0
38,2,1,0
40,1,2,0
37,1,5,0
37,1,0,0
35,6,1,0
41,0,0,0
36,2,7,0
31,3,2,0
33,0,12,0
36,1,3,0
44,1,2,0
32,1,2,1
35,0,1,0
30,2,1,0
50,0,2,0
31,1,0,0
37,0,2,0
34,3,1,0
42,1,0,0
37,1,3,0
31,0,0,0
36,1,2,0
42,0,0,0
35,1,1,0
29,1,1,0
33,1,3,0
23,1,0,0
36,0,4,0
35,0,0,0
43,0,1,0
34,0,7,0
41,0,2,0
43,0,1,0
40,1,1,0
43,1,2,0
30,0,2,0
34,0,3,0
38,0,1,0
49,2,2,1
29,1,2,0
31,0,1,0
31,1,6,0
40,0,2,0
20,0,8,0
40,0,0,0
29,0,1,0
34,1,2,0
30,0,0,0
32,1,4,0
42,0,2,0
38,2,6,0
41,2,1,0
42,1,1,1
32,0,1,0
37,0,1,1
48,1,0,0
44,0,5,0
39,1,2,0
33,2,5,0
30,2,9,0
51,0,0,0
31,0,1,0
44,5,0,0
34,0,0,0
41,1,3,0
40,0,1,0
31,1,4,0
41,1,1,0
30,0,2,0
51,3,1,0
34,1,3,0
43,0,1,0
33,1,2,0
32,1,0,0
33,5,2,0
33,0,4,0
35,1,0,0
34,0,1,0
34,0,0,0
46,1,1,0
46,3,0,0
35,0,2,0
36,2,1,1
32,0,3,0
43,1,3,0
35,0,2,0
42,1,5,0
49,1,4,0
37,0,2,0
35,7,0,1
24,1,10,0
39,1,0,0
37,0,1,0
41,0,0,0
35,1,3,0
40,0,0,0
33,1,3,0
37,0,3,0
36,0,1,0
42,1,3,0
38,1,2,0
29,0,3,1
45,1,1,0
40,0,4,0
39,2,2,0
42,0,3,0
35,1,0,0
25,0,5,0
28,1,8,0
39,1,0,0
42,1,2,0
27,0,2,0
41,0,2,0
47,1,1,0
36,2,4,0
43,2,2,0
37,0,0,0
30,4,1,0
43,1,6,0
49,5,1,0
39,2,3,0
42,0,4,0
27,2,1,1
49,1,2,0
44,3,1,1
42,4,0,0
43,3,1,0
39,1,1,0
43,2,4,0
36,0,1,1
34,0,3,0
35,0,2,0
49,0,3,0
37,0,2,0
35,0,2,0
42,3,1,0
34,2,3,0
29,1,9,0
29,3,6,0
40,1,3,0
37,1,6,0
38,3,9,0
42,2,2,0
38,0,2,0
29,0,6,0
35,0,1,0
33,1,4,0
44,1,3,0
32,1,5,1
33,3,1,0
46,0,3,0
44,1,0,0
33,0,2,0
35,3,2,0
37,2,3,1
32,0,2,0
20,1,9,2
27,3,1,0
46,1,0,0
36,2,1,1
43,0,2,0
30,3,9,0
36,1,1,0
31,2,2,0
47,0,3,0
43,2,0,0
38,0,2,0
25,1,5,0
20,0,12,0
47,0,1,0
29,0,1,0
42,3,0,0
38,0,0,0
41,1,0,0
41,0,2,0
38,3,7,0
35,2,3,0
40,0,3,1
32,4,1,0
44,2,1,0
37,1,1,0
47,1,1,0
30,0,0,0
32,2,1,0
41,0,1,0
56,0,2,0
17,0,7,0
38,0,0,0
36,0,9,1
40,1,0,1
41,2,3,0
49,0,0,0
47,0,0,0
34,0,0,0
44,1,3,0
45,2,1,0
42,1,0,0
30,0,0,0
31,0,6,0
36,0,1,0
41,1,1,0
34,3,2,1
39,1,0,0
32,0,11,0
32,0,2,0
41,2,2,0
36,0,1,1
40,1,3,0
27,2,2,0
44,0,3,0
36,3,2,0
28,1,3,0
31,2,15,1
38,1,2,0
36,2,2,0
34,1,0,0
23,0,14,0
33,0,1,0
36,2,1,0
35,0,1,1
35,1,1,0
48,0,1,0
27,1,4,1
31,1,5,1
40,1,1,0
34,2,1,0
36,1,3,0
30,0,0,0
33,1,2,0
29,1,2,0
38,1,1,0
29,0,0,0
40,3,1,0
39,0,3,0
43,0,3,0
28,0,0,0
30,0,6,0
46,1,2,0
44,2,1,0
32,1,2,0
41,2,2,1
31,3,9,0
44,0,1,0
30,1,2,0
26,1,7,1
22,1,2,0
36,2,3,0
36,0,0,0
44,1,2,0
33,1,1,0
35,1,2,0
29,1,1,0
28,4,6,0
40,0,1,0
40,4,2,1
38,2,2,1
34,0,1,0
47,0,1,0
37,0,6,0
40,0,2,0
27,1,0,0
22,0,4,0
49,2,0,0
33,1,6,0
27,0,2,0
32,1,3,0
35,1,10,0
41,4,0,0
42,1,4,0
33,0,3,0
52,1,2,0
30,1,0,0
34,4,2,0
31,1,0,0
44,2,1,0
41,0,1,0
35,1,4,0
44,0,0,0
26,1,2,0
32,1,5,0
43,1,3,0
33,4,3,1
28,2,1,0
40,0,1,0
28,0,3,0
44,0,1,0
37,1,4,0
36,1,1,1
43,3,3,0
30,0,4,1
34,0,1,1
27,0,11,1
49,2,0,0
35,0,2,0
33,0,3,0
26,0,0,1
33,0,0,0
46,4,0,0
45,0,4,0
27,1,4,2
38,3,3,0
46,2,3,0
40,0,2,0
38,0,3,0
34,0,2,0
44,0,0,1
28,0,1,0
38,3,2,0
37,0,2,0
40,2,1,0
32,1,3,1
34,6,3,0
29,1,1,0
38,4,5,1
31,0,2,0
27,1,0,0
45,1,3,0
33,3,1,0
35,0,3,0
33,6,1,1
27,2,7,2
43,1,1,0
34,1,2,0
24,1,0,0
40,0,5,0
36,0,2,0
27,0,0,0
39,0,3,0
33,1,2,0
32,1,4,0
36,1,0,0
44,1,2,0
46,1,2,0
49,1,0,1
34,1,10,1
29,0,1,0
29,1,3,0
41,3,1,0
40,1,3,0
32,2,10,0
44,1,2,1
42,0,1,0
32,1,1,1
38,0,2,0
34,2,0,0
38,1,3,0
36,0,1,0
39,3,1,0
13,0,10,0
36,0,0,0
23,2,3,0
31,1,1,0
41,1,5,0
50,1,2,0
41,2,3,0
48,2,0,1
38,2,2,0
38,0,2,0
36,1,1,0
39,3,1,0
42,6,0,0
30,1,1,1
38,2,4,0
35,0,2,0
49,0,0,0
39,1,0,0
31,0,3,0
35,0,5,1
27,1,2,0
51,0,3,0
35,2,1,0
48,1,4,0
41,1,0,0
42,0,2,0
36,3,2,0
52,0,1,1
37,1,2,1
32,2,1,0
28,2,3,0
35,2,3,0
31,1,2,0
40,1,4,1
26,1,1,0
31,0,5,0
45,0,1,0
38,1,0,0
43,0,4,0
34,0,3,0
36,5,1,0
23,1,3,0
44,0,1,0
32,0,2,0
31,1,2,0
52,1,0,0
39,1,2,1
42,1,0,1
40,2,1,0
35,0,2,0
23,1,0,0
46,0,4,0
45,1,2,0
36,1,1,0
54,2,1,0
34,0,2,0
41,0,2,0
34,1,6,2
34,0,3,0
24,1,7,1
45,0,1,0
42,1,0,0
34,1,1,0
44,2,3,0
30,2,2,0
31,1,9,0
35,1,3,0
36,1,3,1
43,4,4,1
34,1,2,2
25,0,14,1
35,1,3,0
30,3,3,0
39,0,2,0
30,0,1,0
30,0,0,0
29,0,2,0
40,0,3,0
53,1,2,0
29,0,2,0
41,0,2,0
35,3,1,0
39,5,0,1
24,0,3,0
37,1,0,0
35,1,3,0
32,4,1,0
28,2,6,0
32,1,1,0
32,2,4,0
53,0,1,0
27,3,0,0
45,1,3,1
28,0,4,0
36,2,10,1
36,0,8,1
40,4,2,1
34,1,1,0
30,3,1,0
47,1,0,0
36,0,1,0
39,2,2,0
27,2,2,1
30,0,10,2
45,0,1,0
27,0,3,0
40,0,0,0
31,2,8,1
41,1,2,0
32,4,1,0
43,0,2,0
30,3,2,1
41,1,1,0
31,1,0,0
38,1,3,0
40,2,0,0
41,2,1,0
33,3,1,0
38,3,4,0
39,0,2,0
41,1,0,0
40,1,2,1
40,1,5,0
30,2,0,0
53,2,3,0
36,0,1,1
36,6,1,0
36,1,2,0
45,2,1,0
35,2,1,0
34,3,4,0
31,4,6,2
31,1,2,0
36,0,3,0
45,0,1,0
44,0,2,0
33,0,1,0
32,0,1,0
34,0,3,0
32,0,4,0
42,0,3,0
37,2,0,0
38,1,1,0
30,2,2,0
44,2,1,0
42,1,3,0
40,1,3,0
33,0,6,0
44,1,1,0
36,1,4,0
44,1,2,0
36,0,3,0
30,3,3,0
42,2,3,0
36,0,4,0
42,1,4,0
29,2,3,0
32,2,1,0
40,0,4,0
27,2,4,0
29,0,3,0
35,1,1,0
35,2,4,0
37,0,3,0
36,1,2,0
32,1,0,0
40,0,2,0
27,0,1,1
40,1,0,0
38,0,0,0
36,5,1,0
40,1,9,0
33,0,1,0
35,2,4,0
31,2,6,0
43,1,2,0
24,1,14,3
30,0,1,0
39,0,2,1
42,0,3,0
38,0,0,0
33,2,3,1
45,1,0,0
37,0,2,0
38,3,1,0
34,5,0,0
28,1,13,0
30,4,5,0
34,1,1,0
44,0,1,0
36,1,0,0
38,1,0,0
41,0,1,0
42,0,1,0
37,2,4,0
44,0,0,0
32,0,1,0
39,1,0,1
34,1,1,0
28,1,0,0
38,5,1,0
32,1,4,0
32,1,0,0
34,0,3,0
36,1,1,0
30,8,1,0
47,3,0,0
35,4,4,0
39,2,3,0
25,0,1,0
28,3,1,0
41,2,0,0
40,1,4,0
36,0,3,0
33,3,1,1
32,0,2,0
33,0,0,0
37,0,3,0
35,0,2,0
34,1,1,0
35,1,1,0
31,1,2,0
33,0,6,0
46,0,2,0
33,3,2,0
37,0,1,0
42,0,2,0
36,0,10,0
33,5,1,0
37,4,5,1
37,1,3,0
37,0,1,0
43,2,0,0
38,1,2,0
42,0,1,0
43,2,3,0
46,0,5,0
25,1,8,1
27,2,3,1
39,2,6,1
33,0,2,0
32,0,2,0
44,3,0,0
42,0,3,0
27,1,13,2
39,0,4,1
37,1,1,0
42,2,1,0
33,0,3,0
33,1,4,0
35,0,4,1
31,0,1,0
39,1,4,0
33,0,1,0
40,0,1,0
37,0,2,0
25,0,4,0
34,0,6,0
39,0,0,0
41,1,1,0
40,0,2,0
47,0,1,0
24,2,6,0
37,2,0,0
41,2,2,0
31,2,3,2
45,0,2,0
39,3,2,0
27,1,1,1
40,6,2,0
45,0,3,0
42,0,4,0
33,1,9,1
29,0,3,0
36,2,3,0
38,1,2,0
37,0,2,0
36,1,4,0
50,0,1,0
25,1,1,0
43,1,0,0
41,1,3,0
36,0,1,1
34,2,1,0
34,0,1,1
31,4,5,4
36,0,0,0
42,2,0,1
44,0,0,1
27,0,2,2
36,0,0,0
26,0,3,0
41,2,3,0
32,2,5,0
25,1,12,0
37,0,0,0
39,3,1,0
37,0,0,0
36,0,3,0
37,0,1,0
40,0,3,0
40,4,0,0
45,0,5,0
31,4,11,0
32,1,0,0
38,0,2,0
50,1,0,0
34,1,2,0
30,2,0,0
29,0,4,0
39,2,1,0
44,1,2,0
36,1,1,0
38,1,0,0
34,0,1,0
30,3,2,0
44,1,1,0
42,2,1,0
48,1,2,1
47,4,3,0
31,1,1,0
43,2,1,0
32,0,0,0
42,0,4,0
35,2,4,0
36,1,1,0
25,1,15,3
24,0,14,0
38,1,2,0
39,1,2,0
31,0,1,0
37,3,0,0
36,0,3,1
36,0,5,0
44,0,1,0
37,0,2,0
28,0,1,0
30,0,9,0
45,0,2,0
29,0,0,1
38,0,1,0
36,0,0,0
43,1,2,0
31,1,5,0
41,2,1,1
30,0,3,1
46,1,4,0
42,1,1,0
27,1,0,0
39,2,1,0
31,1,2,0
33,1,0,0
35,0,4,0
32,2,2,0
45,0,2,0
37,1,1,1
32,0,3,0
39,2,3,0
34,1,3,0
31,2,2,0
36,1,2,0
46,1,4,0
42,0,3,0
40,0,1,0
36,2,4,0
33,2,2,0
38,2,1,0
31,1,2,0
23,1,3,0
25,0,11,0
26,1,0,0
42,0,2,0
36,0,4,0
33,0,2,0
41,1,3,0
30,2,3,1
27,0,12,0
47,2,2,0
31,1,1,0
25,0,9,0
39,0,9,1
35,3,2,0
45,2,1,0
37,3,1,0
42,0,2,0
32,2,3,0
43,3,2,0
34,2,2,0
37,1,0,1
37,0,0,0
38,0,1,1
36,0,4,0
37,1,3,0
40,1,1,0
31,5,0,0
37,0,1,0
30,0,5,1
37,1,3,0
32,0,3,0
36,0,2,0
33,0,1,0
36,0,2,0
27,0,1,0
35,3,0,0
39,1,1,0
36,1,2,0
42,0,1,0
34,1,12,1
33,1,1,0
38,3,0,0
34,0,2,0
37,2,4,0
33,3,1,0
49,0,0,0
41,0,0,0
26,1,2,0
26,0,2,0
45,3,1,1
37,3,2,0
43,2,0,0
30,3,1,1
41,3,1,0
32,0,10,0
46,1,2,0
31,1,0,0
38,1,1,0
40,0,0,0
35,1,2,0
34,2,1,0
33,2,3,0
32,0,3,0
23,0,6,0
31,1,1,0
44,0,0,0
31,0,3,0
41,0,2,0
37,0,0,0
40,4,0,0
34,2,0,0
34,2,0,0
43,2,2,0
34,4,1,0
47,0,1,0
25,4,3,0
51,1,1,0
26,2,12,1
33,0,1,0
29,1,1,0
38,0,0,0
41,3,2,0
22,2,9,1
46,0,2,0
37,1,2,0
32,1,3,0
24,1,1,0
28,1,11,0
39,0,2,0
29,2,3,0
35,2,2,0
29,1,3,0
33,0,2,0
36,2,3,0
33,7,7,0
43,0,1,0
40,1,2,0
36,4,7,0
35,0,0,0
42,1,1,0
43,0,1,0
40,1,2,0
41,2,1,0
37,3,0,1
49,0,1,0
37,0,3,0
35,2,2,0
42,0,2,0
31,1,1,0
44,2,1,0
36,2,1,1
36,1,3,3
26,0,11,0
38,1,0,0
42,2,1,0
33,0,7,0
37,0,6,0
34,0,2,0
39,1,1,1
44,0,4,0
42,1,0,0
42,0,1,1
44,1,4,0
27,0,0,0
30,2,1,0
47,1,2,0
34,0,5,0
38,1,1,0
47,1,0,0
35,1,2,0
28,0,1,0
45,0,5,0
36,4,2,0
35,1,4,0
35,0,1,0
45,1,0,0
50,4,4,0
37,0,1,0
26,3,4,0
40,1,12,0
12,1,15,0
30,1,1,0
44,1,1,0
40,1,2,0
29,2,1,1
31,0,3,1
32,4,2,0
33,0,1,0
33,3,2,0
35,1,0,0
25,0,13,0
43,0,2,0
47,0,4,1
32,0,0,1
29,2,7,0
35,0,2,0
39,1,1,0
38,2,1,0
45,3,1,0
34,4,1,0
40,1,2,0
39,0,2,0
37,1,1,0
32,0,4,0
38,0,3,0
27,1,8,0
41,1,2,0
35,0,3,0
38,1,0,0
40,1,5,0
40,0,0,0
47,1,6,0
32,0,2,0
39,2,0,0
28,0,0,0
26,0,12,0
43,3,2,0
47,1,1,0
42,2,3,0
38,0,1,0
30,1,0,0
31,1,2,0
36,0,0,0
31,0,3,0
25,1,7,0
38,2,1,0
45,0,1,0
40,0,0,0
35,0,2,0
42,1,2,0
30,2,2,0
34,1,0,0
34,0,0,1
24,1,2,0
30,1,11,0
38,0,2,0
41,1,1,0
29,1,2,0
41,1,2,0
36,2,8,0
41,1,3,0
45,1,1,0
27,1,9,1
28,0,1,0
39,1,2,0
32,2,3,0
36,1,1,0
31,0,1,0
34,2,5,0
32,3,3,0
37,0,5,0
42,0,2,0
49,0,3,0
34,1,2,0
38,2,3,0
34,1,1,0
49,2,1,0
42,1,9,0
26,0,2,1
36,0,8,1
31,1,5,0
36,0,3,0
40,1,0,0
29,3,2,0
43,3,3,1
32,3,1,0
38,1,1,0
31,2,0,0
31,1,7,0
38,7,1,0
38,0,4,0
39,2,1,0
47,0,0,1
34,2,2,0
37,1,0,0
32,0,2,0
30,0,2,0
43,1,1,0
40,1,1,0
20,0,18,0
39,2,1,0
31,2,1,0
47,1,1,0
36,1,1,0
33,0,0,0
38,1,0,0
36,0,4,0
29,0,1,1
38,1,1,0
30,1,2,0
44,1,1,0
37,1,2,0
23,4,1,0
37,2,4,0
47,2,0,0
28,1,1,0
33,1,2,0
41,0,1,0
31,0,2,0
34,1,3,1
36,5,5,2
23,0,11,0
30,2,3,0
31,4,7,0
37,1,0,0
29,1,5,0
36,2,1,0
32,4,0,0
32,0,0,0
45,1,1,0
41,1,1,0
29,0,2,0
28,2,2,0
41,1,1,0
41,1,1,0
39,1,1,0
31,1,1,0
44,1,1,1
28,1,1,0
40,1,3,0
47,2,1,0
33,0,4,0
35,0,0,0
30,2,1,0
32,3,4,0
41,0,2,0
41,0,1,0
29,0,4,0
37,1,4,1
39,1,0,0
31,1,2,0
43,0,1,0
26,1,2,0
42,5,1,0
34,2,1,0
36,2,5,0
26,2,1,0
32,2,1,0
37,4,1,0
44,0,1,0
32,2,3,0
37,0,3,0
31,1,2,0
35,2,1,0
21,2,1,0
29,1,1,0
40,1,0,0
32,0,2,0
32,1,1,0
41,0,1,0
29,2,0,0
42,0,0,0
31,1,1,0
36,0,3,0
28,2,2,0
37,1,0,0
39,1,2,0
40,0,1,0
42,1,0,0
39,2,0,0
44,1,2,0
43,0,1,0
27,3,2,0
26,0,11,1
39,0,10,0
51,1,0,0
41,0,2,0
33,0,2,0
28,3,0,0
32,3,13,2
45,0,4,0
40,1,0,0
34,1,2,0
28,0,2,0
33,0,1,0
47,0,3,0
43,2,3,0
47,0,0,0
34,0,1,0
32,1,1,0
47,1,0,0
37,2,3,0
38,0,1,0
44,3,2,0
34,3,1,0
34,1,1,0
38,0,4,0
28,3,4,0
39,2,1,0
29,0,3,0
36,3,3,0
33,0,13,0
28,1,2,0
47,2,0,0
38,0,3,0
37,0,2,0
35,1,7,0
37,3,2,0
37,1,2,0
46,0,2,0
30,0,2,0
25,1,3,0
33,1,6,0
37,0,1,1
38,3,0,0
38,1,6,0
24,2,0,0
47,2,1,0
34,1,2,0
35,1,2,0
50,1,1,0
26,4,1,0
36,0,1,0
36,2,2,0
44,2,1,0
33,0,2,0
27,0,0,0
31,0,2,0
32,2,2,0
39,1,0,0
38,2,3,0
39,0,1,0
41,0,0,0
44,2,2,0
42,1,0,0
50,0,3,0
39,2,5,1
38,0,0,0
42,1,4,1
46,0,1,0
27,1,2,0
33,0,2,0
35,1,1,0
36,0,1,0
29,3,2,0
34,2,3,0
31,0,1,0
33,1,2,0
33,3,0,0
53,0,0,0
37,0,2,0
44,0,0,0
44,1,2,0
29,0,4,0
38,3,1,0
30,1,0,0
34,1,4,1
41,0,5,0
32,0,1,0
48,1,1,0
41,0,6,0
25,1,2,0
23,0,9,0
37,2,7,1
36,1,1,0
36,0,3,0
29,0,1,0
42,0,0,0
31,2,1,0
46,1,1,0
38,2,3,0
39,2,2,0
25,0,21,2
33,1,1,1
39,1,1,1
29,0,1,0
34,0,1,0
48,1,1,0
48,2,1,0
47,1,0,0
39,0,0,0
53,0,1,1
45,0,1,1
32,1,1,0
51,1,1,0
31,2,0,0
38,0,2,0
30,1,9,0
29,1,2,0
42,1,2,0
31,3,0,0
38,0,0,0
42,1,1,0
44,0,2,0
43,1,1,0
47,1,1,0
33,0,1,0
53,2,5,0
38,0,0,0
29,1,6,0
32,3,0,1
33,0,2,0
30,0,1,0
37,2,3,0
32,0,0,0
36,0,0,0
41,0,0,0
46,2,1,1
43,1,2,0
32,1,1,0
43,2,2,0
40,2,1,0
38,3,2,0
32,2,1,0
50,0,0,0
44,2,0,0
42,2,0,0
31,1,1,1
40,0,1,0
33,2,1,0
31,1,0,0
28,4,5,0
32,1,3,0
43,1,3,0
32,2,2,0
39,1,2,0
36,1,3,0
39,1,2,0
41,2,0,0
44,0,3,1
24,0,1,0
35,2,2,0
33,0,1,0
36,0,1,0
42,1,1,0
40,2,0,0
44,0,0,1
37,1,9,0
45,4,1,0
35,0,1,0
37,0,3,0
50,1,2,0
40,1,2,0
31,2,3,0
33,4,1,0
34,0,1,0
40,0,1,0
34,0,2,0
41,1,1,0
27,2,3,0
34,1,1,0
43,0,3,0
33,1,2,0
30,4,0,0
41,0,2,0
40,4,2,1
36,0,3,0
37,0,15,0
31,0,2,0
32,2,12,1
33,3,7,0
35,0,9,0
28,2,3,0
39,4,1,0
37,0,2,1
38,1,2,0
43,0,3,0
33,0,1,0
39,0,1,0
43,0,0,0
42,3,2,0
32,0,2,0
39,1,3,0
45,0,5,0
36,0,6,0
39,1,3,0
29,1,10,0
53,1,1,1
46,2,0,0
35,6,1,0
39,4,1,0
36,0,5,0
29,1,7,0
46,1,3,0
41,0,1,0
31,0,8,0
49,3,1,1
29,4,9,1
39,1,2,0
39,1,0,0
37,1,2,0
36,1,2,1
32,0,8,1
32,1,9,0
32,0,1,0
41,1,2,0
27,4,2,0
42,0,4,0
30,1,8,1
31,3,3,0
32,1,1,0
42,0,1,0
34,1,1,0
33,0,1,0
35,0,1,0
42,0,1,1
40,0,0,0
33,0,1,0
41,0,1,0
33,2,1,0
40,3,2,0
31,0,2,0
43,2,1,0
44,2,2,0
23,0,0,0
43,3,1,0
29,1,2,0
41,0,2,0
27,1,0,0
31,0,4,0
41,1,0,0
38,1,1,0
41,1,0,0
29,1,2,1
34,0,2,0
31,1,2,0
42,2,1,0
39,2,2,1
36,0,0,0
35,2,0,0
33,2,1,0
35,0,3,0
35,0,1,0
41,1,2,1
37,0,1,0
35,0,1,0
36,3,2,0
33,0,1,0
26,1,10,1
35,0,3,0
42,2,0,0
36,1,3,0
53,3,3,0
41,1,0,0
35,0,0,0
30,3,8,0
45,0,0,0
26,0,7,0
38,1,0,0
38,3,1,0
39,1,2,1
39,1,1,0
33,1,2,0
33,0,0,0
35,1,1,0
34,1,7,0
39,1,0,0
44,1,1,0
29,0,3,0
37,1,0,0
38,0,0,0
33,4,3,0
38,1,2,0
32,3,5,0
53,0,3,0
39,1,1,0
39,2,2,0
35,0,0,0
29,0,1,0
45,3,2,0
35,0,1,0
45,0,2,1
47,1,2,0
48,1,0,0
34,0,4,0
38,1,2,0
48,2,1,0
33,2,0,0
46,2,2,0
30,0,2,0
35,2,11,0
35,0,1,0
30,1,0,1
31,0,6,1
36,0,5,0
34,1,0,0
33,0,2,0
31,3,6,0
40,0,0,0
25,3,12,0
27,2,1,2
39,0,2,0
30,0,3,0
50,0,2,0
36,4,0,0
34,1,2,0
36,2,3,1
44,0,4,0
44,0,0,0
35,5,6,0
34,0,0,0
43,3,0,0
43,1,2,0
31,2,0,1
30,0,8,1
28,1,1,0
33,0,5,0
46,0,2,0
35,1,0,0
33,1,1,0
29,2,2,2
44,1,3,0
46,2,2,0
39,2,2,0
29,2,0,0
44,1,1,0
32,3,2,0
42,2,1,0
20,1,10,0
38,0,0,0
40,1,0,0
39,0,0,0
37,1,2,0
29,2,2,1
42,0,0,0
39,0,1,0
27,2,1,0
35,1,1,1
42,0,0,0
36,0,2,0
28,0,2,0
35,0,2,0
25,3,1,1
42,0,3,1
29,0,2,0
45,0,1,0
32,0,6,0
41,0,0,0
31,2,0,0
33,1,2,0
41,0,0,0
36,1,1,0
34,1,6,0
27,2,2,0
36,2,4,0
39,0,2,0
35,1,1,0
33,0,0,0
38,1,4,0
38,1,0,0
31,1,3,0
39,2,1,0
53,1,2,0
38,0,2,0
31,2,2,1
43,0,2,0
32,2,2,1
40,0,0,0
33,2,0,1
42,0,1,1
33,0,1,0
33,0,9,1
44,1,1,0
29,1,2,0
39,3,2,0
31,0,0,0
41,0,4,0
31,2,9,0
43,0,2,0
44,3,4,0
31,3,2,0
31,0,0,0
27,0,6,0
29,0,2,0
37,0,1,0
38,1,1,0
37,1,2,0
28,1,3,0
38,2,6,0
27,2,3,0
37,0,11,0
35,0,0,0
39,1,3,0
39,1,2,0
34,0,3,0
38,3,2,0
43,0,1,0
48,1,1,0
43,0,3,0
43,2,3,0
39,4,2,0
38,0,4,0
30,0,1,0
36,1,2,0
43,1,2,0
43,2,1,0
32,0,12,0
42,3,4,0
38,1,1,0
25,0,1,1
38,0,3,0
34,3,1,1
43,0,2,1
27,0,3,0
44,2,1,0
44,2,3,1
45,0,1,0
46,1,1,0
43,1,0,0
27,1,5,1
35,0,0,0
40,1,3,0
35,1,8,0
38,0,0,0
31,2,1,0
24,1,2,0
29,2,0,0
43,1,2,0
29,2,2,0
35,4,1,0
39,2,0,0
29,0,10,0
33,0,12,0
33,1,0,0
29,4,4,1
24,3,0,0
41,1,2,0
42,1,1,0
34,1,5,0
38,0,0,0
27,3,2,1
39,4,0,0
39,0,2,0
39,0,1,0
31,1,3,0
38,2,3,0
43,0,3,0
37,0,0,0
21,0,5,0
29,0,8,1
37,1,0,0
24,0,7,0
41,1,0,0
30,1,1,0
51,1,1,0
33,0,0,0
28,1,1,0
29,1,4,0
46,2,0,0
28,2,2,1
22,0,10,0
34,0,1,0
36,0,3,0
45,1,8,0
33,1,9,0
35,2,0,0
33,1,3,0
40,1,0,0
40,0,0,0
38,1,3,0
38,2,0,0
52,1,0,0
31,0,0,0
27,2,1,0
36,0,2,0
25,1,1,0
33,2,1,1
38,1,3,0
47,1,3,0
39,1,4,0
35,3,0,0
30,2,3,0
38,1,2,0
42,1,3,0
41,0,1,0
36,1,0,0
29,0,1,0
33,2,1,0
45,0,0,0
46,1,0,0
36,3,4,1
30,0,2,0
36,1,0,0
31,2,1,0
32,3,3,1
33,1,0,0
36,1,3,0
36,3,0,0
33,3,1,0
28,1,0,0
42,2,1,0
39,1,2,0
36,0,2,0
40,0,4,0
38,1,1,0
30,0,5,0
34,2,3,0
33,1,1,0
26,0,4,0
45,2,3,0
33,2,1,0
31,0,3,0
18,5,8,0
41,2,0,0
29,2,0,0
38,0,0,0
38,0,1,0
41,3,7,0
36,0,1,0
42,0,1,1
26,5,1,0
32,0,0,0
24,0,0,0
37,1,8,0
31,0,1,0
38,1,0,0
40,3,2,0
41,3,2,0
35,3,2,0
38,1,1,0
29,2,1,0
41,1,1,0
42,3,2,0
40,2,4,0
39,3,0,0
36,2,2,0
40,1,4,0
45,3,3,0
38,0,2,0
34,1,1,0
37,0,2,0
45,0,1,0
43,1,2,0
36,0,3,0
40,0,1,0
31,0,0,0
34,2,2,0
39,1,1,0
44,0,3,0
29,3,1,0
38,1,1,0
37,0,3,0
41,2,1,0
35,0,10,2
42,0,3,0
32,2,1,0
39,2,1,0
32,0,3,0
35,0,1,0
48,0,2,0
36,2,2,0
35,1,1,0
38,0,2,0
46,2,2,0
49,1,0,1
32,1,0,0
34,2,3,0
34,1,0,0
34,3,11,0
30,1,1,0
34,3,2,0
48,1,0,0
34,2,0,1
44,2,2,0
26,0,12,1
39,1,5,0
36,1,3,0
40,3,1,1
44,1,1,0
27,4,0,0
43,0,1,0
38,2,3,0
38,0,3,0
29,1,2,0
31,0,7,2
19,0,11,0
30,0,3,0
28,4,1,0
50,0,2,0
41,1,1,0
36,2,5,0
31,0,3,0
34,0,4,0
33,0,0,0
24,0,9,0
45,0,2,0
31,2,10,0
38,1,1,0
32,0,2,2
27,1,3,0
40,1,3,1
36,1,7,0
27,2,1,1
42,0,3,0
42,0,2,1
34,3,2,0
40,0,3,0
41,0,2,0
38,1,3,0
34,0,4,0
34,0,0,0
38,0,7,1
53,2,2,0
36,0,2,0
33,2,2,0
24,2,1,0
31,2,10,2
35,1,1,0
42,0,1,0
27,0,2,0
43,2,2,0
35,1,1,0
42,3,0,0
45,1,2,0
47,0,2,0
43,2,3,0
37,1,3,0
40,0,3,0
32,1,6,0
43,0,0,0
30,1,0,0
45,2,2,0
36,0,6,1
44,0,2,0
34,0,2,0
34,1,1,0
32,0,1,0
37,3,0,0
31,3,3,0
33,3,5,0
40,0,2,0
29,2,2,0
22,2,8,0
32,1,1,0
31,0,7,2
43,1,2,0
43,1,2,0
43,0,1,0
27,1,6,0
30,1,0,0
36,0,1,0
35,0,0,0
44,2,3,0
28,0,0,0
33,5,0,0
43,1,2,0
32,0,1,0
49,0,0,0
37,4,1,1
31,3,1,0
32,0,2,0
37,0,3,1
35,0,3,0
45,2,2,0
34,2,2,0
36,2,1,0
45,1,2,0
33,1,0,1
31,0,3,0
38,0,2,0
39,0,3,0
45,2,1,0
37,2,1,0
29,1,0,0
32,1,3,1
52,1,0,1
47,1,1,1
24,2,6,1
34,0,1,0
38,0,2,0
36,0,3,0
24,2,10,1
34,0,3,0
45,0,2,0
39,0,2,0
40,0,1,1
39,0,2,0
33,0,1,0
36,2,2,1
49,0,1,0
42,4,0,0
46,0,2,0
33,0,3,0
37,0,4,0
32,0,2,0
44,2,1,0
34,0,0,0
42,1,2,0
45,2,3,1
35,1,1,0
42,0,1,0
37,2,3,0
47,0,1,0
39,2,1,0
44,1,2,0
36,2,0,0
28,1,5,1
40,0,1,0
45,0,1,0
36,1,2,0
30,2,2,1
38,1,2,1
42,0,3,0
51,4,1,0
32,0,5,0
38,0,1,1
35,0,2,0
31,3,4,1
49,1,0,1
36,0,0,0
40,0,3,0
36,0,2,0
31,3,2,1
37,0,4,0
34,0,0,0
42,0,2,0
29,1,10,0
41,2,2,0
34,2,1,0
32,1,1,0
31,3,5,0
38,0,5,0
52,1,3,0
38,0,1,0
41,0,4,0
28,1,4,0
30,1,5,0
31,4,5,0
26,0,3,0
38,1,3,0
29,2,3,0
27,2,2,0
34,2,1,0
36,1,1,0
44,3,1,0
40,1,2,0
32,0,3,0
38,2,2,1
26,3,2,1
43,2,0,1
30,0,7,0
26,1,2,0
29,1,1,0
36,1,0,0
44,1,2,0
40,2,0,0
39,1,2,0
41,2,4,0
31,0,2,1
33,0,11,0
33,2,2,0
45,3,2,0
33,0,1,0
37,1,1,1
45,1,1,0
37,2,1,0
31,0,9,1
41,2,2,0
36,3,1,0
27,0,2,0
29,0,1,0
28,0,1,0
38,2,1,0
44,0,3,0
36,1,1,0
35,1,2,0
30,1,0,0
45,2,1,2
45,1,5,0
42,1,1,0
54,0,5,0
27,1,4,0
51,1,1,0
39,1,2,0
46,1,6,0
37,2,3,0
32,0,1,0
49,1,1,0
41,0,0,0
38,1,1,0
27,2,4,1
36,0,0,0
21,2,10,2
44,1,3,0
27,1,0,0
27,1,0,0
37,1,0,0
37,1,0,0
34,0,4,0
36,1,1,0
40,1,5,0
44,2,2,0
32,2,2,0
37,2,1,0
31,0,6,0
26,1,6,0
48,0,4,0
37,0,0,0
43,1,10,0
42,2,2,0
32,0,1,0
32,1,0,0
32,1,2,0
46,0,2,0
43,1,0,0
41,0,1,0
40,2,0,0
38,1,0,0
26,0,19,1
25,2,3,0
30,2,2,0
47,2,1,0
55,1,1,0
40,2,1,0
39,0,3,0
28,0,2,0
36,2,0,0
43,0,1,0
32,1,0,0
35,1,5,0
36,1,2,0
34,1,1,0
42,1,1,0
33,1,4,0
22,1,2,1
34,1,0,0
43,0,3,0
38,0,2,0
34,1,1,1
40,0,1,0
27,2,4,1
47,1,1,0
26,2,4,1
36,0,0,0
29,2,1,0
38,0,3,2
36,1,1,0
31,1,1,0
39,3,1,0
22,1,1,0
54,1,0,0
49,0,1,0
43,1,0,0
29,0,2,0
28,1,3,0
37,0,2,0
31,0,2,0
28,0,1,0
39,2,1,0
35,2,2,0
46,0,1,0
26,1,4,0
29,1,1,0
35,1,5,0
34,0,4,0
31,1,2,0
27,0,0,0
31,1,2,0
41,0,5,1
37,1,1,0
44,0,1,0
36,1,1,0
30,0,0,0
36,0,7,1
25,1,18,3
36,1,2,0
33,2,0,0
36,2,2,1
50,1,0,0
28,2,3,0
38,1,2,0
37,1,15,1
33,2,2,1
26,0,6,1
30,0,1,3
42,1,1,0
40,0,0,0
25,2,3,0
39,0,3,0
33,0,3,0
44,0,1,0
38,0,2,0
41,0,4,0
40,0,0,0
39,0,5,0
26,5,8,1
42,1,1,0
39,2,1,0
32,0,0,0
35,0,2,0
25,2,1,0
41,1,1,0
19,1,3,0
26,2,2,0
35,1,0,0
41,0,0,1
28,0,6,0
33,0,1,0
38,1,2,0
38,0,2,1
44,0,0,0
31,1,1,0
32,2,8,0
40,0,0,0
44,3,3,0
40,0,2,0
37,0,1,0
38,2,0,0
36,1,0,1
36,7,2,0
38,3,1,0
32,0,0,2
35,1,1,0
31,0,1,0
34,1,2,0
34,1,2,0
35,0,0,0
30,0,1,0
40,1,3,1
41,0,1,0
45,1,1,0
39,1,4,0
41,3,1,0
41,1,5,0
30,1,0,0
38,2,8,1
24,1,2,0
32,0,1,0
39,1,2,0
43,1,6,0
40,2,1,1
46,0,8,0
37,0,1,1
42,2,1,0
33,1,2,0
29,2,5,0
33,0,1,0
26,0,9,1
50,2,4,0
37,1,2,0
38,1,0,0
37,0,0,0
53,3,1,0
41,1,0,0
36,0,4,1
42,2,1,0
39,0,2,0
40,1,2,0
36,2,19,0
29,1,2,0
25,1,8,0
29,3,2,1
43,1,4,0
30,0,8,0
50,1,3,0
33,2,4,0
38,0,4,1
23,1,15,0
29,1,2,0
38,0,2,0
29,2,9,1
32,3,2,0
37,0,2,0
36,0,0,1
33,1,2,0
37,2,1,0
32,0,4,0
41,1,2,0
41,2,3,0
39,3,2,0
38,2,9,0
28,1,10,0
48,1,3,0
30,0,1,1
34,2,0,0
24,0,4,0
34,1,1,0
31,2,1,0
38,0,1,0
22,1,11,1
41,0,1,0
39,1,0,0
39,0,1,0
22,2,8,0
41,0,1,0
35,1,1,0
39,3,3,0
43,0,2,0
37,1,2,0
37,1,0,2
47,0,5,0
29,1,7,0
43,0,2,0
32,1,5,0
43,3,8,0
31,0,7,0
41,0,0,0
37,0,1,0
27,1,3,1
28,0,9,0
26,2,3,0
30,4,1,0
42,1,2,0
35,2,1,0
22,1,2,0
36,0,2,0
32,1,2,1
32,1,1,0
41,1,0,0
38,0,3,0
46,3,0,0
32,0,0,0
40,2,2,1
33,0,1,0
36,2,0,0
34,2,2,0
26,2,9,0
39,0,5,0
35,2,1,0
24,0,8,1
32,0,3,0
26,0,2,0
38,1,4,0
41,2,2,1
41,0,0,0
35,5,4,0
36,1,0,0
47,0,1,1
34,0,1,0
40,1,1,0
29,0,4,0
41,0,0,0
41,0,1,1
30,0,8,1
26,2,8,2
54,0,7,0
40,1,3,0
34,3,0,0
35,2,1,0
34,0,1,0
45,0,0,0
35,2,3,0
38,2,0,0
46,0,2,0
44,1,1,0
36,0,9,0
30,2,9,1
43,0,2,0
47,0,2,0
45,2,1,0
38,1,1,0
41,3,4,0
55,1,0,0
29,4,2,0
34,1,2,0
41,2,1,1
32,2,1,0
26,1,7,1
37,2,2,0
39,3,0,0
45,3,3,0
38,0,1,0
44,5,2,0
38,0,2,0
33,0,2,0
45,1,2,0
38,2,7,0
36,0,1,0
36,0,1,0
30,0,2,0
27,1,0,1
36,1,4,0
37,0,2,0
31,0,2,1
30,1,7,0
32,1,1,0
40,0,2,0
30,3,3,0
28,0,7,0
24,2,0,0
38,1,2,0
28,0,2,0
35,2,2,0
37,0,2,0
35,2,2,0
32,1,12,1
30,0,12,0
36,1,0,0
33,0,9,1
33,1,0,0
30,5,0,0
36,3,3,0
42,1,6,0
29,0,3,0
33,2,1,0
36,3,1,0
35,2,1,0
36,1,2,0
31,1,0,0
55,2,0,0
35,4,1,0
36,2,1,0
37,0,1,0
44,1,2,0
30,0,2,0
40,1,2,0
38,0,2,0
32,0,1,0
41,2,1,0
34,0,1,1
28,1,3,1
39,2,3,0
27,1,3,0
42,0,1,0
42,2,2,1
39,0,1,0
44,2,0,0
53,0,0,0
36,0,0,0
52,0,1,0
38,1,2,0
47,0,2,0
32,2,0,0
38,0,3,0
27,1,9,1
43,0,10,0
36,0,2,0
31,0,1,0
23,0,1,0
40,3,1,0
48,0,0,0
54,1,0,1
37,1,5,0
34,0,0,1
33,1,0,0
39,0,2,0
33,4,1,0
36,0,4,0
34,3,1,0
45,2,1,0
38,0,2,0
35,0,1,0
35,1,1,0
36,0,1,0
31,2,2,0
39,0,0,0
28,1,0,0
31,0,3,0
34,1,2,0
30,2,4,0
50,0,2,0
31,1,12,1
29,1,2,0
36,1,1,0
37,2,2,0
41,1,0,0
30,1,2,0
28,0,1,0
34,0,0,0
39,0,1,0
47,1,1,0
32,1,0,0
42,3,0,1
40,0,1,0
44,0,4,0
37,2,4,1
50,1,0,0
35,0,0,1
37,1,3,0
35,3,0,0
41,0,0,0
34,0,1,0
26,0,1,0
39,4,0,0
37,1,3,0
35,1,1,0
41,0,1,0
36,3,3,0
27,1,9,0
50,1,4,0
23,0,1,0
31,0,2,1
46,1,2,0
27,1,1,0
34,0,6,0
36,2,0,0
36,2,3,0
28,0,15,0
33,2,10,0
29,0,3,0
29,1,6,0
43,0,1,0
31,2,2,0
39,0,1,1
37,1,2,0
42,2,4,0
30,2,1,0
40,1,3,0
42,0,1,0
34,1,2,0
38,0,0,0
35,2,1,1
33,1,0,0
40,2,4,0
29,1,1,0
37,1,0,0
33,1,3,0
43,1,5,0
35,0,1,0
30,1,0,0
33,1,1,0
31,2,1,0
34,2,0,0
52,1,1,0
33,0,4,0
40,1,2,0
32,0,1,0
46,1,1,0
44,0,2,0
41,0,1,0
44,1,0,0
38,0,1,1
30,1,1,0
41,1,1,0
35,2,2,0
46,1,0,0
35,0,3,0
44,0,1,0
40,2,1,1
31,1,7,2
33,1,1,0
36,1,1,0
52,1,2,0
46,0,2,0
29,2,3,0
41,1,3,0
43,1,0,0
30,1,0,0
27,0,5,1
35,0,1,0
34,1,1,0
42,0,4,0
33,1,2,0
30,0,7,0
41,2,1,1
29,0,2,0
39,0,2,0
36,2,2,0
41,2,2,1
21,1,13,0
44,3,2,0
38,1,1,1
36,4,1,1
39,0,0,0
44,0,4,0
35,0,2,1
40,2,4,0
34,0,8,1
34,4,1,1
33,2,2,0
34,1,0,0
51,1,1,0
41,0,3,1
38,1,2,1
28,0,2,0
35,2,2,1
33,0,1,0
32,2,1,0
28,0,4,0
46,0,1,0
45,5,1,0
47,0,1,0
25,0,2,0
37,1,3,0
41,1,3,0
37,0,1,0
32,2,1,0
31,2,2,0
40,0,1,0
29,1,16,0
30,0,0,0
40,1,0,0
28,1,0,0
41,0,3,0
47,1,1,0
34,1,8,0
42,0,2,0
39,0,1,0
47,0,1,0
49,2,2,0
34,0,2,1
35,0,3,0
40,1,0,0
41,4,0,0
49,0,1,0
30,3,2,0
44,0,3,0
40,0,0,0
51,0,1,0
38,2,0,1
47,1,1,0
37,0,1,0
29,2,2,0
42,1,0,0
35,0,4,0
43,0,2,0
38,2,0,0
45,0,0,0
44,5,1,0
35,3,3,0
37,0,0,0
32,1,14,0
40,0,2,0
38,2,2,0
23,0,1,0
21,1,7,3
27,0,5,0
31,0,3,0
32,0,1,0
37,0,1,0
33,0,4,0
41,0,1,0
37,0,3,0
37,0,2,1
24,1,14,0
37,1,2,0
38,1,2,0
29,3,0,0
37,2,3,0
37,4,0,0
28,1,2,0
32,1,3,0
27,2,13,0
32,1,0,0
43,0,1,0
47,0,2,0
28,0,7,1
32,2,2,0
35,1,6,0
39,3,0,1
50,2,1,0
44,0,0,0
35,0,1,0
42,1,1,1
34,1,0,0
24,3,4,0
37,0,4,0
40,2,1,0
34,5,0,0
39,1,3,0
36,0,3,0
42,1,0,0
48,0,2,0
29,4,0,0
29,1,3,0
23,2,8,0
34,3,2,0
32,0,6,1
42,1,4,0
31,0,4,0
34,0,0,0
50,1,3,0
36,0,4,0
42,0,2,0
45,0,6,0
32,0,4,0
34,0,8,0
36,1,3,0
36,1,3,0
35,0,1,0
46,2,1,0
28,2,0,0
28,0,1,1
48,1,2,0
45,1,1,0
36,0,2,1
34,0,1,0
31,1,7,0
28,2,2,0
33,0,2,0
41,0,3,0
42,0,2,0
41,3,0,0
35,1,5,0
30,8,2,0
34,0,3,0
34,1,2,0
43,1,1,0
36,2,3,0
37,2,1,0
32,1,0,1
29,0,4,0
35,0,3,1
41,1,4,0
29,2,3,0
35,0,2,0
28,2,1,0
29,0,3,0
36,3,3,0
37,0,0,0
33,2,0,0
39,3,1,0
33,0,1,0
38,3,3,0
41,2,0,0
40,0,3,0
25,0,2,1
40,1,2,0
38,2,2,0
35,1,0,1
36,3,1,0
31,1,9,0
32,1,1,0
33,0,8,0
42,3,1,0
44,1,0,0
33,0,2,0
34,0,0,0
40,0,2,0
45,1,0,0
27,0,1,1
41,0,2,0
34,1,1,0
35,1,2,0
37,0,0,1
31,1,0,0
31,1,1,0
37,0,3,0
37,2,2,0
32,2,1,0
54,4,1,0
43,2,2,0
35,1,3,0
38,2,1,0
61,0,1,0
40,0,2,0
28,1,0,0
45,0,2,0
33,0,1,0
39,0,0,0
36,3,1,0
48,1,2,0
43,0,4,0
51,2,1,0
41,4,2,0
47,5,0,1
38,0,2,0
42,0,2,0
38,1,1,0
46,1,0,0
38,0,2,0
40,1,2,0
41,0,0,0
42,3,4,0
37,1,1,0
33,3,2,0
35,1,1,1
36,0,0,0
25,3,5,0
26,3,4,0
31,0,2,1
49,1,3,0
41,0,2,0
33,0,1,0
27,0,5,0
28,1,7,0
28,1,5,0
31,0,4,2
38,0,3,0
30,1,3,0
37,0,4,1
45,0,2,0
35,1,1,0
17,1,7,0
49,1,1,1
28,0,2,1
43,3,1,0
41,0,2,0
40,1,1,0
39,1,0,0
48,4,0,0
43,1,1,0
42,2,2,0
43,1,1,0
36,0,2,2
29,0,2,0
28,0,0,0
41,1,1,0
31,2,2,0
36,0,4,0
30,1,6,2
45,2,1,0
33,0,5,0
34,1,0,0
44,0,3,0
39,0,1,1
35,2,1,0
31,1,7,0
43,1,2,0
39,0,2,0
31,1,3,0
30,1,5,0
29,1,8,0
53,1,2,0
34,2,1,0
36,2,0,0
37,2,3,1
48,1,0,0
31,0,2,0
42,0,0,0
31,2,1,0
33,3,2,1
41,0,0,1
41,1,1,0
35,0,1,0
33,4,1,0
39,1,2,0
38,3,0,0
36,0,0,0
23,1,1,0
43,0,2,0
45,1,3,0
31,0,6,0
47,1,4,0
48,0,4,0
26,0,2,0
32,0,6,0
39,0,2,0
33,1,1,0
42,1,1,0
33,1,4,0
38,2,2,0
46,0,2,0
30,0,0,0
30,1,1,0
35,1,1,0
29,0,2,0
45,0,4,0
38,1,1,0
23,1,17,0
34,2,7,0
37,2,2,0
25,1,7,2
38,1,1,0
36,1,0,0
44,1,0,0
39,2,2,0
35,0,0,0
32,2,8,0
43,0,1,0
30,0,2,0
31,1,9,0
25,3,0,0
26,0,1,0
32,2,3,0
35,0,6,0
35,1,0,0
35,0,3,0
45,0,0,1
46,0,0,0
36,0,4,0
34,1,1,0
34,1,2,0
31,0,0,0
30,0,3,1
33,2,3,0
48,1,2,0
37,0,1,0
31,2,2,0
32,0,1,0
45,1,0,0
29,0,2,0
35,3,7,0
32,0,2,0
57,2,2,0
32,0,1,0
38,0,0,0
35,2,7,0
36,1,1,0
44,1,2,0
42,2,0,0
45,1,1,0
32,2,1,1
40,0,1,0
30,2,3,0
32,1,3,0
45,0,1,1
39,1,2,0
34,0,3,0
38,0,2,0
41,1,1,0
33,3,2,0
31,1,1,0
35,0,1,1
32,1,1,0
33,2,0,0
45,0,2,0
39,0,2,0
43,2,1,0
41,0,2,0
29,1,3,1
38,0,2,0
48,0,1,0
43,2,5,0
37,2,4,0
42,0,0,0
40,2,1,1
27,0,2,1
42,3,1,0
38,1,1,0
29,3,2,0
34,1,2,0
28,0,1,0
30,2,0,0
47,2,1,0
44,0,0,0
37,2,4,0
37,2,2,0
45,1,3,0
28,0,1,0
38,1,0,0
43,1,0,0
22,1,10,1
34,0,0,0
41,2,1,0
36,0,2,0
43,0,4,0
31,1,1,0
27,2,10,0
35,3,0,0
39,3,1,0
40,2,2,0
32,2,1,0
47,2,0,0
42,1,3,0
31,1,3,0
44,2,1,0
24,3,0,0
31,1,8,0
43,0,3,0
37,1,3,0
32,1,3,0
47,2,4,0
37,2,2,1
29,4,1,0
42,1,1,0
36,0,4,0
37,1,0,0
49,2,2,0
33,0,5,0
47,2,2,0
37,1,0,1
32,2,1,0
31,0,8,0
38,0,1,0
29,1,0,0
29,2,6,0
47,0,2,0
36,0,1,1
36,0,1,0
36,0,2,0
41,0,2,1
45,0,4,0
33,0,1,0
51,1,3,0
49,1,5,0
33,0,3,0
44,5,2,1
29,1,4,0
37,0,0,0
42,0,0,1
43,0,1,0
40,3,0,1
36,1,4,1
49,3,2,0
31,1,0,0
28,4,1,1
39,0,0,0
41,3,3,0
42,0,0,0
26,1,1,0
33,2,3,0
31,0,0,0
34,1,1,0
44,1,4,0
38,1,2,0
35,0,2,0
48,0,1,0
35,1,3,0
31,2,1,0
34,0,0,1
27,0,4,0
43,1,1,0
44,2,2,0
33,1,2,0
42,2,2,0
39,0,0,0
36,1,9,0
33,4,1,0
44,0,4,0
30,0,3,0
38,0,1,0
32,2,2,0
28,0,3,0
47,1,0,0
38,2,3,1
25,3,3,0
39,1,0,0
38,0,2,0
33,2,0,0
43,0,4,0
38,1,1,0
41,1,0,2
41,1,0,0
28,1,0,0
24,0,6,0
28,4,1,0
45,3,0,0
35,5,1,0
45,0,0,0
44,1,2,0
31,3,4,0
40,0,5,0
35,0,2,0
38,1,4,0
32,2,1,0
40,1,2,1
37,1,2,0
41,1,1,0
42,0,3,0
45,3,2,0
39,0,5,0
39,3,0,0
46,1,2,0
36,2,1,0
43,2,1,0
37,1,0,0
29,2,2,0
32,3,1,0
29,1,1,0
32,1,1,0
35,0,3,1
43,1,1,0
31,2,0,0
34,1,1,1
34,0,1,0
33,1,2,0
34,2,2,0
35,1,0,0
42,3,3,1
35,1,0,0
34,1,2,0
45,0,2,1
39,4,0,0
43,2,0,0
30,3,1,0
45,0,3,0
23,0,1,0
41,0,5,0
31,1,2,0
36,1,1,0
41,1,2,0
41,1,3,0
34,1,2,0
43,0,0,0
38,3,1,0
36,4,3,0
27,1,3,0
29,0,1,0
31,1,1,0
30,0,2,0
29,0,1,0
33,1,0,0
26,0,2,0
37,0,2,0
36,0,2,0
46,0,4,0
36,1,3,0
31,0,4,0
34,1,5,0
36,1,1,0
35,4,7,1
38,0,3,0
28,1,0,0
32,5,4,1
47,1,0,0
29,0,10,0
36,2,5,0
32,2,0,0
30,1,0,0
36,1,2,0
35,1,4,1
27,0,1,0
42,0,1,0
41,1,1,0
29,4,2,0
42,0,3,0
31,0,2,0
47,0,0,0
45,0,1,0
40,1,4,0
57,0,1,0
38,0,3,0
32,0,0,0
34,0,1,1
35,0,2,0
47,1,1,0
39,1,3,0
31,0,5,2
37,0,2,0
36,0,2,0
30,0,9,1
35,0,2,1
30,0,1,1
38,0,2,0
37,5,0,1
42,4,0,0
44,0,0,0
36,0,1,0
28,2,1,0
35,2,2,1
38,0,2,0
36,1,4,1
41,1,0,0
35,4,3,0
20,2,2,0
13,0,7,0
39,0,4,0
34,0,1,0
33,0,0,0
34,2,3,0
40,1,0,0
23,1,1,0
31,1,4,0
44,1,1,0
30,1,0,0
30,5,3,0
36,1,2,0
22,0,2,0
34,1,4,1
39,1,1,0
44,1,1,0
25,0,5,0
31,1,1,0
41,1,5,0
40,1,2,0
44,0,1,0
39,0,4,1
34,2,2,0
43,1,1,0
31,0,2,0
28,0,2,0
32,0,2,0
46,1,2,0
41,1,2,0
41,0,4,0
43,2,2,0
38,1,2,0
44,0,1,0
39,0,1,0
40,1,2,0
45,0,1,1
37,0,6,1
38,0,2,0
44,5,3,0
31,2,10,0
39,0,3,0
34,3,1,0
26,0,2,0
47,1,1,0
16,1,10,0
30,0,2,0
45,0,0,0
26,1,11,2
24,2,0,0
43,2,1,0
28,0,2,0
32,1,2,0
43,1,3,0
47,6,1,0
42,1,1,0
39,0,2,0
42,1,2,0
34,3,0,0
33,1,3,0
33,1,1,0
40,0,1,0
38,2,0,0
34,0,3,0
34,3,0,0
43,0,1,0
37,0,3,0
41,5,1,0
38,0,2,0
33,1,4,0
42,0,0,0
27,2,1,0
34,0,13,0
55,2,0,1
37,1,5,0
47,3,1,0
41,6,1,1
36,0,1,0
39,0,3,0
34,2,2,0
29,0,7,0
48,0,1,0
30,0,2,0
39,0,1,0
30,0,0,0
41,2,3,0
50,0,2,0
44,1,1,0
42,1,3,1
44,0,2,0
37,0,2,0
38,1,1,0
37,1,2,0
33,1,3,0
44,0,2,0
32,1,0,0
36,2,1,0
43,1,2,0
47,0,2,0
40,0,0,0
38,1,2,0
27,6,1,0
27,0,7,0
35,1,2,0
22,0,10,0
43,0,2,0
34,0,0,1
42,1,2,0
35,0,0,0
35,1,2,0
33,0,2,1
35,0,4,0
39,2,0,1
39,0,0,0
45,0,0,0
22,2,1,0
47,1,3,0
43,2,1,0
44,0,1,0
31,0,0,0
46,0,1,0
35,0,3,0
46,2,0,1
33,0,1,0
29,0,2,0
39,1,4,0
40,2,12,1
42,0,1,1
34,3,2,1
35,1,1,0
34,0,0,0
35,5,3,0
39,1,3,0
32,0,2,0
33,1,2,0
51,2,3,0
47,2,1,0
23,1,5,0
28,3,1,0
36,0,8,0
28,1,2,0
38,0,6,1
28,1,3,0
40,0,2,1
34,2,0,0
54,1,1,0
41,1,3,0
29,1,2,0
33,1,1,0
42,0,1,1
28,2,2,1
32,3,2,0
44,0,1,0
34,1,0,1
34,1,3,0
40,0,2,0
41,0,2,0
24,1,2,0
35,1,3,0
37,1,4,0
33,1,1,0
37,0,8,2
25,1,1,0
35,1,0,0
36,4,2,0
19,1,5,0
47,0,3,0
47,2,3,0
29,0,0,0
30,1,3,0
31,1,2,0
36,1,2,0
40,2,4,0
34,3,6,1
40,0,1,0
36,0,2,1
32,0,3,0
46,3,2,0
39,1,4,0
34,0,1,0
31,4,0,0
32,0,1,0
46,0,1,0
25,2,2,0
33,1,0,0
38,1,1,0
42,0,0,0
31,0,0,0
36,3,4,0
38,2,0,0
38,2,1,0
30,0,3,0
42,3,2,0
38,0,1,0
32,1,2,0
45,0,2,0
34,2,0,0
48,3,2,1
31,2,1,0
36,0,1,0
33,1,1,1
34,2,2,0
31,0,10,1
42,2,0,0
37,1,3,0
28,0,2,0
38,1,2,0
36,2,1,0
36,3,2,0
39,4,0,0
27,0,8,0
38,0,0,0
24,2,13,0
34,1,4,0
37,1,1,0
26,2,11,1
39,2,0,0
39,0,2,0
22,1,4,0
39,7,1,0
31,0,0,0
53,1,1,0
33,1,10,1
34,2,9,0
35,0,2,0
39,1,1,0
41,2,2,0
46,1,1,0
35,1,2,0
34,0,0,0
45,1,1,0
30,2,2,0
40,2,5,0
33,2,2,1
24,1,4,0
35,0,1,0
45,0,3,0
49,1,2,0
38,0,1,2
38,0,1,0
47,0,0,0
32,0,8,0
41,1,1,0
34,0,5,0
35,0,3,0
37,2,3,1
40,1,0,0
30,1,1,0
41,1,5,0
28,0,0,0
40,2,0,0
28,0,3,0
37,2,2,0
40,0,5,1
52,3,2,0
34,0,1,0
26,3,4,0
40,0,0,0
36,1,3,0
35,1,2,0
35,1,1,0
29,1,2,0
42,1,1,1
26,1,0,0
45,2,1,0
48,2,1,0
40,1,1,0
40,0,0,0
33,0,0,0
39,1,0,0
25,0,0,0
45,1,3,0
35,0,2,0
35,0,1,0
41,0,0,0
30,0,1,0
30,0,7,0
37,0,1,0
36,1,3,0
45,5,2,1
39,2,3,0
34,1,1,0
30,3,12,0
29,0,3,0
33,0,0,0
26,2,1,0
29,0,1,0
39,4,0,0
32,1,0,1
32,0,3,0
40,1,1,0
44,2,2,0
33,0,2,1
33,0,1,0
40,0,1,0
43,1,3,0
31,0,6,1
30,0,2,0
40,0,1,0
33,3,0,1
40,1,1,0
42,3,0,0
34,1,12,0
35,1,5,1
32,3,4,1
36,0,3,1
32,1,1,0
39,1,2,0
44,1,1,1
39,2,1,0
34,0,1,0
34,0,1,0
38,1,5,0
33,1,1,1
45,0,2,0
38,0,9,0
41,1,11,0
37,1,4,0
44,0,2,0
36,3,3,0
30,2,0,1
41,1,0,0
34,0,1,0
28,0,6,1
36,1,1,0
40,2,2,0
36,0,1,0
41,0,1,0
35,0,2,0
33,1,2,0
38,1,1,0
44,2,0,1
47,3,4,0
30,3,2,0
41,0,1,0
46,0,0,0
38,0,9,0
39,1,4,0
40,0,3,0
34,4,2,0
36,3,1,0
38,0,1,0
36,0,3,0
31,0,6,0
34,0,1,0
35,4,1,0
45,0,4,0
32,0,3,0
40,0,2,2
28,5,1,2
27,1,1,0
24,1,10,1
30,0,0,1
23,0,2,0
41,0,1,0
30,1,2,0
32,0,1,0
34,2,2,0
47,0,5,0
39,0,0,0
30,0,0,0
42,2,2,1
36,1,3,0
56,0,0,0
33,3,4,0
36,2,2,0
49,0,2,0
38,0,3,0
32,1,1,0
39,0,1,0
26,0,0,0
41,2,3,0
30,2,13,0
32,0,3,0
39,1,3,1
29,0,1,0
38,0,2,0
41,2,2,0
45,4,3,0
32,1,0,1
36,2,1,0
37,0,1,0
31,1,2,0
40,0,2,1
36,3,0,0
36,2,1,0
34,2,2,0
28,2,2,0
39,1,5,0
31,0,4,0
53,0,3,0
46,0,2,0
38,0,1,0
38,0,2,0
42,1,4,0
43,0,2,0
29,1,3,0
34,0,1,0
43,0,3,0
33,0,4,0
37,0,3,0
30,2,2,0
22,1,3,0
49,0,2,0
36,1,8,1
46,1,2,0
27,1,7,0
37,0,2,0
30,2,3,0
33,1,5,0
33,3,7,0
31,4,5,1
33,0,1,0
35,0,1,1
35,2,0,0
27,3,0,0
37,0,1,0
42,3,2,0
30,1,1,0
32,4,0,0
41,0,1,0
30,0,1,1
42,0,0,0
29,0,3,0
32,2,4,0
34,0,1,0
26,0,7,1
35,3,1,0
62,2,0,0
40,0,1,0
38,1,8,1
33,0,3,0
27,1,0,0
28,2,6,1
52,1,0,0
32,0,3,0
40,0,2,0
33,2,0,0
31,2,8,0
40,0,2,1
29,2,11,0
29,1,6,0
34,0,2,0
44,0,1,0
23,2,2,0
41,0,1,0
34,2,0,0
41,1,1,0
33,1,3,0
35,0,1,0
38,2,1,0
41,0,2,0
40,1,1,0
34,1,3,0
41,3,3,1
26,0,3,0
30,0,8,0
41,2,0,0
35,0,2,0
43,0,2,0
37,3,3,0
36,2,0,0
50,0,1,0
37,1,1,0
31,0,0,0
51,2,3,0
30,1,6,0
33,0,1,0
29,1,8,0
38,2,5,0
32,0,3,0
55,0,1,0
36,1,4,0
42,0,1,0
36,0,6,1
44,1,3,0
32,1,0,0
34,0,1,0
42,0,1,0
36,1,1,0
41,2,2,0
24,0,9,0
29,3,3,0
42,1,2,0
29,1,0,0
41,1,3,0
37,0,3,0
43,1,1,0
35,1,1,0
39,1,2,0
32,0,4,0
36,0,3,0
40,6,0,0
43,2,7,0
35,2,2,0
40,1,1,1
33,1,5,0
36,3,0,0
38,3,3,0
30,1,2,0
31,1,1,0
41,1,1,0
34,0,0,0
38,0,6,1
27,0,6,0
31,0,2,0
37,0,1,0
32,0,4,0
34,4,0,0
39,2,5,0
31,2,1,0
41,1,0,0
38,0,1,0
37,1,1,0
37,2,0,2
25,0,6,0
36,0,5,0
42,3,1,0
31,2,7,0
33,1,1,0
20,0,6,0
39,0,2,0
35,2,8,1
32,0,1,0
37,0,0,0
39,1,3,0
32,2,3,0
45,2,2,0
38,2,2,0
36,0,8,1
38,1,1,0
33,1,7,0
29,1,9,0
35,0,4,0
47,0,1,1
32,4,0,0
39,0,1,0
33,0,2,0
39,1,1,0
29,0,1,0
43,0,1,0
35,3,1,0
37,1,0,0
44,2,2,2
30,0,4,0
45,4,3,0
45,0,9,1
37,0,1,0
24,4,1,0
52,2,1,0
28,0,19,1
43,0,0,1
33,1,1,0
40,0,3,0
42,3,2,0
43,0,1,0
28,3,2,0
37,0,0,0
37,0,0,0
36,1,2,0
28,0,2,0
35,2,4,0
33,2,2,0
45,0,0,0
32,4,1,0
30,1,1,0
39,1,4,0
49,0,1,0
30,0,2,0
41,0,1,0
34,0,2,0
34,3,3,0
37,5,1,1
40,3,3,0
45,1,3,0
30,0,0,0
43,1,2,0
38,0,1,0
38,0,2,0
48,1,2,0
29,0,8,0
40,0,1,0
39,3,1,0
42,0,0,0
23,0,7,0
27,0,1,0
31,1,0,0
45,0,1,1
29,0,1,0
35,1,3,0
37,1,3,0
22,2,7,1
44,0,4,0
41,2,1,1
27,1,3,0
32,1,1,0
33,1,8,1
32,0,3,0
42,4,3,0
34,2,3,0
31,1,0,0
37,1,2,0
44,2,2,0
30,0,0,0
26,2,9,2
43,0,1,0
36,1,0,0
29,3,1,1
35,0,2,0
43,2,1,0
44,0,0,0
46,1,1,0
33,0,1,0
28,0,2,0
31,1,0,0
34,1,1,0
30,3,1,0
41,0,1,0
40,0,2,0
30,4,1,0
39,3,0,0
41,1,1,0
27,1,4,1
33,0,1,0
33,3,7,1
34,1,1,0
45,3,0,0
33,2,4,0
38,1,0,0
23,1,6,0
44,2,2,0
37,2,2,1
39,0,0,0
30,0,0,0
35,2,1,0
33,1,0,0
35,3,3,0
46,0,1,0
29,1,3,0
28,0,0,0
37,2,1,0
39,0,3,1
35,2,2,0
32,0,1,0
32,0,1,0
34,0,1,0
39,1,1,0
41,3,10,1
36,1,1,0
41,5,3,2
40,1,0,0
42,1,4,0
43,1,1,0
29,0,1,0
23,1,2,0
34,1,0,0
30,0,12,0
40,1,1,1
51,2,0,0
47,0,4,0
29,0,1,0
27,0,8,0
45,1,2,0
44,1,1,0
48,0,4,0
36,0,3,0
37,0,2,0
34,2,4,0
44,1,0,0
41,1,6,0
34,0,0,0
38,1,0,0
41,0,3,0
33,0,3,0
42,0,1,0
32,2,2,0
28,0,0,0
32,2,2,0
44,0,0,0
37,4,2,0
29,2,4,0
38,2,1,0
32,2,0,0
37,0,0,0
47,2,2,0
32,2,1,1
43,4,2,0
44,0,4,0
35,1,3,0
46,1,4,0
32,1,2,0
27,0,6,0
35,6,1,0
41,1,1,0
32,1,7,0
34,0,5,0
34,1,2,0
42,1,0,0
56,2,5,1
35,0,7,0
49,1,1,0
54,1,1,0
41,3,1,0
34,2,2,0
40,1,3,0
37,1,4,0
37,2,3,0
38,0,3,0
30,0,0,0
37,0,1,0
49,0,0,0
46,1,2,0
40,0,3,0
39,1,2,0
34,2,1,0
35,0,0,0
42,1,1,0
42,0,1,0
33,0,3,0
41,2,5,0
34,3,5,0
42,4,3,0
31,1,0,1
40,0,2,0
33,3,1,0
49,0,5,0
31,3,0,0
40,2,1,0
36,3,0,0
41,3,2,0
38,0,1,0
25,0,2,1
40,1,2,0
35,1,1,0
23,3,0,1
28,1,12,0
42,1,3,0
33,2,0,0
50,0,2,0
37,1,2,0
42,2,2,0
46,0,1,0
31,1,7,0
34,0,6,0
41,1,0,0
33,3,1,0
35,0,1,0
35,1,0,0
44,0,3,0
36,1,1,0
37,1,2,0
49,0,2,0
42,0,3,0
47,2,0,1
25,0,14,0
29,1,1,0
34,0,0,0
35,1,1,0
31,5,2,0
26,4,4,1
33,0,6,0
25,0,9,1
35,1,2,0
35,1,8,1
35,0,2,0
43,2,1,0
42,0,0,0
30,0,0,0
30,0,3,0
38,2,0,1
33,0,5,0
53,0,0,0
39,2,3,0
33,1,1,1
34,5,1,0
28,5,1,0
36,1,8,0
35,0,2,0
42,0,1,0
39,0,1,0
36,3,5,0
32,2,1,0
36,3,1,0
26,1,8,1
23,0,8,0
38,2,2,0
39,0,1,0
40,1,3,1
38,1,17,1
39,0,1,1
25,1,3,0
40,0,4,0
42,0,1,0
39,0,12,0
26,2,1,0
32,1,0,0
38,3,0,0
35,4,1,0
35,0,3,0
25,3,2,0
26,2,9,0
37,2,3,0
35,0,0,0
39,4,0,1
30,2,1,0
32,1,1,0
43,0,1,0
29,0,2,0
27,1,14,0
37,2,1,0
42,0,3,0
43,0,3,0
47,2,1,0
38,0,2,0
39,1,1,0
35,1,2,0
38,0,2,0
37,0,0,0
31,1,9,0
41,0,2,1
41,1,0,0
35,1,3,0
34,0,8,0
36,1,3,0
38,1,0,0
25,1,4,0
48,1,1,0
37,2,2,0
33,0,2,0
27,0,2,0
30,1,8,1
45,3,2,0
37,1,4,0
30,1,13,1
35,1,0,0
36,0,0,0
24,2,0,0
25,0,1,0
31,0,1,0
32,0,5,0
40,3,1,0
28,4,0,0
35,3,1,0
33,1,2,0
37,0,1,0
44,0,0,0
46,0,1,1
46,1,2,0
35,2,3,0
34,2,1,0
35,0,3,2
47,0,2,0
38,2,1,0
43,3,3,0
41,3,2,1
33,1,3,0
38,1,6,1
47,4,1,1
38,1,1,0
38,3,14,2
32,0,2,0
31,3,4,0
43,2,1,0
36,1,0,0
39,1,2,0
44,3,0,0
37,1,1,0
29,0,8,0
41,2,1,0
38,0,4,0
47,1,1,0
40,1,9,0
32,0,2,1
36,0,8,0
37,1,1,0
30,0,3,0
43,0,2,0
32,2,0,0
36,3,1,0
26,0,3,1
32,4,1,0
40,2,2,0
31,1,0,0
38,1,2,1
32,1,2,0
29,2,1,0
39,1,0,0
37,0,4,0
31,2,3,0
34,1,2,1
35,2,0,0
34,0,2,0
37,1,6,0
42,1,2,0
38,0,1,1
41,1,1,0
42,3,0,0
40,2,1,0
39,2,1,0
37,0,1,0
42,1,0,2
31,4,2,0
43,0,1,0
33,0,8,0
37,2,1,0
33,1,3,0
34,0,2,0
30,1,1,0
37,2,1,0
30,0,10,0
27,1,7,0
35,1,0,0
30,2,1,1
51,3,2,0
38,0,1,0
31,0,0,0
34,3,7,1
35,0,5,0
28,0,6,0
34,3,7,0
28,1,0,0
39,0,2,0
39,0,2,0
58,1,2,0
33,0,1,0
26,1,1,0
32,0,1,0
40,1,1,0
52,0,2,0
26,0,0,0
32,0,3,1
37,4,3,0
37,0,0,1
28,9,1,0
42,0,2,0
31,1,1,1
35,0,0,0
41,2,6,0
25,1,5,0
33,0,1,0
39,0,7,0
27,1,2,0
33,0,2,0
32,4,3,1
28,0,7,0
39,0,2,0
38,0,1,0
37,1,2,0
37,0,6,0
28,1,1,0
36,2,1,0
28,2,0,0
38,0,1,0
41,0,2,0
40,4,2,2
38,1,5,0
40,0,1,0
30,0,1,0
42,5,1,0
39,1,10,1
37,2,0,0
38,0,2,0
36,3,0,0
29,0,0,0
36,1,0,0
40,1,1,0
27,1,3,0
39,1,7,0
40,1,1,0
29,1,5,0
39,2,0,0
29,2,11,0
45,4,5,0
35,0,4,0
44,1,3,0
39,1,1,0
37,1,2,0
31,0,8,0
38,3,2,0
35,1,1,0
30,3,0,0
40,5,0,0
34,0,1,0
38,0,0,0
24,2,2,0
28,3,1,0
38,1,2,0
40,1,2,0
30,1,1,0
37,2,3,0
39,2,0,0
37,0,1,0
42,1,3,0
35,0,3,0
38,0,3,0
28,0,6,0
44,2,1,0
38,0,2,0
24,1,9,0
38,1,1,1
34,0,0,0
36,2,6,0
48,8,2,0
35,1,4,1
39,1,0,0
36,1,1,0
38,2,1,0
35,2,1,0
47,0,2,0
34,4,2,0
53,0,6,0
50,2,2,0
37,4,7,1
32,0,3,0
41,0,1,0
40,1,1,0
39,2,0,0
40,2,1,0
37,0,1,0
36,2,0,0
37,2,2,0
45,2,0,0
42,2,0,0
36,2,2,1
39,0,1,0
40,5,4,1
41,0,1,0
50,0,0,0
33,0,1,0
48,1,1,0
29,0,1,0
41,1,2,0
33,0,1,0
38,1,2,0
36,4,0,0
37,0,2,0
36,1,0,0
36,1,2,0
25,0,3,0
28,1,7,0
34,3,1,0
34,1,1,1
30,1,0,1
28,2,6,0
28,1,3,0
31,0,1,0
43,1,1,0
32,1,0,0
31,2,1,0
43,0,1,0
33,1,0,0
29,1,1,0
43,4,2,0
30,0,0,0
23,0,5,0
35,1,3,0
32,1,2,0
32,1,1,0
29,3,4,0
28,1,2,1
31,2,3,0
33,0,5,0
34,3,9,1
36,0,10,0
43,0,3,0
39,2,2,1
43,1,3,0
36,1,3,0
33,1,3,0
44,3,2,0
42,1,18,2
35,0,2,0
32,0,2,0
36,4,4,0
46,1,3,2
28,0,10,1
40,1,2,0
37,2,1,0
44,0,2,0
29,1,1,0
45,0,2,1
27,1,3,0
31,3,3,0
38,2,0,0
47,3,2,0
47,0,1,0
41,1,2,0
38,0,0,0
27,3,2,1
40,0,0,0
36,1,0,0
38,0,3,0
32,1,4,0
38,1,0,0
33,0,4,0
32,3,15,2
44,1,1,0
41,0,2,0
33,1,1,0
40,0,0,0
42,1,1,0
33,1,1,0
38,2,1,0
47,1,1,0
23,0,2,0
38,0,5,1
40,1,3,0
22,4,4,2
39,1,2,0
45,1,1,0
36,0,3,0
30,1,2,0
30,0,1,0
51,2,2,0
43,0,3,0
31,1,2,0
40,1,2,0
35,0,1,1
40,0,1,0
41,1,2,0
36,0,1,0
45,1,1,0
34,2,0,0
40,1,1,0
33,0,6,0
34,3,2,0
48,1,0,0
34,0,2,0
44,1,0,0
32,3,0,0
26,4,6,2
38,1,8,0
31,1,0,0
27,1,1,0
42,2,2,0
42,1,3,0
34,0,1,0
46,2,2,1
25,0,2,0
47,1,0,0
42,1,0,0
35,1,2,0
29,2,1,0
33,1,12,0
38,0,1,1
39,0,3,0
28,1,1,0
31,2,3,0
25,1,6,0
42,0,2,0
38,2,5,0
29,1,4,0
45,1,0,0
40,2,0,0
26,0,8,0
38,1,1,0
42,2,2,0
34,1,4,0
22,0,2,0
38,1,2,0
48,3,2,1
41,5,0,0
42,1,3,0
41,3,2,1
28,1,1,0
30,0,1,0
30,0,1,0
41,1,1,0
32,3,6,0
39,1,0,0
32,3,0,0
36,1,1,0
36,0,1,0
40,0,1,0
31,1,0,0
41,1,2,0
34,2,1,0
41,1,0,0
33,4,5,1
34,1,1,0
26,0,9,0
39,2,3,0
45,1,0,0
29,0,4,1
39,2,0,1
24,1,5,0
37,0,2,0
35,2,0,0
46,0,3,0
45,1,2,0
27,0,11,1
38,1,2,0
33,2,3,0
30,4,1,0
43,0,5,1
40,4,3,0
40,0,2,0
32,0,1,0
44,0,5,0
32,4,7,0
47,0,3,0
32,3,0,2
48,0,1,1
35,4,0,0
25,0,1,0
42,0,5,0
40,0,2,0
37,3,0,0
19,0,17,0
35,1,0,0
37,1,2,1
38,0,1,0
36,3,2,0
35,2,2,0
44,1,1,0
32,0,1,0
38,0,1,0
44,1,5,0
33,2,0,0
31,0,1,0
29,2,4,0
39,1,9,0
36,2,1,2
43,0,1,0
45,0,0,0
37,0,1,0
51,1,5,0
34,1,15,1
39,0,2,1
42,1,0,1
39,1,2,0
34,1,1,0
37,2,2,0
31,1,0,1
43,1,1,0
40,1,3,0
38,4,1,0
34,0,1,0
35,1,0,0
30,0,2,0
43,1,1,1
47,0,3,0
31,1,2,0
47,2,1,1
49,0,4,0
44,0,2,0
31,1,1,0
26,2,3,0
34,1,7,0
34,0,1,0
42,1,0,0
39,0,3,0
45,0,0,0
40,2,1,0
40,1,1,0
38,0,0,0
42,0,1,0
28,1,0,0
38,1,0,0
44,0,0,0
50,0,0,1
40,0,8,0
36,0,0,0
36,1,0,0
32,0,1,0
35,1,1,0
41,4,2,0
39,4,2,0
36,3,1,0
30,1,2,0
37,1,0,0
37,1,1,0
42,2,1,0
44,0,0,0
31,1,1,0
42,0,0,0
30,2,1,0
37,3,1,0
43,1,2,0
31,1,4,0
43,1,0,0
42,2,2,0
40,0,1,0
35,1,4,0
34,1,3,0
31,0,1,0
27,2,2,0
35,0,1,0
41,1,0,0
34,1,2,0
40,0,3,0
28,0,7,1
31,1,0,0
39,0,1,0
41,0,4,0
29,1,0,0
38,1,2,0
41,3,5,0
38,2,2,0
35,1,0,0
32,0,2,1
38,0,3,0
34,2,2,0
40,0,6,0
33,1,0,0
34,1,3,0
32,2,1,0
42,0,1,0
41,0,1,0
40,2,2,0
41,0,0,0
35,0,1,0
43,0,2,0
40,0,2,0
38,0,2,0
27,2,0,1
33,0,5,0
33,1,1,0
41,0,2,0
35,0,3,0
28,3,1,0
34,0,1,0
35,2,0,0
37,0,1,0
45,0,1,0
27,0,2,1
21,0,5,1
28,2,2,0
47,1,2,0
38,0,2,0
43,0,0,0
42,1,1,0
44,0,3,0
35,0,2,0
41,1,5,2
35,1,2,0
23,0,9,0
31,2,7,1
35,4,2,0
44,0,0,0
24,1,1,0
38,0,4,0
36,0,3,0
52,1,1,0
27,1,7,0
43,1,1,0
37,2,1,0
29,0,8,1
28,2,5,0
32,0,1,0
31,4,0,0
43,2,2,0
33,2,3,0
27,1,2,0
50,0,1,0
37,0,9,0
40,0,0,0
34,0,0,0
38,1,3,0
33,0,2,0
33,0,0,0
41,1,1,0
35,1,2,0
39,4,2,2
39,1,1,0
37,0,3,0
26,0,6,1
38,0,0,0
40,0,0,0
48,1,1,0
45,2,1,0
54,0,1,0
34,1,2,0
47,1,2,0
43,1,0,0
35,1,0,0
51,0,0,0
49,1,1,0
33,1,1,0
40,1,1,0
36,0,2,0
25,0,1,0
40,0,0,0
53,1,1,1
26,1,1,0
32,0,1,1
44,2,2,0
40,1,2,0
31,0,3,0
30,1,2,0
42,0,1,0
29,1,1,0
25,1,1,0
21,0,2,2
45,1,2,0
31,3,2,0
35,2,7,0
39,0,2,0
40,1,2,0
46,1,2,0
34,1,3,1
44,2,1,0
28,1,1,0
35,0,1,0
33,3,1,0
38,1,1,0
42,0,3,0
35,2,1,0
22,0,4,0
33,0,6,1
29,2,2,0
31,0,15,0
40,2,1,0
36,0,2,0
43,1,1,0
28,1,6,1
44,2,2,0
34,1,2,0
31,1,0,0
33,1,3,1
36,2,6,0
41,1,7,0
39,1,2,0
49,2,1,0
37,1,1,0
48,0,1,0
35,2,3,0
38,2,1,0
26,0,1,0
49,2,1,0
42,0,2,0
37,0,1,0
32,0,3,0
36,2,1,0
21,1,4,2
34,0,0,0
28,0,0,1
43,1,0,0
36,0,2,0
40,0,0,0
43,0,3,0
44,0,1,0
32,0,9,0
38,2,1,0
35,0,1,0
38,1,0,0
42,1,1,0
37,4,0,0
32,2,0,0
34,1,1,0
32,0,1,0
40,1,2,0
41,0,1,0
37,2,1,0
30,3,1,0
20,0,8,0
30,0,2,0
20,0,7,0
25,0,5,0
51,0,3,0
43,1,2,0
44,0,2,0
40,1,5,0
47,0,1,0
42,1,4,1
44,2,0,0
35,3,3,0
37,3,3,0
43,0,0,0
19,0,11,0
24,2,7,0
45,0,2,0
38,1,0,0
41,0,3,0
42,1,1,0
33,0,1,0
33,1,3,0
25,0,0,0
50,1,1,0
19,0,3,0
46,4,0,0
45,0,0,0
26,0,7,2
35,3,1,0
42,1,0,0
44,2,2,0
44,0,0,0
38,0,2,0
34,0,0,0
37,0,1,0
31,0,0,0
42,1,3,0
33,0,3,0
28,0,1,0
38,3,2,0
29,1,1,0
46,3,1,0
38,0,1,0
35,4,2,0
42,0,0,0
35,0,0,1
38,2,3,1
47,0,0,0
28,0,7,0
23,3,3,0
27,3,5,0
44,2,7,0
45,0,1,0
34,2,0,0
41,2,0,0
34,0,3,0
42,0,3,0
26,2,10,2
27,2,1,0
36,2,2,0
37,0,0,0
46,1,1,0
35,2,2,0
43,1,0,0
35,1,4,0
29,4,2,1
34,0,0,0
43,0,0,0
37,4,10,0
37,1,4,0
31,0,8,1
32,1,6,0
36,2,1,0
37,3,3,0
34,1,5,0
34,3,1,1
43,0,2,0
35,1,1,0
39,0,4,0
37,2,4,0
39,0,0,0
52,1,4,0
34,1,2,0
33,2,1,0
36,1,2,1
45,0,2,0
33,1,1,0
32,0,3,0
40,0,0,0
34,0,2,0
46,1,1,0
38,1,4,0
23,0,1,0
35,2,2,0
34,2,0,1
42,0,0,0
37,1,3,0
40,1,4,0
36,1,6,0
45,1,3,0
36,3,2,0
35,1,0,0
33,0,3,0
52,0,1,0
37,2,0,0
38,0,1,0
23,2,17,0
34,4,0,0
45,1,5,0
30,1,1,0
31,2,11,0
32,0,2,0
29,2,1,0
41,0,1,0
30,1,5,0
38,1,3,1
56,1,3,0
40,1,0,0
37,0,3,0
40,1,0,0
48,5,0,0
33,1,1,0
26,3,0,0
36,0,0,0
34,4,3,0
43,0,1,0
29,2,3,0
34,0,4,0
39,0,1,0
51,2,1,1
30,2,2,0
37,1,5,0
40,0,6,1
45,0,2,0
35,1,2,0
44,0,0,0
38,2,6,0
43,3,0,0
38,2,2,0
37,2,5,0
36,2,0,0
33,1,1,0
26,2,0,1
45,0,0,0
35,1,1,0
33,2,0,1
40,4,2,0
35,1,2,0
36,2,1,0
36,0,2,0
52,1,1,0
36,2,7,1
34,1,1,0
36,0,1,0
31,2,9,2
26,2,10,0
47,1,2,0
38,1,2,0
26,1,12,1
31,1,2,0
38,6,1,0
33,3,4,1
37,1,8,1
38,0,0,1
31,1,4,0
40,3,2,0
41,1,1,0
30,0,1,0
34,1,2,1
37,0,0,0
40,0,2,1
42,3,3,0
46,1,2,0
49,1,1,0
47,0,3,0
45,1,0,0
36,1,1,0
31,1,1,0
39,1,0,0
40,5,2,0
40,1,1,0
37,5,4,0
32,2,0,0
45,2,4,0
43,2,3,0
37,0,4,0
32,0,2,0
42,1,2,0
35,1,6,0
47,0,1,0
31,0,4,0
36,1,2,0
40,0,0,0
29,3,0,0
34,0,2,0
36,3,4,0
41,1,0,0
22,3,8,0
41,2,0,0
38,0,0,0
39,0,2,1
30,0,1,0
36,1,1,0
41,1,3,0
46,1,2,0
23,1,7,1
36,1,3,0
38,1,1,0
48,0,2,0
38,1,4,1
36,2,2,0
46,1,3,0
39,4,2,0
37,1,11,2
26,0,6,0
43,0,2,0
32,1,3,0
27,0,3,0
29,3,1,0
32,0,3,0
29,0,1,0
40,0,0,0
37,0,2,0
32,0,2,0
43,1,0,0
31,2,9,1
31,0,0,1
38,1,2,1
44,0,2,1
36,2,0,0
45,3,0,0
36,0,1,0
43,1,1,0
32,2,1,0
32,0,2,0
26,0,1,0
45,0,0,0
23,3,0,0
38,3,3,0
32,1,1,0
29,2,4,0
31,5,1,0
35,0,1,0
24,0,0,0
37,1,1,0
29,1,2,0
37,2,1,0
52,2,2,1
39,0,3,0
32,3,0,0
41,1,1,0
43,0,2,0
35,1,3,0
37,1,4,0
38,0,3,0
39,1,1,0
30,1,1,0
38,2,1,1
40,1,3,0
28,3,8,1
40,1,0,0
36,3,9,0
38,0,0,0
45,0,2,0
33,4,2,0
32,2,2,0
32,2,2,0
41,0,4,0
49,1,2,0
45,0,5,1
41,3,1,0
42,2,1,0
28,1,2,0
33,0,4,0
36,1,0,0
40,0,2,0
34,1,0,0
43,1,1,0
31,1,0,0
40,0,0,0
36,0,0,0
41,0,1,0
40,1,1,0
37,1,3,0
35,2,1,1
42,0,4,0
29,1,5,0
37,1,2,0
33,0,1,0
40,2,3,0
35,0,1,0
29,1,2,0
37,0,1,0
40,1,1,0
36,1,0,0
29,1,1,0
42,1,1,0
32,0,1,0
34,1,1,0
36,1,2,1
46,2,3,1
36,5,4,0
32,1,6,0
36,0,1,0
37,3,1,0
36,0,5,0
35,0,3,0
35,1,1,0
46,1,0,0
41,0,1,0
33,4,2,0
20,1,14,0
40,4,1,0
39,1,1,1
37,0,1,0
41,1,3,1
35,0,0,0
39,1,3,0
45,0,1,0
32,0,3,0
41,0,4,0
29,2,6,0
28,0,3,0
42,3,1,0
37,1,4,0
36,0,1,0
29,0,6,0
36,2,0,0
37,3,2,0
28,0,4,0
38,0,1,0
35,1,3,0
46,1,0,0
31,2,1,0
49,2,1,0
46,1,0,1
36,4,1,0
38,3,1,0
43,0,2,0
36,1,3,0
28,0,4,0
44,2,1,0
28,0,0,0
47,0,0,0
33,0,0,0
47,1,0,0
38,1,1,0
26,0,5,2
41,3,1,1
35,3,3,0
36,3,2,0
26,0,12,0
43,1,1,0
38,1,1,0
36,1,0,0
38,1,1,0
35,1,1,0
53,2,2,0
46,0,1,0
37,5,4,0
39,1,0,0
28,1,0,0
37,0,3,0
28,1,2,0
35,0,3,0
35,2,3,0
35,0,2,0
40,0,2,0
33,3,8,0
25,0,1,0
33,2,5,0
31,1,2,0
40,1,4,0
31,1,1,0
41,0,2,0
40,0,2,0
35,0,10,1
44,0,1,0
38,0,2,0
32,1,12,0
33,3,1,0
40,1,0,0
38,2,1,0
39,1,4,1
34,0,4,0
38,0,2,0
44,0,0,0
50,0,2,1
42,0,2,0
28,1,1,0
50,0,1,0
38,1,2,0
39,1,1,0
30,1,0,0
35,1,2,0
35,0,0,0
38,3,1,0
36,1,1,0
32,2,0,1
49,0,2,0
41,0,3,2
34,1,1,0
32,1,1,0
33,2,2,0
28,0,0,0
34,1,1,0
27,1,4,0
36,0,1,1
38,0,3,0
33,1,6,0
39,1,3,0
39,1,11,0
40,1,1,1
43,2,1,0
38,1,5,0
38,5,0,0
36,4,1,0
33,3,3,0
25,1,4,0
39,0,3,0
34,2,6,0
33,1,6,1
41,0,3,0
32,0,7,0
38,3,0,0
33,0,1,0
45,2,1,1
35,2,2,0
26,0,14,0
37,4,2,0
42,0,3,0
42,3,0,0
33,0,2,0
35,1,2,0
28,1,5,0
40,1,0,1
40,0,5,0
45,0,9,0
36,1,7,1
40,1,0,0
33,1,2,0
32,0,2,0
44,1,1,0
35,3,2,0
36,0,1,0
35,0,2,0
38,0,2,0
30,1,15,0
40,0,1,0
40,3,1,0
38,0,1,0
49,2,1,0
32,0,1,0
44,1,1,0
35,0,1,1
25,1,4,1
26,0,1,0
29,0,7,1
25,1,1,0
31,3,1,1
35,3,2,0
31,1,4,0
28,0,0,0
46,4,2,0
35,3,1,0
29,0,5,1
43,1,0,0
47,0,2,0
33,0,0,0
41,1,3,0
36,1,0,0
38,0,2,0
28,1,0,0
37,1,1,0
35,0,0,0
46,2,3,0
40,0,0,0
37,0,4,0
32,1,5,1
29,0,2,1
38,0,2,0
35,1,2,0
26,0,0,0
25,0,7,0
34,0,0,1
26,1,9,0
34,0,1,0
35,2,2,0
29,0,1,0
42,1,0,0
34,0,3,0
38,1,1,0
35,3,2,0
48,2,2,0
35,2,2,0
36,0,1,0
32,1,3,1
42,2,2,0
48,1,4,0
35,0,4,0
42,0,1,0
41,2,3,1
52,1,0,0
28,5,7,0
32,2,1,0
37,1,4,0
53,1,1,0
43,0,7,0
23,0,9,1
37,2,2,0
28,3,4,0
39,0,1,0
42,0,0,0
28,0,0,0
37,1,0,0
43,3,4,0
44,0,2,0
38,0,2,0
34,3,5,0
30,0,1,0
38,5,0,1
32,0,1,0
31,2,0,0
36,0,7,0
35,0,2,0
31,1,3,0
37,1,12,0
32,3,1,0
37,2,4,0
43,0,0,0
32,0,2,0
42,0,0,0
47,2,1,1
45,0,1,0
37,0,1,0
31,0,1,0
21,1,5,1
48,2,1,0
41,2,4,0
34,0,5,1
32,1,1,0
42,0,1,0
44,0,1,0
36,2,9,1
55,1,3,0
31,1,1,0
37,1,0,0
41,1,2,0
27,2,0,0
28,0,1,0
49,0,1,0
38,0,3,0
34,0,3,0
37,2,5,0
43,1,1,0
38,0,2,0
49,1,2,1
37,1,0,0
45,0,1,1
35,0,1,0
38,0,1,0
30,0,0,0
46,2,4,0
25,3,2,0
42,2,3,0
41,1,4,0
30,0,3,0
30,3,1,0
37,1,1,1
24,2,2,0
35,0,8,1
32,1,2,0
42,1,4,0
35,0,2,0
38,1,2,0
33,2,1,0
34,3,1,0
34,1,1,1
29,2,5,3
42,1,2,0
34,0,1,0
31,1,3,0
28,1,1,0
29,5,3,0
46,1,0,0
40,1,6,0
36,0,5,0
28,2,2,0
36,0,1,0
35,1,1,0
42,0,1,0
27,0,12,1
37,0,1,0
39,1,0,0
34,0,2,0
38,2,2,0
35,1,1,0
31,0,5,0
42,0,1,0
44,1,1,0
37,1,1,0
34,2,1,0
31,0,3,0
30,0,17,0
34,2,2,0
35,2,2,0
47,1,1,0
30,1,7,0
33,0,2,0
24,1,1,0
45,0,2,0
35,0,0,0
38,2,0,0
36,1,5,0
48,1,0,0
39,0,2,0
53,1,3,0
30,0,0,0
41,1,2,1
52,1,0,0
29,2,3,0
43,3,1,0
40,2,2,0
35,1,1,0
28,0,2,0
30,1,3,0
28,1,0,0
22,0,3,0
34,0,11,0
31,0,3,0
35,3,3,0
40,0,5,0
32,0,2,0
36,0,8,1
31,6,1,0
32,1,1,0
40,1,1,0
37,1,6,1
41,1,0,0
35,3,1,0
44,2,4,0
24,2,2,0
35,2,0,0
33,1,1,0
43,4,2,1
31,2,2,0
38,0,3,0
33,6,3,0
25,1,2,0
37,0,3,0
45,0,4,0
28,0,2,0
34,3,3,0
37,0,1,0
43,0,1,1
42,0,1,0
35,0,3,1
33,1,1,0
38,0,0,0
40,2,1,0
29,2,2,0
28,0,3,0
38,2,2,0
31,1,0,0
39,0,1,0
49,0,1,0
36,1,0,0
34,0,1,0
26,0,8,1
30,3,2,0
40,1,2,0
31,1,2,0
32,0,0,0
36,0,0,0
38,3,1,0
41,0,1,0
34,2,5,1
38,3,1,0
34,0,3,0
35,6,0,1
42,2,0,0
31,1,10,1
30,1,12,0
27,1,14,0
27,1,1,0
31,0,2,0
40,0,0,0
33,2,1,0
42,1,1,0
38,0,1,0
33,0,0,0
37,2,0,0
24,0,8,0
35,1,3,0
35,0,1,0
48,1,3,0
32,1,0,0
38,3,2,0
35,1,1,0
41,1,2,0
44,0,4,0
37,2,4,0
28,1,2,0
28,0,2,0
33,0,3,0
40,1,1,0
30,0,3,0
42,0,4,0
29,1,0,0
29,0,2,0
42,1,2,0
42,0,1,0
43,2,0,0
25,1,1,0
44,0,3,0
37,0,3,0
33,1,1,0
36,0,3,0
28,3,1,0
33,1,1,0
31,1,0,1
40,0,3,0
48,3,4,0
33,1,1,0
32,0,1,0
43,3,10,0
31,2,1,0
44,1,1,0
42,0,3,0
39,1,2,0
46,2,3,0
41,1,2,0
42,1,1,0
40,0,1,0
33,0,0,0
33,0,8,1
37,1,2,0
38,0,3,0
34,2,0,0
29,0,9,1
42,2,3,0
43,2,0,0
42,1,0,0
45,0,1,0
42,2,1,0
55,0,1,1
51,0,2,0
38,1,11,1
35,1,2,0
37,2,0,1
45,3,3,1
25,1,1,0
41,1,0,0
32,1,0,0
24,1,5,1
45,1,0,0
37,1,3,0
42,0,2,1
48,1,2,0
25,1,13,1
31,0,0,0
41,0,0,0
28,2,2,0
28,1,9,2
41,1,3,0
34,1,1,0
39,4,1,1
40,0,5,0
30,2,2,0
48,0,0,0
42,0,1,0
30,1,1,0
29,1,8,1
41,1,2,0
41,1,5,0
36,0,2,0
46,7,2,0
31,2,1,0
32,1,2,1
29,2,0,0
42,0,0,0
44,0,2,0
31,0,0,0
34,1,1,0
33,0,0,0
33,5,2,0
36,0,4,0
33,3,1,0
37,2,1,0
29,1,1,0
45,0,1,0
42,3,2,0
44,0,2,0
41,2,1,0
50,1,0,0
24,0,1,0
53,1,0,0
36,0,0,0
38,0,1,0
43,0,0,0
41,0,2,0
30,2,1,0
35,0,1,0
42,1,5,0
39,0,1,0
26,1,7,0
38,2,3,0
43,2,1,0
51,1,1,0
29,1,3,1
35,1,3,0
44,0,2,0
46,0,0,0
17,0,8,0
39,1,1,0
38,0,1,0
34,1,9,0
34,0,2,0
36,0,2,2
29,1,2,0
47,0,2,0
25,2,5,1
39,0,2,0
42,0,1,0
33,0,2,0
34,0,3,0
38,4,1,0
44,1,2,0
36,0,0,0
40,0,1,0
33,0,1,0
28,1,8,0
38,3,1,0
47,0,6,0
29,2,0,1
46,1,0,0
31,0,3,0
36,2,3,0
47,2,0,0
41,0,0,0
39,1,4,0
33,0,5,0
28,2,5,0
41,0,1,0
34,0,2,0
28,0,1,1
38,0,2,0
21,0,6,0
36,2,0,0
50,1,1,0
35,2,0,0
46,0,2,0
45,1,1,0
38,1,5,0
42,2,4,1
35,7,0,0
39,1,1,0
29,2,1,0
24,1,7,1
43,1,2,0
32,1,1,0
33,0,3,0
36,1,0,0
32,1,1,0
34,3,0,0
31,2,1,0
35,1,0,0
41,5,3,0
36,1,3,0
37,1,3,0
38,1,1,0
40,0,2,2
35,2,0,0
44,1,2,0
35,1,1,0
49,0,1,0
37,2,0,0
35,1,2,0
36,0,1,0
39,2,0,0
39,0,2,0
35,1,0,0
41,2,0,0
39,4,1,0
42,0,1,0
28,1,0,0
38,0,4,0
31,0,2,0
40,1,2,0
38,0,2,0
25,0,7,0
34,2,2,0
28,1,0,0
32,1,1,0
43,1,3,0
35,2,1,0
42,1,2,1
44,1,5,0
28,0,1,0
32,1,3,0
40,1,2,0
29,2,10,2
29,0,7,2
27,2,0,0
28,0,3,0
34,3,8,2
45,0,0,0
35,3,1,0
42,2,3,0
30,0,1,0
43,1,3,0
45,2,4,0
41,1,3,0
48,0,2,0
32,1,5,0
32,3,0,0
39,1,0,1
40,0,1,0
41,3,1,0
46,2,1,0
35,1,0,0
45,4,2,0
38,1,5,1
44,1,1,0
37,0,1,0
38,1,2,0
26,1,2,1
48,0,3,0
34,0,3,0
36,3,3,0
46,2,1,0
29,1,2,0
36,0,1,1
49,1,1,0
51,0,2,0
27,2,5,0
35,0,1,0
37,1,1,0
42,1,3,0
31,0,3,0
38,0,2,0
32,1,1,0
41,3,2,0
45,0,1,0
35,0,0,0
25,1,8,1
45,0,4,0
42,0,3,0
44,5,2,0
48,1,2,0
29,1,3,0
29,0,5,0
32,0,4,0
35,1,1,1
33,1,0,0
40,0,2,0
30,5,9,0
39,0,0,0
51,0,3,0
39,2,7,1
39,0,4,0
45,0,3,0
41,0,4,0
42,0,2,0
24,0,6,1
35,2,3,1
44,0,1,0
37,4,0,1
43,0,0,0
37,1,0,0
42,0,3,0
34,0,0,0
38,5,0,0
35,0,3,0
37,2,2,1
41,2,1,0
33,2,0,0
49,0,2,0
45,0,0,0
36,1,3,0
32,0,6,2
44,0,0,0
44,0,1,0
38,0,1,0
38,0,2,0
42,1,0,0
40,1,0,0
44,0,1,0
38,0,5,0
34,0,10,0
39,2,10,0
38,0,1,0
18,1,1,0
34,0,0,0
37,0,2,0
40,3,2,0
34,3,1,0
37,3,2,0
39,1,1,0
35,0,1,0
25,3,3,0
37,1,0,0
27,0,0,0
35,0,7,0
37,0,2,0
35,1,0,0
38,0,1,0
34,3,1,0
33,0,4,0
40,1,3,0
30,0,1,0
37,0,3,0
38,1,5,0
45,1,1,0
34,2,0,0
38,1,4,0
34,0,2,0
51,0,2,0
35,0,3,0
43,0,1,0
40,1,2,0
33,3,3,0
40,0,2,1
35,0,2,0
39,0,0,0
35,2,3,0
45,0,2,0
45,2,2,0
33,1,3,0
31,0,0,0
35,1,0,0
38,0,1,0
46,1,1,0
40,0,3,0
29,1,12,0
35,0,0,0
42,0,7,4
30,1,4,0
56,1,2,0
33,4,1,1
38,2,3,0
24,0,4,0
27,4,5,0
34,1,1,0
37,1,2,0
42,0,2,0
36,2,4,1
31,5,1,1
33,0,1,0
27,2,2,0
38,0,1,0
38,0,2,0
39,1,0,1
30,1,1,0
38,1,1,0
38,0,1,0
44,1,1,0
31,2,1,0
29,0,7,0
34,1,4,1
42,1,1,0
23,0,3,0
43,0,3,0
37,1,0,0
38,0,2,0
31,0,1,0
43,1,1,0
45,2,2,0
33,1,1,1
34,2,12,0
44,1,2,0
42,2,2,1
48,1,1,0
36,0,2,0
25,0,3,0
44,0,3,0
33,2,1,0
34,2,4,0
49,0,3,0
38,0,6,0
47,2,1,0
45,0,0,0
40,2,1,0
35,0,2,0
36,0,2,0
36,1,1,0
24,0,1,0
45,1,1,0
46,4,1,0
35,0,1,0
32,1,8,0
44,1,4,0
36,2,1,0
40,0,4,0
41,2,0,0
44,2,3,1
38,0,1,0
38,0,2,1
42,0,1,0
29,0,0,0
32,2,2,0
42,4,1,0
43,2,4,0
37,2,3,0
34,1,1,0
34,1,1,0
26,1,0,0
33,0,7,2
34,2,1,0
44,0,0,0
40,0,2,0
39,3,1,0
28,2,2,0
37,0,1,0
37,0,2,0
33,0,1,0
40,1,2,0
40,2,7,0
30,1,2,0
21,1,5,2
18,1,0,0
45,1,1,0
34,1,5,0
35,0,3,0
45,2,0,0
34,2,1,0
48,3,1,1
49,0,11,0
34,1,2,0
39,0,2,0
36,3,11,1
30,0,1,0
35,0,1,0
39,1,9,0
40,1,1,0
36,1,1,0
32,0,4,0
45,0,3,0
42,0,0,0
39,0,4,0
40,1,2,0
28,1,2,1
41,2,3,0
41,1,2,0
43,0,1,0
42,0,4,0
42,0,2,0
34,0,7,0
30,1,1,0
31,2,0,0
38,2,0,0
48,0,1,0
25,2,0,0
43,4,1,0
39,1,1,0
43,0,2,0
38,0,3,0
33,0,1,0
45,0,1,0
37,1,3,0
41,1,5,0
32,3,2,0
34,1,5,0
43,0,0,0
47,0,1,0
43,2,1,0
30,0,0,0
41,1,1,0
34,2,1,0
41,2,0,0
40,2,3,0
40,0,1,0
31,4,1,0
33,1,0,0
36,2,2,0
31,0,11,1
52,1,1,1
44,0,1,0
35,1,0,0
44,0,0,0
40,0,9,0
30,2,2,1
43,0,7,0
38,1,8,0
41,3,3,0
42,3,4,0
44,3,2,1
33,0,2,0
32,1,1,0
39,0,1,0
37,0,0,0
46,0,1,1
49,3,3,1
54,1,0,0
36,0,4,0
47,3,1,0
31,0,1,0
34,0,2,0
48,0,4,0
38,0,0,0
32,0,2,0
36,0,0,0
40,3,0,0
41,1,3,0
40,1,1,0
38,2,4,0
27,4,1,1
46,0,0,0
40,1,1,0
26,0,4,0
34,0,2,0
41,0,1,0
34,3,3,0
30,1,1,0
39,2,0,0
31,2,1,0
43,3,0,0
26,1,0,0
36,0,1,0
38,3,2,1
41,0,3,0
46,1,1,0
28,0,0,0
35,0,3,0
33,1,0,0
42,0,2,0
30,0,0,0
34,1,2,0
37,4,4,0
23,0,0,0
40,0,2,0
40,3,1,1
28,0,3,0
48,2,2,0
32,1,4,0
40,3,2,0
29,1,2,0
42,0,0,0
33,1,0,0
37,2,2,0
43,0,3,1
36,0,1,0
26,0,10,0
47,1,2,0
33,3,1,0
34,0,9,0
36,1,2,0
42,1,2,0
44,1,0,0
38,0,2,0
39,1,0,0
33,0,4,1
32,0,4,0
29,2,9,0
38,0,1,0
46,1,1,0
40,3,2,0
37,0,10,0
33,1,1,0
40,1,2,0
38,0,2,0
39,3,2,0
40,0,7,0
37,0,9,0
33,2,0,0
37,1,1,0
38,0,1,0
37,0,1,0
48,2,4,0
50,1,2,1
34,0,5,1
51,0,0,0
31,1,1,0
45,0,0,0
32,1,3,0
44,0,2,0
33,0,17,0
38,1,1,0
30,1,0,0
37,0,1,0
33,1,6,0
42,1,2,0
36,0,5,0
37,0,1,0
40,5,2,0
36,1,3,0
52,4,3,0
44,1,2,0
35,3,3,0
33,1,1,0
32,1,2,0
31,0,1,0
48,2,3,0
34,0,2,0
39,0,0,0
33,2,0,1
35,0,9,0
41,0,2,0
50,1,3,0
39,3,3,0
43,0,0,0
24,4,5,0
31,0,8,0
39,0,2,0
43,0,1,1
44,1,0,0
31,3,4,1
36,1,0,0
27,1,5,0
35,2,1,0
50,2,4,0
45,2,4,0
45,0,0,1
31,1,7,0
36,2,2,0
43,2,2,0
27,2,1,0
39,1,1,0
45,0,4,0
37,0,2,0
41,1,1,0
35,0,1,0
24,2,8,1
40,2,2,0
37,1,1,0
35,0,0,0
37,2,5,0
35,2,1,0
32,3,1,0
39,0,2,0
30,1,5,0
24,1,1,0
35,0,3,0
31,1,1,0
39,0,3,0
33,1,0,0
32,0,0,1
44,2,0,0
45,1,1,0
36,1,3,0
28,3,3,0
44,1,2,0
43,1,0,0
36,1,1,0
42,0,1,0
33,1,2,0
37,0,0,0
39,0,0,0
29,1,1,1
39,1,4,0
40,3,0,0
43,0,1,0
48,0,2,0
41,1,1,0
37,1,1,0
26,1,1,1
46,2,2,0
46,0,0,0
45,0,5,0
42,1,2,0
35,2,6,0
40,2,1,0
43,1,3,0
33,0,0,0
31,1,0,0
32,1,1,0
34,6,1,0
41,1,1,0
23,0,0,0
24,0,1,0
33,1,1,0
50,3,0,1
25,0,0,0
22,3,1,0
25,1,1,1
49,1,6,0
39,1,0,0
39,0,1,0
44,1,1,0
32,1,1,0
48,4,1,0
36,0,1,0
34,0,5,0
46,1,2,0
33,0,2,0
36,0,0,0
40,3,2,1
42,5,2,0
40,0,0,0
38,0,4,0
45,2,2,0
39,2,2,1
42,0,2,0
30,1,4,0
50,2,0,0
38,0,5,0
22,2,5,0
32,1,1,0
34,1,1,0
37,1,3,0
38,3,0,0
46,0,1,0
32,1,2,0
34,0,3,0
35,1,0,0
30,1,0,0
41,1,1,0
34,0,5,0
38,3,4,0
31,1,4,0
38,0,2,0
40,2,1,0
32,0,1,0
29,0,0,0
43,1,2,0
41,1,1,0
31,0,1,0
40,0,0,0
43,0,0,0
41,3,0,0
39,4,0,0
40,0,0,0
40,1,3,0
20,2,10,1
48,0,1,0
39,1,2,0
52,3,3,0
36,3,2,0
28,1,0,0
39,0,2,0
37,1,3,0
35,0,1,0
38,0,1,0
36,2,2,0
32,2,0,0
37,0,1,0
40,0,1,1
30,2,4,2
39,3,1,0
36,3,2,0
34,0,1,0
43,1,1,1
36,0,3,0
36,0,3,0
43,0,1,1
57,2,2,0
41,1,1,0
22,0,5,0
41,0,1,0
33,2,6,0
37,0,3,0
38,2,1,0
47,1,0,0
38,1,4,0
35,6,0,0
39,2,3,0
33,2,1,0
37,0,3,0
33,3,5,0
30,0,4,0
34,2,0,0
38,0,3,0
31,4,2,0
41,2,0,0
37,2,2,0
30,1,2,0
49,1,1,0
35,3,1,0
26,0,1,0
29,1,2,0
43,0,5,0
30,2,0,0
31,1,0,0
37,2,1,1
36,1,6,0
46,2,2,0
42,1,2,0
34,0,1,0
27,0,9,0
27,1,0,1
37,1,1,0
38,0,2,0
37,0,8,0
38,2,0,0
44,0,1,1
33,0,5,0
38,1,2,0
27,3,6,0
30,2,3,0
31,2,1,0
37,0,8,0
41,2,7,1
34,1,4,0
33,0,0,0
40,0,3,0
35,0,2,0
35,1,2,0
39,1,1,0
40,1,1,0
37,0,1,0
42,0,5,0
44,0,1,0
45,2,2,0
33,0,1,0
40,0,3,0
37,1,1,0
37,0,1,0
36,2,1,0
42,1,0,0
34,1,1,0
40,1,1,0
42,1,1,0
40,0,2,0
41,0,0,0
44,9,0,0
33,1,2,0
39,2,1,0
39,0,3,0
38,1,1,0
32,4,2,0
27,2,2,0
41,2,0,0
35,1,0,0
45,0,0,0
37,1,3,0
32,0,13,1
28,1,1,1
33,0,2,0
39,0,3,0
31,2,0,0
39,0,4,0
42,1,0,0
42,1,2,0
47,2,1,0
39,0,2,0
42,1,1,1
41,0,2,0
39,3,1,0
30,1,0,0
26,0,5,1
31,1,1,0
44,0,3,0
36,1,0,0
50,1,2,1
41,0,0,0
34,1,0,0
34,0,0,0
33,0,11,0
33,1,0,0
39,0,0,0
38,1,10,1
37,4,2,1
46,0,3,0
29,1,0,0
42,1,1,1
38,1,1,0
42,2,2,0
32,1,5,1
47,0,0,0
46,1,1,0
34,2,1,0
35,1,2,0
37,0,2,0
30,0,2,0
36,1,12,1
33,2,1,0
28,0,2,0
34,1,3,0
38,3,0,1
30,2,0,0
34,1,2,0
31,0,3,0
38,0,2,0
44,1,2,0
39,0,3,0
22,0,2,0
34,1,0,0
36,0,4,0
39,1,4,0
36,2,2,0
34,3,1,0
43,2,1,0
42,0,4,0
34,0,1,0
33,0,1,0
38,0,0,0
31,0,1,0
43,0,1,1
38,0,2,0
33,2,4,0
34,0,0,0
22,1,0,0
57,1,1,0
30,0,1,0
31,0,1,0
33,1,2,0
45,3,2,0
30,2,0,0
43,0,0,0
35,0,5,0
42,0,10,0
39,2,2,0
40,0,0,0
48,1,1,0
33,1,0,0
38,0,7,1
31,1,1,0
31,4,3,0
34,1,2,0
29,2,5,0
35,0,4,1
31,1,0,0
29,1,4,1
33,1,7,0
43,1,2,0
31,2,3,0
39,2,8,0
34,4,2,0
42,2,2,0
29,2,1,0
38,0,1,0
48,1,3,0
36,2,0,0
52,2,2,0
33,1,5,0
28,0,2,0
32,0,4,0
33,1,2,0
38,0,11,0
44,0,4,0
28,0,2,0
27,1,3,0
31,1,2,0
42,2,1,0
44,3,1,0
31,1,2,1
38,0,0,0
44,4,1,1
42,1,2,0
32,2,1,1
43,5,0,0
30,0,4,0
45,4,0,0
36,1,1,0
25,1,6,0
40,0,0,0
39,4,5,0
41,1,4,0
41,2,3,0
50,2,1,0
46,1,2,0
21,0,13,0
38,1,2,0
43,0,3,0
42,2,2,1
40,0,0,0
38,2,5,0
37,1,1,0
35,0,4,0
32,3,3,0
34,0,2,0
25,3,1,0
36,0,1,0
32,1,2,0
44,1,1,0
36,3,1,0
45,1,1,0
36,0,3,0
40,1,0,0
26,1,6,1
39,1,0,0
44,0,0,0
38,1,1,0
35,4,2,1
40,0,1,0
34,1,3,0
30,0,3,0
42,1,1,0
42,1,4,0
35,2,2,0
27,0,4,0
32,0,5,0
39,2,1,1
43,1,5,0
43,0,1,1
36,2,3,0
24,0,6,0
38,1,1,0
42,0,8,1
24,2,3,0
33,1,3,0
41,1,0,0
31,1,1,0
31,2,0,1
35,2,2,0
40,1,2,0
38,2,1,1
33,0,1,0
38,2,3,0
37,2,1,0
28,1,13,2
41,0,0,0
37,1,1,0
45,1,0,0
40,0,4,0
47,0,1,1
37,1,1,0
44,0,2,0
32,2,0,0
40,2,1,0
34,0,2,0
51,4,3,0
43,1,0,0
38,1,2,0
43,0,0,0
36,0,2,0
37,0,2,0
44,1,2,0
34,2,2,0
39,1,1,0
27,1,1,0
45,4,5,0
36,2,2,0
30,1,9,0
35,1,2,0
45,0,2,0
32,1,0,0
39,1,0,0
38,1,0,1
28,0,3,0
36,2,1,0
28,2,3,0
39,0,1,0
30,2,3,0
35,0,1,0
32,0,6,0
33,2,2,0
27,0,2,0
41,1,0,0
33,1,2,0
41,0,4,0
46,2,0,0
34,1,2,0
40,3,1,0
48,1,2,0
31,3,0,0
27,1,2,0
24,0,0,1
34,2,3,0
37,1,4,0
36,0,12,0
39,0,0,0
41,3,2,0
42,1,7,2
39,0,1,0
25,4,2,0
27,2,0,0
39,0,2,0
43,0,7,1
44,0,4,0
34,2,2,2
36,4,2,0
41,0,2,0
35,0,10,1
33,0,1,0
26,1,0,0
32,1,3,0
44,0,2,0
31,0,5,0
40,1,5,1
42,0,0,1
28,2,2,0
30,1,3,0
35,2,2,1
38,0,4,1
39,1,2,0
40,0,0,0
41,1,3,0
37,1,1,0
33,1,3,0
35,1,0,0
38,1,2,0
47,2,0,0
42,1,1,0
31,0,4,0
34,0,3,0
38,3,0,1
52,3,2,0
29,1,1,0
50,2,1,0
36,2,0,0
36,0,5,0
38,4,0,1
29,1,1,0
41,0,3,1
29,1,3,0
41,2,3,0
41,2,0,0
29,2,6,0
34,2,1,0
40,0,0,0
20,1,8,0
29,1,0,0
34,2,1,0
37,1,3,0
40,1,0,0
26,0,0,0
40,1,0,0
42,1,1,0
44,0,0,0
38,0,1,0
39,0,4,0
39,3,1,0
34,3,3,0
46,0,3,0
40,1,0,0
35,0,1,0
27,1,2,1
31,1,0,0
38,1,4,0
47,1,2,0
37,0,2,0
35,5,5,1
48,1,2,0
32,1,1,0
38,1,2,0
45,3,5,1
36,0,4,0
44,1,1,0
32,2,2,0
39,2,1,1
33,1,6,0
38,4,3,0
39,0,4,0
27,0,1,0
39,3,1,0
52,0,4,0
41,3,0,0
36,0,1,0
26,2,3,0
39,0,0,0
37,2,3,0
39,3,3,0
42,5,1,0
37,1,2,0
36,1,4,0
34,1,3,0
39,1,1,0
35,1,2,0
36,1,0,0
38,0,2,0
34,1,5,0
33,1,10,0
37,1,1,0
34,1,5,0
37,0,2,0
38,2,2,0
27,5,7,1
29,2,9,2
36,2,2,0
21,1,2,1
33,0,4,0
32,0,1,1
37,1,1,0
31,0,3,1
29,0,3,0
30,1,0,0
30,2,2,0
25,0,1,1
36,0,3,0
30,5,6,0
26,2,6,0
34,3,0,0
43,2,0,0
41,4,1,0
32,0,3,0
44,0,0,0
38,3,0,0
44,0,4,0
45,1,6,1
36,2,1,1
36,2,1,0
36,2,1,1
43,2,0,0
39,2,13,1
37,0,0,0
39,0,1,0
39,1,0,0
36,4,0,0
42,1,1,0
42,2,0,0
33,0,9,0
39,1,0,0
38,1,2,1
39,0,1,0
47,2,2,0
36,3,2,0
36,1,2,0
41,0,0,0
33,0,2,0
41,1,0,0
27,0,2,1
37,0,0,1
22,1,1,0
30,2,2,0
44,0,1,0
34,1,0,0
35,0,3,0
35,3,1,0
25,1,3,0
34,2,12,0
23,0,10,0
43,3,3,0
24,1,7,0
39,0,0,0
36,0,2,1
46,1,5,0
29,1,7,1
46,1,1,0
37,3,5,0
24,2,6,0
30,0,5,0
27,4,1,0
40,0,1,0
29,2,1,0
26,1,3,0
35,1,2,1
49,0,1,0
47,0,1,0
40,3,0,0
39,2,6,1
30,4,3,0
39,3,2,0
31,2,1,0
29,0,2,0
36,0,3,0
38,1,3,0
37,1,0,0
34,0,0,0
18,2,6,0
24,0,11,0
30,4,1,0
35,0,0,0
25,1,12,0
48,1,3,0
40,3,2,0
28,2,1,0
29,0,1,0
35,0,0,0
31,1,2,0
30,0,6,1
41,0,2,0
39,1,0,0
53,0,1,1
39,0,1,0
34,1,2,1
34,2,1,0
42,0,3,0
39,1,3,0
30,1,3,0
37,2,1,0
36,2,1,0
36,0,2,0
36,0,2,0
36,2,3,0
43,1,1,0
38,1,2,0
29,0,11,0
57,2,2,0
35,3,7,0
35,2,1,0
28,1,10,0
36,1,4,0
33,3,2,0
40,0,2,0
31,1,0,0
33,0,0,0
43,0,3,0
33,1,0,0
37,0,6,0
33,0,3,0
29,2,2,0
36,4,0,0
43,0,1,0
32,0,9,0
32,2,0,0
41,0,1,0
49,0,1,0
28,0,3,1
33,0,1,0
58,0,2,0
46,2,0,0
27,0,2,0
45,1,0,0
36,1,5,0
41,0,0,0
40,1,1,0
31,0,1,0
35,3,1,0
39,0,2,0
38,2,0,0
37,0,1,0
36,1,0,0
38,2,1,0
42,0,1,0
34,1,3,0
41,1,2,0
35,2,1,0
38,3,2,0
44,0,1,0
37,0,0,0
41,0,1,0
34,0,6,0
34,3,2,1
26,0,2,0
48,0,2,1
30,8,5,0
50,0,0,0
36,1,2,0
37,1,0,0
45,1,1,0
46,2,1,0
35,1,1,0
31,1,3,0
31,0,7,0
39,3,1,0
27,0,1,0
39,3,0,0
28,0,9,0
31,0,1,0
39,1,2,0
37,0,1,0
43,2,1,0
29,0,3,0
40,1,2,0
26,0,14,0
38,2,3,0
34,1,0,0
29,0,3,0
30,1,1,0
39,2,4,0
34,2,1,0
36,0,1,0
33,1,0,0
40,0,1,0
42,1,0,0
41,0,1,0
37,1,1,0
28,3,6,0
45,0,1,0
37,1,4,0
30,0,1,0
38,1,4,0
25,1,2,0
39,1,0,0
38,0,4,0
41,0,1,0
42,1,5,0
48,0,1,0
33,0,3,2
25,5,1,0
27,2,3,0
33,0,1,1
27,7,1,0
32,0,1,0
38,1,1,0
31,0,0,0
38,0,0,0
31,0,1,0
35,0,3,0
38,1,5,0
46,1,5,0
49,1,1,0
27,0,5,0
33,0,2,0
35,0,5,0
37,0,5,0
24,0,9,1
39,0,7,0
36,1,5,0
35,0,2,0
49,0,4,0
43,0,1,1
35,0,4,0
32,0,14,0
19,0,15,0
44,2,5,0
44,0,1,0
37,0,4,0
21,1,5,0
43,1,1,0
28,0,2,0
32,1,1,0
32,0,7,1
34,2,0,0
37,0,1,0
38,1,3,0
30,0,0,0
30,0,2,0
36,1,0,0
29,3,3,0
35,1,7,0
52,2,3,0
40,0,1,1
39,1,2,0
44,2,0,0
36,0,10,0
32,0,1,1
34,2,8,0
30,1,10,0
42,2,4,0
36,1,4,0
43,3,1,0
33,3,5,0
31,0,1,1
31,0,3,0
46,3,1,0
33,1,2,0
28,0,3,0
28,0,1,0
36,0,1,0
22,1,7,2
29,1,1,0
29,2,6,1
19,0,8,0
36,1,2,0
50,0,1,0
34,1,3,0
38,0,0,0
29,0,0,0
33,0,0,0
48,0,0,0
27,1,1,0
29,0,1,0
33,0,0,0
40,1,0,0
31,5,3,0
42,2,2,0
48,1,1,0
39,0,2,0
30,1,2,0
41,1,0,0
38,0,1,0
46,1,1,0
37,3,2,0
39,0,3,0
29,1,5,1
31,1,4,0
28,3,0,0
33,2,4,0
40,1,0,0
40,1,2,0
35,1,2,0
36,0,3,0
33,1,2,0
49,4,4,1
33,2,9,0
38,2,1,0
31,1,1,0
46,0,1,0
28,0,1,0
31,1,4,0
39,1,1,0
48,0,1,0
36,1,0,1
46,3,4,0
36,0,4,1
43,1,1,0
35,2,1,0
35,0,1,0
38,0,0,0
45,1,1,0
30,2,2,0
38,3,1,0
39,0,0,0
43,0,0,0
35,3,0,0
32,1,2,0
27,1,7,1
35,1,1,0
34,1,0,0
40,0,0,0
42,1,2,0
38,0,2,0
23,2,3,1
42,0,3,0
37,1,0,1
32,2,1,0
31,1,0,0
39,0,1,1
44,3,3,0
32,0,0,0
27,0,0,0
35,0,8,0
38,0,1,0
37,3,0,0
25,2,2,0
37,0,2,0
34,0,1,0
25,3,2,0
44,0,0,0
38,0,2,0
43,2,2,0
40,0,0,0
29,2,2,0
46,0,1,0
30,2,0,0
35,0,4,0
41,0,1,0
27,4,0,0
28,3,5,0
39,1,2,0
32,3,2,0
27,1,4,1
32,1,3,0
33,0,2,0
40,0,1,0
34,0,1,0
32,1,0,0
40,1,2,0
44,1,3,0
44,0,0,0
44,1,1,0
34,0,1,0
35,0,2,0
37,1,0,0
26,2,0,0
37,9,1,0
35,1,1,0
34,0,1,0
35,2,2,0
42,1,1,1
33,2,0,0
35,0,1,0
28,1,1,0
40,1,3,0
39,5,1,1
26,1,3,0
36,1,3,0
33,1,1,0
37,2,1,1
33,2,7,0
38,1,0,0
39,1,2,0
37,1,2,0
30,2,7,0
33,1,0,0
50,0,3,0
39,2,2,0
47,0,1,0
26,0,0,0
37,0,3,1
45,0,2,0
33,0,1,0
38,0,0,0
38,0,1,0
37,0,2,0
40,0,1,0
26,0,1,1
31,1,3,0
29,2,2,0
43,1,0,0
34,2,2,0
37,0,1,0
36,0,2,0
43,4,2,0
33,1,4,1
29,0,11,2
37,2,2,0
43,1,1,0
40,0,2,0
25,2,2,0
45,2,1,0
22,2,3,1
47,1,3,0
44,1,3,0
39,0,1,0
40,0,1,1
42,3,2,0
37,1,2,0
36,0,3,0
31,2,3,0
39,0,0,0
27,0,4,1
38,0,1,0
42,0,1,0
30,0,9,1
42,1,2,0
38,2,1,0
45,1,1,1
45,2,1,0
35,0,1,1
37,1,1,0
41,2,1,0
30,0,1,0
43,0,1,0
36,4,1,0
43,0,7,0
29,3,0,0
44,1,0,0
42,2,2,0
32,5,4,0
43,2,0,0
33,2,0,0
32,1,1,0
31,0,0,0
35,0,6,0
39,0,1,0
29,1,0,0
35,0,0,0
37,1,0,0
32,0,0,0
54,0,1,0
39,1,1,0
29,0,1,0
53,0,1,0
42,1,0,0
46,1,6,0
44,3,3,0
32,0,2,0
41,0,0,0
26,2,1,0
44,2,6,0
36,1,1,0
40,0,2,1
34,0,0,0
22,3,4,1
24,1,14,0
36,1,0,0
46,1,3,0
41,2,2,0
40,1,1,0
29,0,4,0
38,0,3,0
43,0,2,0
33,1,1,0
32,0,3,0
33,1,0,0
49,2,2,0
36,1,2,0
42,2,2,0
33,1,3,1
34,1,1,0
32,1,1,0
27,0,1,0
34,0,1,0
40,0,2,0
42,3,1,0
35,1,10,2
41,0,1,0
42,2,0,0
39,0,2,0
40,1,0,0
40,0,3,1
35,0,1,0
35,1,3,0
43,1,1,0
28,2,2,0
39,1,2,0
20,0,12,1
38,1,3,0
28,5,0,0
36,1,1,0
48,1,1,0
48,3,1,0
42,3,4,0
30,2,2,0
36,1,1,0
37,1,4,0
51,3,2,0
31,0,2,0
24,1,5,0
35,1,7,0
45,1,1,0
31,1,6,0
44,1,1,0
34,0,2,1
38,0,3,0
36,2,1,0
30,1,0,0
38,2,3,0
35,1,2,0
40,2,3,0
34,0,1,0
32,5,1,0
36,0,1,0
33,3,4,1
29,1,5,0
45,0,3,0
43,2,0,0
30,5,12,1
38,3,0,0
27,1,4,0
43,2,1,0
33,0,2,0
25,1,2,0
23,2,1,1
41,0,1,0
27,3,1,0
49,1,3,0
39,1,3,0
35,1,1,0
32,1,2,0
28,1,0,0
29,0,4,0
33,2,3,1
30,1,6,0
40,0,4,0
36,1,0,1
39,1,1,0
43,5,2,0
32,0,0,0
44,0,1,0
31,0,0,0
36,0,0,0
46,1,1,1
38,2,2,0
37,2,3,0
41,2,1,0
46,2,1,0
30,2,4,0
46,0,2,0
34,2,0,0
31,0,2,0
32,0,3,0
32,0,1,0
47,2,4,0
46,2,5,0
29,0,2,0
32,0,1,0
38,0,3,0
30,2,2,0
38,1,2,0
36,0,1,0
38,0,0,0
39,0,1,0
30,3,1,0
26,0,11,0
48,1,2,0
46,0,2,0
41,3,1,0
32,0,2,0
40,0,1,0
26,3,0,2
42,1,2,0
44,0,1,0
29,0,9,0
32,2,1,0
32,2,1,0
44,1,9,0
38,1,0,0
41,2,0,0
35,1,4,0
34,3,3,2
43,0,1,0
33,0,10,0
56,2,0,0
31,2,3,0
46,0,0,0
30,2,0,0
41,0,0,0
39,1,1,0
33,3,4,0
27,1,1,0
36,4,1,0
36,2,0,0
40,0,2,0
28,1,7,2
32,0,4,2
29,1,1,0
47,3,0,0
40,1,1,0
42,3,1,1
46,3,2,0
55,0,2,0
44,2,4,0
27,0,3,0
38,0,12,1
41,2,2,0
34,0,0,0
30,1,1,0
38,1,0,0
33,0,5,0
27,2,6,0
40,1,0,1
28,3,0,0
38,1,9,0
26,0,6,0
43,0,4,0
28,1,1,0
41,1,6,0
43,1,1,0
41,0,2,0
33,0,1,0
39,4,4,0
47,1,0,0
41,2,2,1
46,2,1,0
41,0,0,0
43,1,3,0
47,3,0,0
40,2,2,0
35,0,1,0
45,1,0,0
42,0,1,0
30,1,2,0
28,0,2,0
35,1,3,0
35,3,6,0
39,1,2,0
34,2,3,0
31,4,1,0
45,0,3,0
44,0,2,0
33,5,1,0
27,1,2,2
31,0,3,1
48,3,0,0
31,1,7,0
40,1,1,0
37,1,2,0
27,1,8,1
33,1,3,0
29,2,0,0
32,4,3,0
35,3,6,0
48,0,0,0
39,0,1,0
26,1,3,0
35,0,0,0
32,2,2,0
32,2,1,0
40,3,2,0
34,3,2,0
46,0,4,0
32,0,1,0
29,2,0,0
45,1,0,0
29,0,0,0
35,0,2,0
27,0,19,1
30,3,1,0
38,0,1,0
37,2,3,0
39,0,3,0
45,0,2,0
42,1,2,0
31,0,2,0
28,0,2,0
28,1,0,0
32,2,2,0
45,0,3,0
36,0,6,0
38,0,4,0
36,0,0,0
43,1,2,0
33,1,2,0
39,0,4,0
32,1,0,0
32,1,3,0
53,3,1,0
30,1,2,0
37,0,1,0
32,1,6,0
40,2,2,0
43,2,3,0
39,2,0,0
31,5,0,3
38,1,3,1
39,2,0,0
45,0,0,0
50,0,0,0
27,1,1,0
42,2,1,0
30,1,3,0
25,0,2,0
46,0,3,0
28,0,2,0
31,0,1,0
35,1,1,0
23,2,0,1
28,2,0,0
33,3,0,0
29,1,1,0
31,1,1,0
40,2,4,0
36,2,2,0
43,0,2,0
34,1,0,0
35,0,5,0
29,3,4,0
47,1,2,1
39,0,3,0
50,0,1,0
27,0,1,0
31,0,5,0
38,1,3,0
37,0,11,0
19,0,10,1
34,2,1,0
38,2,1,0
35,0,2,0
42,2,0,0
32,0,2,0
39,0,5,0
43,0,1,0
29,1,0,0
45,0,2,0
35,1,1,0
29,1,5,0
41,0,0,0
39,1,3,0
44,1,0,0
43,1,1,0
41,1,3,0
32,2,0,0
34,0,0,1
42,2,1,0
33,4,1,0
42,0,5,0
25,0,2,0
32,0,1,0
31,1,1,0
26,2,6,0
42,1,2,0
39,3,1,0
32,0,2,0
40,3,8,0
30,0,2,0
32,0,5,1
37,0,2,0
31,2,9,0
28,0,4,0
31,1,0,0
40,1,0,0
26,2,0,1
35,0,1,0
38,3,2,1
38,0,1,1
41,1,2,0
38,1,0,0
31,0,3,0
28,1,3,0
47,1,1,0
32,1,0,1
29,0,1,0
31,2,1,0
42,0,2,0
48,1,3,0
40,1,2,0
30,0,1,0
33,0,1,0
33,1,1,0
37,1,2,0
34,0,3,0
36,2,0,0
37,1,1,0
31,2,2,0
41,1,2,0
24,0,0,0
37,0,5,1
33,0,1,0
24,0,3,0
36,1,2,0
36,3,0,0
35,3,4,0
39,1,0,0
29,1,6,0
41,1,0,0
41,1,2,0
33,2,3,1
30,2,4,0
28,0,11,1
29,1,0,0
34,0,2,0
31,1,1,1
41,0,2,0
29,0,5,0
35,2,3,0
27,2,0,0
34,1,7,0
23,2,1,0
38,1,0,0
35,0,2,0
32,0,4,0
42,1,2,0
45,1,3,0
45,1,0,0
29,1,2,0
25,2,0,0
36,0,6,0
55,1,2,0
42,1,1,0
47,2,0,0
45,0,3,0
33,0,10,0
34,0,0,0
29,2,5,0
41,1,5,0
43,1,0,0
45,0,2,0
28,2,2,0
38,0,0,0
46,0,0,0
39,1,1,0
31,0,0,0
40,0,3,0
44,0,2,0
38,2,0,0
54,1,3,0
37,3,0,0
39,1,1,0
24,2,8,1
47,0,2,0
38,1,2,0
44,2,1,0
33,2,1,0
48,2,6,0
32,0,4,1
53,1,3,0
38,1,0,0
45,1,2,0
37,0,1,0
48,0,1,1
30,4,5,0
38,0,10,0
36,1,2,0
47,1,2,0
36,2,1,1
36,1,1,0
41,1,0,0
38,0,0,0
37,3,2,0
39,1,3,0
26,0,2,1
39,0,2,0
31,1,3,0
32,0,1,0
48,0,3,0
38,1,0,0
49,0,0,0
39,0,2,0
36,0,1,0
44,1,0,0
29,0,2,0
45,2,3,0
26,1,0,0
35,1,1,0
34,2,1,0
40,1,2,0
40,0,9,0
35,2,5,1
24,3,0,0
35,0,4,0
34,0,2,0
23,1,0,0
38,1,1,1
29,2,2,0
36,0,6,0
31,2,0,0
24,1,1,0
44,1,2,0
40,1,1,0
35,0,4,0
39,0,2,0
36,2,1,0
28,0,4,0
37,1,1,0
36,2,5,0
29,1,8,0
29,1,0,0
32,0,0,0
38,2,0,1
40,1,0,0
27,0,0,0
29,1,0,1
31,0,11,0
34,0,4,0
46,0,0,0
45,1,0,0
39,1,3,0
45,0,0,0
42,2,3,0
36,2,10,0
44,3,1,0
38,1,2,0
30,0,8,0
47,1,5,0
36,0,2,0
38,1,1,0
43,1,2,0
32,0,1,0
38,1,2,0
36,2,1,0
38,1,1,1
38,0,1,0
36,0,0,0
35,1,1,0
39,2,3,0
47,1,7,0
35,0,2,0
39,0,1,0
40,0,2,0
38,0,2,0
37,1,0,0
39,0,1,0
37,1,2,0
34,2,1,0
47,0,1,0
47,1,3,0
35,4,1,0
44,1,1,0
31,1,4,0
34,0,0,0
33,3,1,0
36,0,15,0
34,1,0,0
35,0,2,0
42,0,0,0
31,1,3,1
48,4,3,0
40,0,0,0
31,1,1,1
40,0,1,0
47,1,1,0
34,0,1,0
24,4,0,0
27,0,0,0
30,1,6,0
34,2,1,0
39,2,9,3
34,1,3,0
44,0,1,0
28,1,2,0
41,1,0,0
44,0,3,0
40,4,1,0
22,0,16,0
28,0,0,0
32,2,0,0
32,1,1,0
44,4,0,0
35,0,0,0
36,1,3,0
41,2,1,0
41,2,0,0
29,0,8,0
30,0,9,1
44,2,0,0
42,2,1,0
32,4,10,0
44,2,1,0
27,2,1,0
37,1,3,0
44,1,1,0
30,0,1,0
41,1,6,0
45,5,2,0
26,2,2,0
45,0,2,0
27,0,7,0
41,1,1,1
36,1,1,1
38,0,1,0
35,1,1,1
30,2,6,0
35,1,2,0
29,1,2,0
45,1,2,0
39,0,7,0
33,2,1,0
44,0,2,0
37,4,0,0
38,0,1,0
31,0,0,0
40,2,2,0
35,1,2,0
38,0,3,0
45,0,2,0
25,1,4,0
22,2,4,1
32,2,0,0
37,2,7,0
31,1,0,0
34,1,0,0
38,0,3,0
51,1,0,0
42,0,0,0
42,0,1,0
35,3,0,1
30,1,2,3
34,0,1,0
41,2,2,0
38,1,0,0
37,0,1,0
30,0,1,0
44,0,0,1
42,0,1,0
25,3,2,0
44,2,0,0
28,0,9,0
47,0,1,0
41,0,1,0
26,1,0,0
34,1,2,1
38,0,3,0
46,0,1,0
44,0,2,0
28,0,8,0
25,1,3,1
40,0,3,0
39,0,1,0
40,2,1,0
42,0,2,0
36,1,0,0
47,0,0,0
23,0,6,1
37,1,1,0
30,0,3,1
32,4,1,0
32,1,2,0
36,1,2,0
42,3,1,1
31,1,1,0
40,1,3,0
36,0,4,1
44,0,1,0
32,1,3,0
43,2,10,0
46,0,2,0
32,5,1,0
43,0,2,0
39,1,0,0
46,1,1,0
38,1,5,1
36,1,0,0
30,0,0,0
40,0,3,0
34,2,0,0
40,0,5,2
44,1,0,0
48,0,1,0
32,3,0,0
43,3,2,0
37,1,2,0
41,1,1,0
40,1,0,0
34,1,1,0
43,1,3,0
27,4,2,0
32,1,0,0
38,1,2,0
47,0,1,0
29,0,0,0
48,1,2,1
41,0,3,0
32,2,0,0
43,2,0,0
46,1,0,0
39,1,1,0
31,0,0,0
37,1,1,0
42,2,1,0
33,1,1,0
35,2,2,0
38,3,8,0
31,0,3,0
47,0,2,0
48,0,1,0
29,0,10,0
29,0,6,1
37,4,4,0
41,0,1,0
45,2,1,0
43,2,2,0
30,2,2,0
28,1,7,1
31,1,1,0
39,1,0,1
35,3,1,0
35,2,1,0
29,0,0,0
36,1,1,0
58,1,1,0
44,2,4,0
48,0,2,0
35,2,4,1
48,1,2,0
32,0,1,0
36,0,1,0
47,0,1,0
32,1,4,0
39,0,5,0
40,0,1,0
46,3,2,0
41,2,2,1
26,0,8,1
35,0,1,0
45,0,1,0
37,2,1,0
39,2,1,0
53,3,1,1
27,1,0,0
43,5,2,0
35,0,1,0
32,2,0,0
33,1,5,0
37,0,1,0
38,1,1,0
40,3,2,1
29,0,3,1
39,1,3,0
32,1,6,0
34,1,10,0
33,0,1,0
41,0,0,0
38,1,0,0
27,0,1,0
40,0,1,0
32,1,2,0
41,0,1,0
39,1,0,0
33,1,3,0
24,1,12,0
49,0,0,0
39,1,0,0
27,2,5,1
42,0,2,0
33,0,1,0
40,1,3,0
54,1,0,0
53,0,0,0
39,0,1,0
38,2,2,0
39,1,0,0
35,0,1,0
46,0,0,0
37,2,0,0
46,1,0,0
43,1,0,0
34,2,1,0
27,1,2,0
30,0,0,0
29,0,1,0
44,1,1,0
45,1,2,0
25,1,3,0
34,1,1,0
33,2,8,0
42,2,1,0
30,3,0,0
28,0,8,0
33,1,2,0
30,2,1,0
42,5,2,0
28,3,3,0
40,1,1,0
37,0,3,0
27,2,1,0
35,0,2,0
29,1,7,1
40,1,3,0
37,0,2,0
32,1,2,0
37,2,1,0
27,1,3,0
30,1,1,0
30,4,0,1
33,1,2,0
41,0,1,0
49,0,1,0
28,3,2,2
35,1,3,0
44,2,0,0
36,0,1,1
45,3,0,0
40,1,2,0
44,1,4,0
31,1,1,0
38,0,6,0
47,1,1,0
42,0,1,0
39,0,2,0
36,2,1,0
36,0,1,0
37,1,1,0
34,1,0,0
35,2,1,0
29,1,3,0
40,2,2,0
46,0,0,1
37,2,2,0
47,3,1,0
37,0,2,0
34,0,2,0
26,2,3,0
47,0,1,0
33,2,2,0
33,1,3,0
30,1,5,0
32,2,4,0
37,0,1,0
41,0,3,0
23,1,8,0
34,1,2,0
44,1,4,0
40,2,2,2
27,0,2,0
36,2,2,0
26,3,17,0
33,1,0,0
39,2,3,0
36,2,0,0
40,0,0,1
37,0,1,0
52,1,3,0
41,0,2,0
34,1,2,0
35,2,2,1
30,0,0,0
38,2,1,0
32,0,4,0
38,1,1,0
40,0,1,0
34,0,1,1
43,1,1,0
37,1,2,0
42,3,2,0
32,3,2,0
37,1,2,0
30,0,11,2
38,1,1,0
36,1,1,0
32,0,1,0
38,1,3,0
50,5,0,1
37,3,0,0
35,1,3,0
41,0,2,0
37,4,1,0
37,1,1,0
20,1,5,0
43,2,2,0
36,0,0,0
39,0,1,0
43,1,2,1
32,2,3,0
36,2,3,0
41,2,2,0
28,1,3,0
35,0,1,0
26,1,1,0
40,0,2,0
45,3,0,0
35,0,1,0
39,3,0,1
23,1,7,1
28,0,7,0
39,1,5,0
29,1,6,0
39,0,3,0
33,0,6,0
32,0,1,0
47,2,0,0
27,0,2,0
30,2,0,0
36,1,1,0
40,0,3,0
36,2,5,0
34,3,2,0
41,0,0,0
32,1,0,1
32,1,1,0
36,1,2,0
30,1,4,0
38,1,5,0
45,0,1,0
33,2,1,0
32,3,0,1
34,1,2,0
44,1,0,0
30,1,0,0
34,1,0,0
39,2,3,0
41,0,1,0
33,0,2,0
43,1,1,0
34,1,2,0
34,0,0,0
38,1,3,0
42,0,0,0
45,1,1,0
28,3,2,0
35,1,2,0
39,2,0,0
30,0,2,0
36,1,2,0
43,3,3,0
30,0,2,0
31,2,2,0
42,0,0,0
31,0,0,0
35,0,1,0
31,1,1,0
41,1,1,0
36,6,0,0
32,1,1,0
26,3,6,1
41,2,5,0
43,0,0,0
43,1,0,0
41,1,1,0
35,0,2,0
31,1,3,0
37,0,0,0
30,0,1,0
31,0,8,0
32,1,1,0
42,2,4,0
35,2,8,1
31,1,0,0
41,1,2,0
38,0,1,0
39,0,1,0
31,0,1,0
49,3,0,0
30,1,3,0
33,3,3,1
31,0,2,0
27,0,3,0
37,2,1,0
39,1,4,1
38,0,3,0
23,1,1,0
28,0,6,0
32,1,8,1
32,3,2,0
34,1,0,0
30,1,0,0
35,0,0,0
36,0,3,0
38,0,0,0
42,2,1,0
33,0,3,0
46,2,3,0
35,0,12,0
35,0,5,0
32,1,2,0
50,3,0,0
33,0,5,0
29,3,3,0
41,0,2,0
47,0,1,0
20,0,1,0
30,1,2,0
34,1,4,0
33,0,1,0
33,1,1,1
39,0,5,0
43,3,4,0
36,0,1,0
30,0,7,0
34,0,4,1
33,1,1,0
26,0,2,0
38,2,2,0
36,2,1,0
28,0,1,0
30,1,0,0
33,1,3,1
35,1,2,0
37,0,4,0
47,3,4,0
46,0,1,0
37,3,2,0
30,1,5,0
26,0,0,0
38,0,1,0
42,0,2,0
33,0,0,0
36,2,2,0
33,3,3,0
44,0,4,2
32,1,1,0
38,2,7,1
33,4,1,0
41,3,1,0
36,2,8,0
37,1,2,0
30,0,2,0
31,1,8,1
30,3,1,0
37,1,2,0
39,0,3,0
34,1,2,0
45,0,3,0
33,0,1,0
38,0,0,0
41,2,8,0
39,1,2,1
45,0,4,0
44,1,1,0
25,2,4,1
39,4,8,0
40,2,1,0
42,1,2,0
36,0,2,0
39,0,0,0
57,1,3,0
47,1,3,0
32,0,12,0
41,1,2,0
25,2,6,0
33,0,2,0
41,1,2,1
28,3,1,0
36,3,1,0
44,1,1,0
25,2,2,0
48,0,1,0
32,0,1,0
44,0,5,0
36,0,2,0
42,0,3,0
29,1,4,0
28,4,0,0
46,2,0,1
55,3,2,0
46,0,3,0
36,2,2,0
51,2,3,0
26,2,1,0
42,1,4,0
31,1,1,1
41,1,3,0
37,1,3,0
31,1,6,2
45,0,1,0
43,2,1,0
43,0,3,0
35,3,1,0
36,3,0,0
25,2,6,0
34,1,2,0
34,1,1,0
31,4,4,0
34,1,2,0
39,2,1,0
45,2,0,0
48,0,2,0
48,1,0,0
33,1,1,0
31,2,1,0
43,3,2,0
35,1,2,0
43,1,2,0
40,1,1,0
38,0,1,0
30,0,1,0
38,0,1,0
47,1,1,0
36,0,3,0
43,0,3,0
41,2,1,0
38,1,3,0
43,0,1,0
36,2,8,0
44,0,2,0
34,2,0,0
35,2,0,0
35,4,2,0
44,0,1,0
37,2,8,0
38,1,6,0
30,1,0,0
32,0,1,0
38,1,0,0
33,0,5,0
41,0,2,0
28,1,11,0
50,0,1,0
42,4,0,0
30,1,0,0
34,3,4,0
37,3,3,0
26,1,0,0
45,2,0,0
50,0,4,0
30,1,2,0
30,0,2,0
43,2,0,0
38,1,1,0
35,1,3,0
27,0,4,0
46,0,1,0
28,4,13,1
41,1,2,0
38,0,2,0
33,1,0,0
41,6,4,0
28,0,2,0
39,0,6,1
40,0,3,0
38,2,2,0
28,2,3,0
30,2,2,0
45,0,0,0
30,0,1,0
41,0,1,0
40,2,2,0
40,0,3,0
41,0,15,0
26,1,7,0
30,1,1,0
36,2,3,0
28,2,2,0
41,2,2,0
24,1,9,0
32,0,2,0
21,0,0,0
39,0,4,2
39,1,2,0
33,1,1,0
40,1,0,0
44,0,2,0
34,3,1,0
35,0,1,0
32,3,1,0
29,1,3,0
53,0,1,0
43,0,6,0
47,0,1,0
39,1,2,0
27,0,2,0
22,0,1,0
34,2,2,0
40,0,3,0
45,4,1,0
49,1,1,0
42,0,1,0
42,1,1,0
40,3,3,0
33,1,3,0
41,0,3,1
37,0,1,0
41,1,5,0
36,2,0,0
30,1,3,0
25,0,1,0
40,2,0,0
44,0,5,0
45,0,2,0
36,2,0,0
36,0,0,0
38,0,1,0
46,1,2,0
29,2,0,0
39,1,1,0
43,1,0,0
44,0,1,0
37,3,3,0
25,1,17,0
42,0,1,0
43,0,1,0
36,0,2,0
31,4,4,0
28,1,2,0
42,2,0,1
31,0,3,0
38,1,2,0
38,0,3,0
35,2,1,0
30,3,0,0
34,0,0,0
35,0,0,0
43,1,2,0
40,0,4,0
32,1,3,0
44,0,0,0
39,1,3,1
30,1,2,0
31,3,1,0
41,2,2,0
33,1,2,0
32,0,6,0
41,0,4,0
36,1,4,0
37,1,5,0
44,0,0,0
30,1,1,0
40,0,1,0
35,1,1,0
31,2,1,0
25,1,0,1
55,5,0,0
17,0,13,1
39,0,1,1
32,2,0,0
38,1,4,0
43,1,3,0
47,0,1,0
45,0,3,0
40,1,2,0
38,0,2,0
28,1,2,0
34,2,2,0
41,2,0,0
42,0,0,0
36,0,3,0
40,2,2,0
29,2,2,0
54,2,5,0
39,0,2,1
31,2,2,0
39,0,4,0
48,2,0,0
50,0,3,0
36,0,1,1
29,1,2,0
34,0,1,0
34,0,1,0
43,2,2,0
34,0,9,0
44,0,1,0
27,3,0,0
29,1,10,0
49,2,3,0
34,2,5,0
36,0,1,0
33,4,0,1
39,1,1,0
43,0,1,0
46,0,0,0
38,0,1,0
41,2,1,1
32,6,0,0
38,0,2,1
40,1,2,0
44,0,1,0
32,2,3,0
35,0,7,0
37,0,1,0
34,0,1,0
35,1,3,0
36,3,2,1
39,1,0,0
43,0,4,0
39,2,3,0
34,1,2,0
32,0,1,0
38,2,1,0
43,0,1,0
37,1,6,0
34,2,3,0
37,0,0,0
37,3,10,0
32,0,1,0
27,0,0,0
29,1,2,1
42,1,0,0
47,0,2,1
34,2,0,0
36,2,3,1
35,0,3,0
39,0,1,0
24,1,2,0
42,2,1,0
39,1,0,0
44,2,2,1
40,2,1,0
41,1,1,0
46,2,3,0
40,2,1,0
33,0,0,0
39,3,2,0
46,1,1,0
52,1,0,0
36,0,4,0
50,2,2,0
37,1,6,0
36,0,0,0
35,0,0,0
47,0,1,0
35,0,0,0
48,0,1,0
45,1,1,0
36,0,2,0
47,0,2,0
37,1,2,0
37,0,1,0
47,1,1,0
34,0,0,0
39,2,1,0
36,0,0,0
39,0,2,0
36,0,2,0
30,1,3,2
33,0,0,0
42,2,1,0
37,0,1,0
30,0,3,0
38,2,0,0
40,0,1,0
35,1,12,0
49,0,0,0
37,1,0,0
47,1,0,1
35,0,5,0
39,1,3,0
38,2,0,0
31,0,2,0
38,1,0,0
29,2,1,0
40,0,1,0
38,0,2,1
33,1,1,0
32,1,1,0
37,3,1,0
35,0,0,0
38,3,3,0
33,0,3,0
23,0,0,0
32,1,2,0
40,0,2,0
45,1,2,0
37,2,3,1
41,1,0,0
39,0,3,0
35,1,3,0
34,1,1,0
36,1,1,0
35,1,3,1
41,2,0,0
31,0,2,0
38,1,4,1
36,2,2,1
38,1,1,0
43,0,2,0
40,2,1,0
29,0,10,0
48,0,3,0
30,2,1,0
38,0,1,0
26,0,2,0
42,1,1,0
41,0,2,0
39,2,0,0
42,2,1,0
38,1,3,0
41,0,6,0
30,4,1,0
35,0,1,0
33,2,0,1
45,2,2,0
47,1,3,0
44,3,1,0
38,0,1,0
35,0,2,0
26,1,3,0
34,4,3,0
26,0,0,0
39,2,3,0
29,0,8,0
46,0,5,0
37,2,2,0
38,1,3,0
17,1,5,0
36,1,1,0
33,0,12,0
32,0,0,0
31,0,0,0
38,1,2,1
36,0,1,0
36,1,1,0
30,1,2,0
40,1,1,0
30,1,4,0
43,1,2,0
39,1,2,0
39,0,1,1
30,1,1,0
23,3,14,1
38,0,6,3
43,1,2,0
49,1,2,0
38,1,2,0
46,0,4,0
40,1,1,0
31,1,5,1
39,0,1,0
25,1,3,0
33,4,3,0
44,0,0,1
42,1,0,0
40,0,1,0
44,2,0,0
41,2,1,0
42,0,3,0
39,2,0,1
28,0,7,1
35,0,4,0
48,0,1,0
34,0,8,0
28,2,14,1
24,2,1,0
44,0,1,0
44,0,0,0
48,2,3,1
36,0,2,1
30,0,2,0
31,4,2,0
30,1,2,0
39,0,0,0
34,1,1,1
44,1,0,0
43,0,2,0
44,2,2,0
43,0,1,0
42,0,5,0
38,1,1,0
31,0,1,0
31,2,1,0
35,1,1,0
37,0,2,1
46,4,8,0
31,0,1,0
31,3,5,0
38,0,3,0
40,2,0,0
25,0,2,0
36,1,2,0
31,0,5,0
35,1,1,0
37,0,1,0
28,0,6,0
37,2,1,0
42,1,1,0
33,2,7,0
36,2,5,0
47,2,2,0
40,2,2,1
19,0,7,0
33,1,3,0
39,0,3,0
45,0,0,0
45,0,1,0
43,0,2,0
45,0,1,0
32,0,3,0
30,0,2,0
33,2,0,0
32,1,8,0
41,0,2,1
44,2,2,0
40,4,3,0
46,1,4,0
23,1,9,0
29,1,4,0
50,0,3,0
42,1,2,0
41,0,3,0
31,1,3,1
38,1,3,0
42,0,0,0
48,1,1,0
30,2,1,0
34,2,8,0
41,2,2,0
38,2,1,0
40,1,3,0
31,1,3,0
32,1,1,0
25,2,0,2
45,2,0,0
28,2,0,0
34,2,4,0
40,0,4,1
41,0,2,0
29,0,4,0
30,0,2,0
42,1,1,0
36,1,2,0
41,1,2,0
37,3,0,0
42,2,1,0
34,1,0,1
33,0,2,0
39,0,0,0
49,2,2,1
35,1,1,0
36,0,2,0
30,1,10,0
43,2,1,0
30,0,3,0
48,3,3,0
28,1,3,0
32,1,1,1
37,1,0,0
30,0,1,0
28,1,1,0
43,1,0,0
39,0,3,0
39,1,0,0
43,1,2,0
38,1,1,0
40,1,2,0
28,1,1,0
46,3,1,0
22,4,9,0
39,3,0,0
42,1,1,0
54,0,0,1
42,0,1,1
40,0,1,0
36,0,2,0
31,2,2,0
42,0,6,0
35,1,3,0
35,0,4,0
33,0,2,0
50,0,0,0
38,0,4,0
33,0,0,0
48,0,1,0
49,0,0,0
32,4,1,0
35,1,1,0
46,2,2,0
39,0,0,0
42,0,0,0
39,2,1,0
36,1,2,0
32,1,4,1
40,0,2,0
39,1,1,0
50,3,3,2
28,3,0,0
43,0,0,0
30,3,3,0
53,1,3,0
33,0,2,0
27,1,2,0
46,1,1,0
32,1,6,0
41,3,1,0
34,1,1,0
33,1,2,0
37,0,5,0
33,0,0,0
32,0,10,1
40,2,4,1
26,1,4,0
29,1,1,0
46,1,0,0
37,1,6,0
36,0,3,1
42,2,7,1
36,2,0,0
33,0,3,0
41,1,1,0
38,3,4,1
43,0,0,0
34,1,1,1
32,3,0,0
33,3,3,0
30,1,2,0
33,1,6,0
45,3,0,0
24,3,1,1
42,0,0,0
37,7,4,0
38,0,2,0
46,0,11,0
39,1,6,0
33,1,0,0
40,0,5,0
32,2,2,1
29,2,8,0
29,2,1,0
39,1,1,0
33,2,3,1
36,2,2,0
33,1,2,0
36,2,2,0
40,1,4,1
29,1,0,1
41,0,3,0
31,0,10,1
44,0,1,0
44,2,1,0
31,2,2,0
29,0,2,1
36,4,0,0
36,2,1,0
40,0,0,0
33,1,6,0
30,1,1,0
31,0,2,1
38,0,0,0
32,1,3,0
41,2,3,0
47,0,1,0
43,2,1,0
45,1,0,0
32,0,7,0
41,1,1,0
33,0,1,0
40,1,5,0
42,0,0,0
30,0,1,0
26,1,1,1
28,2,3,0
36,1,1,0
22,1,7,1
37,1,2,0
34,2,9,0
32,1,6,0
28,0,3,0
41,0,2,1
35,2,2,0
36,0,0,0
27,0,3,0
35,0,1,0
39,1,2,0
47,0,2,1
31,0,1,0
35,1,3,0
37,0,2,1
33,1,6,0
51,0,2,0
30,0,4,1
38,0,2,0
46,0,3,1
33,1,0,0
37,0,1,0
27,1,4,0
37,0,0,0
35,0,3,0
34,4,2,0
40,0,5,0
29,3,9,2
33,1,4,0
33,1,1,0
33,0,1,0
31,1,9,0
31,1,1,0
43,0,0,2
30,1,1,0
35,1,1,0
36,2,2,0
30,0,2,1
36,0,3,0
39,1,0,0
37,2,3,0
37,0,2,0
39,0,2,0
32,2,0,0
42,0,0,0
42,0,6,0
39,1,1,0
39,2,3,0
38,4,1,0
36,3,0,0
44,0,0,0
41,4,1,2
44,0,2,0
47,2,2,0
29,0,3,0
35,1,1,0
26,1,1,0
39,2,4,0
36,4,1,0
32,0,0,0
35,1,3,0
42,0,2,0
45,1,2,0
24,4,1,0
41,0,2,0
33,1,4,1
38,2,2,0
21,1,1,0
33,1,2,0
47,0,1,0
35,2,1,0
34,1,1,1
28,0,0,0
35,1,3,0
35,0,2,0
37,0,3,0
36,2,2,0
30,0,5,2
25,1,0,0
32,0,8,0
36,0,1,0
35,0,1,0
36,0,6,1
35,1,4,0
46,3,2,0
43,1,1,0
44,1,2,0
35,3,0,0
45,1,1,0
53,0,0,0
38,0,7,0
34,1,0,0
25,1,9,0
47,1,5,0
37,0,0,0
33,1,1,0
28,2,1,1
38,1,1,0
23,1,1,0
28,1,1,0
38,0,0,0
44,1,0,0
31,0,2,0
52,1,4,0
40,0,2,0
38,1,1,0
32,0,0,0
28,1,7,0
37,0,3,1
38,2,1,0
33,0,3,0
40,1,1,0
28,1,1,0
33,0,2,0
32,0,5,0
32,0,4,0
25,1,3,0
47,2,3,0
46,3,4,0
30,3,0,0
38,2,0,0
32,0,2,0
43,0,2,1
43,3,6,1
32,2,0,0
37,1,0,0
41,0,2,0
32,2,4,0
40,1,1,0
41,1,3,0
47,1,1,1
24,1,2,0
39,3,1,0
37,2,3,0
32,0,2,0
39,0,1,0
22,3,9,2
49,0,2,0
28,1,0,0
36,1,2,1
32,0,5,0
43,3,2,0
35,0,1,1
39,1,1,0
35,1,2,0
33,0,0,0
47,2,1,0
16,2,7,0
35,0,3,0
21,3,4,0
30,2,3,0
44,1,0,0
37,3,0,0
27,1,3,0
44,1,0,0
41,2,1,1
38,1,1,0
31,0,3,0
30,0,7,0
30,0,9,0
34,1,1,1
42,0,1,0
39,3,3,0
40,0,6,0
38,0,4,0
48,1,1,0
33,0,1,0
43,1,4,0
54,1,0,0
32,1,1,0
29,2,2,0
36,1,3,0
44,0,5,1
47,0,1,0
40,1,2,0
35,0,2,0
31,1,2,0
33,3,9,0
35,2,5,1
27,0,2,0
26,1,1,1
39,0,1,1
35,1,3,0
36,2,3,0
37,1,1,0
35,0,0,0
28,3,1,0
30,1,2,0
34,0,2,0
33,1,1,0
27,0,2,0
31,2,1,0
27,1,7,1
35,0,0,0
29,1,4,0
39,4,1,0
33,0,5,0
31,1,0,0
36,1,2,0
43,0,2,0
21,0,1,1
44,5,2,0
39,0,2,0
38,0,1,0
32,2,7,0
30,0,1,0
43,0,1,0
47,2,0,0
39,1,1,0
27,1,1,0
42,3,1,0
36,1,2,0
44,2,4,0
41,2,10,0
30,1,2,0
29,0,0,0
41,2,1,0
40,1,6,0
36,3,1,0
43,2,1,0
39,1,2,0
38,2,1,0
31,2,3,0
34,1,4,0
25,1,7,0
36,2,1,0
25,3,13,0
32,1,1,0
50,0,2,0
45,1,2,0
33,0,1,1
39,0,0,0
44,1,1,0
42,0,2,0
37,1,6,0
32,1,2,0
28,3,0,0
35,2,1,0
48,2,2,0
39,2,4,0
30,0,2,0
37,3,1,0
43,0,2,0
32,2,2,0
42,0,1,0
41,0,1,0
42,1,2,0
34,1,0,0
40,3,9,1
46,1,1,0
25,0,7,0
44,3,1,1
45,3,2,0
36,3,3,0
50,4,0,0
35,1,2,1
39,0,1,0
41,1,3,0
35,2,2,0
39,1,2,0
32,1,3,0
37,0,1,0
26,3,1,0
43,1,0,0
33,1,4,0
36,1,2,0
30,2,3,0
42,1,1,0
36,1,1,0
30,1,4,0
38,0,4,0
37,1,0,0
30,0,3,0
32,0,8,1
36,3,4,0
41,2,1,0
37,1,2,0
49,0,4,0
38,2,1,0
40,2,2,0
33,3,1,0
36,0,2,1
34,0,3,0
48,2,3,0
32,1,1,0
26,0,0,0
26,1,0,0
35,4,1,0
28,1,6,0
31,1,1,0
36,0,2,0
36,1,1,0
32,0,1,0
49,1,2,0
44,1,2,0
48,0,2,0
41,1,2,0
27,0,2,0
44,1,3,0
40,2,1,0
35,2,1,0
32,1,0,0
22,0,5,0
36,0,3,0
41,0,1,0
41,1,1,0
28,0,0,0
41,1,2,0
41,0,0,0
40,0,2,0
36,0,4,0
37,0,2,0
34,1,0,0
38,0,2,1
34,2,1,1
35,0,2,0
46,0,2,0
33,1,2,0
20,1,12,0
30,1,1,1
24,1,2,0
41,0,0,0
36,2,2,0
27,0,3,0
42,1,1,1
44,1,2,0
40,2,3,0
25,1,5,0
40,1,1,0
34,2,2,0
36,1,3,0
36,0,1,1
26,2,13,0
37,1,3,0
46,0,6,1
49,1,3,0
36,1,4,0
27,4,0,0
30,1,2,0
30,0,1,0
30,1,5,0
37,1,2,0
39,0,0,0
32,0,2,1
41,1,1,0
29,1,7,0
33,2,0,0
30,1,1,0
37,0,1,0
35,1,3,0
33,0,0,0
35,2,1,0
40,5,0,0
37,1,3,0
32,0,0,0
36,1,2,0
37,0,3,0
47,2,1,0
40,0,1,0
38,0,2,0
42,3,1,0
37,1,1,0
37,0,0,0
33,0,4,0
39,0,4,0
51,1,0,0
31,3,1,0
31,1,3,0
35,2,2,0
49,2,1,0
38,0,1,0
33,0,2,0
28,0,5,0
32,0,1,0
45,1,2,0
37,1,3,0
33,2,4,1
28,3,2,0
40,2,0,0
41,2,6,0
39,1,2,0
45,0,0,1
35,0,10,0
41,2,4,0
37,2,0,0
40,2,0,0
37,0,2,0
30,0,6,0
38,0,0,0
32,0,0,1
25,0,1,0
40,0,2,0
45,0,0,0
32,0,1,0
36,0,3,1
30,0,2,0
41,4,0,1
30,1,3,0
33,0,1,0
33,2,5,0
36,1,2,0
44,1,1,0
30,0,5,0
38,0,1,0
35,1,3,0
40,0,0,0
35,0,1,0
37,1,0,0
40,0,3,0
36,1,4,0
42,0,1,0
25,2,7,1
45,0,0,0
40,0,0,0
42,1,1,0
33,1,10,0
37,1,2,0
29,2,3,0
32,0,1,0
39,0,1,0
47,2,1,1
38,3,0,0
36,2,2,0
38,0,2,0
29,2,3,0
35,1,2,0
35,3,0,0
47,1,2,1
43,0,5,1
35,1,2,1
29,1,1,0
45,3,4,1
30,2,6,0
36,2,0,0
35,0,9,1
43,0,3,0
31,1,2,0
41,0,2,0
37,2,1,0
30,3,2,0
40,1,2,0
34,0,3,0
37,0,2,1
39,1,3,0
43,0,2,0
41,2,1,0
41,0,0,0
38,0,4,0
29,1,3,0
41,4,3,0
43,0,1,0
36,1,4,0
31,2,8,0
41,0,1,0
29,0,1,0
34,0,0,0
44,1,1,0
37,2,3,0
43,0,8,0
34,1,5,0
43,1,3,0
28,2,1,0
33,0,4,0
37,0,2,0
27,1,0,0
35,0,6,0
46,1,5,0
37,1,7,0
36,1,14,0
49,0,2,0
44,0,1,0
34,1,3,0
42,0,5,0
44,0,2,0
41,0,2,0
39,1,3,0
28,2,3,0
47,1,0,0
46,2,0,0
29,3,3,1
37,0,8,1
44,2,3,1
36,0,0,0
32,0,0,0
43,0,0,0
30,1,1,0
38,1,3,0
24,0,13,0
34,0,1,0
44,0,2,1
31,0,1,0
34,0,2,0
29,1,0,0
34,2,1,0
41,1,1,0
37,0,2,0
37,0,0,0
38,3,0,0
43,0,2,0
35,0,7,0
46,0,7,0
45,1,1,0
40,2,2,1
36,0,0,0
37,1,0,0
36,2,2,0
35,2,2,0
41,4,1,0
35,1,3,0
37,0,4,0
26,2,2,0
34,2,11,2
43,0,4,0
25,4,1,0
45,1,1,0
36,0,2,1
33,6,1,0
44,0,2,0
37,3,5,0
38,0,1,0
30,2,2,0
33,2,6,0
35,1,2,0
43,0,0,0
35,0,1,0
37,1,6,0
43,0,4,0
41,1,1,0
39,0,1,0
45,1,0,0
28,0,1,0
36,1,0,0
47,2,0,0
32,0,1,0
38,2,1,1
56,0,2,0
36,0,0,0
39,2,1,0
38,1,0,0
36,0,6,0
33,0,2,0
37,2,0,0
46,1,0,0
35,3,5,0
26,1,1,0
34,1,1,0
25,0,4,0
45,1,0,0
34,4,1,0
37,1,2,0
41,0,1,0
45,0,0,0
56,0,2,0
35,5,1,0
36,2,2,0
38,0,0,0
36,0,0,0
30,1,4,0
34,0,0,0
32,3,4,0
44,1,2,0
36,0,2,0
41,0,3,0
34,1,3,0
40,1,0,0
35,0,9,0
41,3,3,1
36,1,2,0
35,0,5,0
37,0,2,0
37,1,1,0
27,1,0,0
36,1,2,0
47,1,0,0
36,1,2,1
39,2,1,1
47,0,4,0
32,2,2,0
34,0,0,0
40,0,2,0
39,0,4,0
39,1,8,0
35,0,0,0
51,1,4,0
39,0,2,0
28,2,1,0
34,0,1,0
27,1,2,0
30,1,2,0
40,3,3,0
33,0,7,0
41,1,0,0
38,1,1,0
35,1,6,0
28,1,2,1
29,0,1,0
31,2,2,0
37,2,2,0
38,0,3,0
31,2,2,1
43,1,0,0
30,1,1,0
30,1,2,0
28,0,1,0
39,1,3,0
31,0,1,0
51,1,2,1
41,1,7,1
41,0,1,0
35,0,2,0
47,3,1,0
25,2,14,3
29,0,8,0
41,0,4,0
34,1,0,0
38,1,2,0
35,0,1,0
33,0,2,0
28,0,1,0
27,0,2,0
27,0,5,0
35,0,1,0
42,1,0,0
51,1,1,0
30,1,2,0
43,2,2,0
32,2,0,0
43,4,1,0
26,4,1,0
29,0,2,0
33,1,0,0
30,2,1,0
32,0,1,0
38,0,3,0
48,0,1,1
42,0,1,0
31,1,1,0
28,1,1,0
32,0,3,0
29,1,9,1
31,1,7,0
38,0,2,0
35,0,1,0
43,0,1,0
37,0,1,0
38,0,1,0
37,1,6,0
43,3,0,0
39,0,1,0
28,2,1,0
41,3,2,0
37,0,1,0
47,2,2,0
38,1,8,0
33,0,1,0
48,0,1,0
32,3,2,0
40,0,3,0
32,1,1,0
41,2,2,0
45,0,2,0
26,1,1,0
45,1,0,0
36,0,1,0
37,3,0,0
44,0,2,1
34,1,1,0
45,1,0,0
36,1,4,1
33,2,3,0
38,2,1,0
29,1,1,0
28,1,2,0
40,0,2,0
42,0,0,0
30,0,6,0
48,0,1,0
46,4,2,0
29,0,0,0
32,1,2,0
34,1,1,0
34,0,1,0
33,1,1,0
29,1,1,0
45,4,1,0
37,1,4,0
36,2,1,0
47,1,4,0
40,0,0,0
35,1,1,0
34,1,0,0
36,0,3,0
34,1,3,0
41,1,3,0
36,1,1,0
37,0,0,0
41,3,0,0
52,1,0,0
35,0,1,0
32,2,1,0
35,2,4,0
43,0,1,0
42,3,2,0
36,1,1,0
25,0,2,0
32,1,0,0
32,0,4,0
39,1,4,0
35,1,1,0
32,0,2,0
31,3,10,0
39,3,3,0
42,5,4,0
35,0,10,0
43,1,4,0
40,1,2,0
32,0,0,0
35,0,0,0
29,0,1,0
38,1,4,0
43,1,2,2
44,1,1,0
37,1,3,0
28,4,5,0
41,1,2,0
43,1,0,0
37,0,0,0
37,1,1,0
38,0,3,0
36,2,2,0
32,1,2,0
44,0,1,0
32,0,0,0
31,1,1,0
33,3,1,0
40,2,0,0
44,2,1,0
28,2,3,0
31,4,1,0
32,0,1,0
30,0,0,0
37,2,2,0
41,3,0,0
28,1,6,1
44,0,4,0
37,2,7,1
24,0,6,0
45,1,2,0
30,1,8,1
38,3,1,1
23,0,10,0
26,0,2,0
31,1,0,0
35,2,2,1
29,0,3,0
41,0,0,0
32,1,8,0
33,3,0,0
40,1,1,0
30,3,1,0
39,0,0,0
36,0,7,1
39,1,1,0
24,0,6,2
27,2,0,0
33,0,1,0
41,0,0,0
17,2,11,0
29,1,2,0
26,0,5,0
29,2,8,0
35,0,0,0
31,0,2,0
42,0,6,0
33,0,1,0
32,0,1,0
37,0,0,0
30,0,3,0
29,1,1,0
37,5,2,0
34,2,1,0
43,1,0,0
35,3,0,0
36,2,0,0
45,1,3,0
23,0,2,0
32,0,2,0
37,0,0,0
32,0,0,0
33,0,1,0
39,0,1,0
27,2,2,0
34,1,9,1
31,2,2,0
35,0,2,0
28,1,2,0
45,0,3,0
37,1,2,0
26,0,0,0
34,2,2,0
35,1,1,0
45,1,1,0
45,0,2,0
36,2,4,0
31,0,2,0
37,1,1,0
43,1,1,0
30,0,1,0
30,1,4,0
34,2,3,0
30,4,1,0
35,0,2,0
37,0,1,0
30,0,7,0
41,1,1,0
29,0,5,0
34,0,1,0
32,0,3,0
28,0,3,0
39,1,1,0
31,3,3,0
31,0,3,0
34,1,2,0
34,4,1,0
42,0,1,0
36,0,1,0
38,1,4,0
34,0,2,0
31,4,0,0
35,0,2,0
32,0,3,0
28,3,2,1
46,0,0,0
37,0,3,0
39,1,1,0
40,1,2,0
38,0,3,0
37,2,5,0
32,2,3,0
46,0,0,0
41,1,3,0
35,1,3,0
38,2,0,0
45,0,2,0
46,2,1,0
46,1,1,0
34,1,1,0
37,2,2,1
36,1,2,0
33,1,2,0
36,1,0,0
42,0,2,0
39,0,1,0
32,3,4,2
31,1,0,0
34,0,0,0
40,1,1,0
47,1,0,0
46,1,1,0
38,2,5,0
38,1,3,0
42,2,0,0
28,0,0,0
34,1,0,0
38,2,2,0
44,4,1,0
35,1,2,1
39,0,3,0
35,2,2,0
49,0,1,0
40,2,2,0
34,2,2,0
46,1,1,0
33,1,6,0
36,1,6,1
40,1,1,0
32,0,1,0
41,0,3,0
33,2,0,0
19,1,8,0
41,1,2,0
40,0,0,0
37,1,3,0
40,0,1,0
51,0,2,0
52,0,3,0
41,2,1,0
31,0,1,0
43,0,1,0
30,0,8,0
30,1,2,0
39,0,2,0
42,0,0,0
37,0,2,0
40,5,1,0
39,4,1,0
36,1,3,0
52,0,1,0
43,0,2,0
41,1,1,0
38,0,3,0
32,1,1,0
37,1,3,0
38,0,1,0
39,1,0,0
38,0,0,0
38,0,2,0
45,1,0,0
33,4,4,0
41,4,0,1
37,2,5,0
31,2,2,0
38,2,2,0
40,2,4,0
33,1,4,0
41,0,2,0
25,0,2,0
36,1,1,0
36,2,3,0
43,0,1,0
41,1,4,0
45,2,1,0
25,0,2,0
38,0,1,0
29,0,1,1
38,2,1,0
33,1,1,0
35,1,1,0
29,2,4,0
32,0,2,1
45,2,1,0
34,1,1,1
33,2,0,0
34,4,1,0
41,0,0,1
38,1,0,0
37,3,0,1
51,0,4,0
34,0,0,1
41,0,1,0
34,0,3,0
38,2,2,0
46,2,1,0
32,0,1,0
56,0,1,0
40,0,1,0
43,1,1,0
34,1,1,0
35,4,3,0
31,0,0,0
39,1,2,0
50,1,3,0
42,1,1,0
43,1,1,0
43,2,1,0
43,1,5,0
33,6,2,0
39,2,1,0
37,0,2,1
38,2,0,0
34,0,2,0
36,0,1,0
25,1,4,0
41,0,1,0
38,0,0,0
38,1,1,0
34,1,0,0
29,1,14,0
32,0,2,0
32,0,4,2
38,4,2,0
49,1,3,0
31,2,0,0
30,0,3,0
38,3,1,1
35,2,2,0
34,0,3,0
43,8,0,0
41,1,6,0
36,1,2,0
28,1,4,2
25,1,2,0
28,2,1,0
36,1,1,1
48,0,0,0
45,2,1,0
36,0,2,0
35,1,11,0
34,1,3,0
36,1,2,0
34,4,0,0
38,0,2,0
41,1,0,0
42,0,1,0
29,0,3,0
37,0,2,0
32,1,4,0
33,0,6,0
35,0,0,0
54,0,0,0
41,1,2,1
32,0,0,0
32,1,7,0
34,3,2,0
35,1,2,0
28,1,2,0
33,1,1,0
35,0,0,0
43,2,1,0
29,3,6,0
27,0,12,2
35,0,2,0
40,1,0,0
36,0,3,0
21,0,10,0
40,0,2,0
37,3,2,0
30,1,6,0
29,1,0,0
30,1,7,0
39,0,0,0
39,1,1,0
40,1,1,0
27,1,1,0
26,2,1,0
40,1,3,0
40,2,3,1
39,1,1,0
33,0,3,0
34,0,1,0
28,0,7,2
40,4,2,0
32,5,1,0
22,1,9,3
35,2,1,1
33,0,2,0
38,1,0,1
47,0,0,0
30,1,1,0
25,1,12,0
33,1,2,0
28,0,7,1
33,1,0,0
40,0,2,0
42,0,1,0
31,1,0,0
55,1,1,0
43,1,2,1
41,0,3,0
42,2,9,0
38,0,3,1
44,0,0,0
36,1,1,0
43,1,1,0
32,1,0,0
32,1,1,0
36,1,0,0
40,0,2,0
38,0,3,0
38,1,5,0
34,0,1,0
41,2,1,0
47,1,1,1
27,0,2,1
30,3,2,0
27,0,1,1
46,0,1,1
37,1,2,0
40,1,2,0
29,1,7,0
28,2,1,0
38,0,1,0
37,0,1,1
54,0,1,0
32,1,0,0
40,2,1,0
43,1,1,0
31,1,2,0
40,1,2,0
40,0,0,0
43,0,1,0
43,1,3,0
43,1,0,0
26,0,9,1
22,2,0,0
38,0,1,0
36,2,2,1
36,6,1,0
40,6,1,0
34,0,3,0
28,0,13,0
40,1,3,0
36,1,2,0
41,0,0,0
37,0,2,0
49,0,2,0
29,0,2,0
37,1,2,0
43,2,1,0
38,1,3,1
43,0,0,0
38,0,3,0
38,1,1,0
33,1,2,0
29,0,1,0
43,0,4,1
33,0,4,0
41,0,2,0
31,0,1,0
31,4,3,1
40,1,0,0
32,1,1,0
35,2,0,0
37,0,2,0
34,1,0,0
32,1,3,1
47,1,1,0
41,0,4,0
35,1,0,0
41,0,2,0
28,2,2,0
41,0,4,0
33,1,12,0
34,2,1,0
40,3,4,0
36,2,2,0
35,1,1,0
37,0,3,0
46,0,1,0
40,1,0,0
33,1,5,0
33,1,2,0
35,1,7,0
36,0,1,0
37,2,1,0
28,4,2,0
47,3,3,0
31,0,5,0
34,5,3,0
35,3,3,1
40,1,2,0
35,0,3,0
32,2,1,0
38,2,1,0
41,0,2,0
36,2,2,0
41,1,0,0
37,1,2,0
33,3,7,0
41,0,1,0
33,0,0,0
37,1,2,1
36,0,0,0
37,0,0,1
50,0,3,0
32,2,0,0
34,0,3,0
38,1,0,0
28,1,2,0
34,1,1,0
43,2,1,1
41,0,2,0
39,0,0,0
31,0,7,0
41,0,2,0
23,0,11,0
39,1,0,0
43,0,3,0
34,0,0,0
48,0,0,0
35,1,3,0
42,0,3,0
35,0,1,0
42,0,2,0
47,0,1,0
47,0,1,0
27,1,11,4
39,0,2,0
37,1,2,0
41,0,0,0
38,1,2,0
29,0,0,0
35,0,1,0
36,4,2,0
42,2,2,0
33,0,5,0
41,1,1,0
34,0,3,0
43,1,0,0
33,1,4,0
22,1,4,0
40,0,4,0
31,1,3,0
31,1,2,1
33,0,8,0
32,2,1,0
27,3,1,0
35,1,0,0
29,0,1,0
36,1,5,0
38,2,2,1
37,0,0,1
33,1,2,0
31,3,6,0
39,0,4,1
28,3,0,0
51,2,1,0
46,0,2,0
39,0,8,1
28,0,2,0
57,0,1,0
45,1,5,0
35,0,4,0
35,3,2,0
34,3,2,0
33,4,2,0
33,0,3,0
33,4,0,0
45,1,1,0
39,2,1,0
31,1,3,0
39,0,4,1
28,0,4,0
32,0,9,1
38,2,2,0
40,0,0,0
29,0,2,0
45,1,1,0
28,1,1,0
39,0,2,0
39,5,2,0
29,0,7,2
39,1,1,0
46,1,2,0
38,1,3,0
28,1,4,0
39,3,3,0
38,1,2,0
38,0,0,0
36,1,2,0
31,1,2,0
34,0,3,0
28,0,1,1
29,1,1,0
41,2,2,0
40,0,5,0
46,0,0,0
40,0,2,0
41,0,1,0
38,0,1,0
28,2,1,0
38,2,0,0
28,1,2,0
42,3,0,0
33,1,1,0
30,1,0,0
38,1,0,0
37,0,1,0
40,0,3,0
37,2,0,0
40,1,5,0
26,0,2,1
28,0,1,0
41,0,1,0
42,6,0,0
37,0,1,0
35,1,3,1
39,0,2,0
50,0,3,0
33,1,1,0
44,2,3,0
28,0,13,0
22,1,1,0
40,0,1,0
36,1,0,1
29,0,3,0
35,2,2,0
29,1,3,0
38,1,2,0
36,0,0,0
35,1,5,0
34,0,1,0
36,2,4,0
49,0,4,0
26,0,0,0
38,1,1,0
35,0,0,0
41,0,4,0
46,1,2,0
31,1,2,0
30,0,2,1
29,0,1,0
39,0,2,0
23,6,1,0
57,1,4,1
31,0,3,0
31,0,1,0
38,0,0,0
46,1,2,0
32,2,3,0
45,0,2,0
42,2,3,0
33,1,3,0
28,1,3,0
42,1,5,0
32,0,1,1
41,1,2,0
34,2,0,1
38,1,1,0
30,1,1,0
33,0,6,0
29,1,3,0
39,1,1,1
29,1,4,0
22,2,2,0
42,0,1,0
33,1,14,2
17,0,3,0
38,2,1,0
30,0,12,0
41,0,0,0
44,1,2,0
34,1,7,0
31,1,1,0
27,1,8,3
39,3,3,0
48,4,0,1
32,0,2,1
26,0,1,0
35,1,1,0
38,0,10,0
35,0,0,0
22,0,8,1
30,0,1,0
38,1,2,0
24,1,3,0
39,2,1,0
36,2,1,0
42,1,1,0
43,1,3,0
28,0,0,0
44,1,4,0
25,0,1,0
41,1,3,0
34,2,4,0
46,0,2,0
32,1,1,0
40,0,0,0
51,1,1,0
32,5,2,0
30,4,0,0
35,1,3,0
38,0,0,0
32,0,1,0
45,0,1,0
40,0,2,0
38,2,2,0
29,1,14,0
35,2,0,0
36,1,2,0
29,2,0,1
35,0,1,0
35,1,4,0
43,1,2,0
31,2,3,1
24,0,2,0
40,2,0,0
30,2,2,0
34,1,3,0
41,1,0,0
45,0,0,0
28,0,1,0
46,2,4,0
28,1,9,0
31,0,15,1
41,1,1,0
39,0,5,0
20,0,16,0
34,0,3,1
40,1,3,1
27,0,2,0
48,0,1,0
38,0,4,0
36,1,0,0
39,0,1,0
38,3,2,0
43,1,3,0
31,0,2,2
38,0,1,0
40,4,4,0
36,0,1,0
37,4,3,0
21,2,8,1
34,0,1,0
37,1,2,0
39,0,3,0
33,1,2,0
34,1,0,0
37,1,2,0
42,2,0,0
37,1,2,0
28,2,1,0
30,0,13,1
38,1,2,1
42,4,1,0
38,0,2,0
44,0,1,0
14,1,13,0
37,1,2,0
33,0,3,0
38,1,0,0
32,0,2,0
45,0,1,0
35,1,8,0
31,0,1,0
30,2,6,1
27,1,0,0
42,0,2,0
36,3,5,1
33,0,3,0
44,2,2,0
36,4,0,1
25,2,2,0
39,1,1,0
33,2,10,0
37,1,2,0
33,1,3,0
46,2,0,0
32,1,2,0
39,1,3,0
41,3,1,0
34,3,1,0
39,3,1,0
36,0,0,0
38,2,1,0
40,1,1,0
41,0,1,1
38,0,1,1
40,2,1,1
27,0,6,0
42,1,0,0
34,0,0,0
53,0,0,2
31,2,2,0
34,0,4,0
33,2,0,0
38,1,1,0
31,2,1,0
45,1,2,1
35,0,0,0
39,1,2,0
27,0,0,0
35,0,1,0
44,0,1,0
37,2,3,2
30,0,10,0
38,1,1,0
36,2,3,0
36,1,5,0
38,0,0,0
36,1,0,0
33,1,0,0
37,1,2,0
40,2,2,0
34,1,2,0
28,0,0,0
22,1,14,0
46,1,0,0
35,3,1,0
41,0,3,0
29,1,0,0
35,1,1,0
35,1,1,0
40,0,1,0
28,2,1,0
32,2,2,0
32,1,5,0
52,0,1,0
43,0,3,0
34,2,0,0
27,1,2,0
33,1,0,0
25,1,2,0
23,1,3,1
31,0,1,0
33,3,5,0
36,2,4,0
25,1,1,0
28,1,1,0
37,1,1,0
26,2,1,0
44,2,1,0
34,1,7,1
34,0,5,0
45,1,0,0
36,1,0,0
32,1,1,0
31,1,3,0
33,1,2,0
41,0,2,1
33,0,0,0
43,2,0,0
43,1,2,0
39,2,2,0
37,1,0,0
37,0,1,0
49,0,1,0
24,1,5,1
42,0,1,0
30,0,0,0
26,0,13,1
38,1,0,0
43,3,3,0
41,0,2,0
47,1,1,0
41,0,2,0
39,1,1,0
42,2,0,0
36,2,6,0
41,3,3,0
30,1,2,0
32,0,3,1
39,0,1,0
31,0,3,0
41,2,1,0
39,1,5,0
36,2,2,0
46,0,3,0
43,0,1,0
35,0,3,0
36,1,1,0
29,1,1,0
43,2,0,0
41,0,2,0
49,2,1,1
40,0,9,0
50,0,1,0
41,2,1,1
38,1,3,0
29,0,1,0
41,0,4,0
47,2,1,1
39,2,2,0
32,0,1,0
31,2,1,0
42,2,4,1
33,4,1,0
40,0,0,1
38,0,0,1
44,0,4,0
33,2,2,0
29,1,2,0
29,1,1,0
25,0,4,0
22,0,9,1
35,4,1,0
33,0,0,0
33,1,1,1
37,1,1,0
32,0,9,0
26,0,8,1
42,4,1,1
42,1,0,0
34,0,1,0
39,2,1,0
38,4,2,0
26,1,1,0
46,3,1,0
35,0,3,1
34,1,2,0
44,1,0,0
30,0,7,1
35,0,9,0
32,1,1,0
26,2,5,0
36,2,2,0
41,0,1,1
33,0,3,0
36,0,2,0
43,0,2,0
53,3,0,0
36,0,1,0
43,1,6,1
31,0,2,1
33,5,1,0
36,0,0,0
38,0,3,0
35,0,0,0
47,0,1,0
48,1,0,0
36,1,1,0
35,1,2,0
33,1,1,1
36,2,3,0
33,2,1,1
40,1,1,0
40,0,0,0
38,0,3,0
28,2,1,0
34,2,0,0
56,1,1,0
49,1,1,2
40,3,0,0
35,4,0,0
31,4,1,1
40,1,2,0
38,1,0,0
42,0,1,0
41,2,2,0
40,1,0,0
49,1,1,0
44,1,1,0
43,1,0,0
33,0,2,0
24,1,11,0
36,4,1,0
40,2,1,0
39,0,1,0
39,0,3,0
37,1,2,0
31,2,7,0
28,3,7,0
35,1,0,1
46,1,1,1
40,0,3,0
42,1,2,0
31,0,1,0
38,1,1,1
32,0,1,0
43,0,11,0
30,3,1,0
35,0,0,0
28,4,0,1
36,0,2,0
42,0,3,1
38,3,1,0
42,2,6,1
32,0,1,0
44,0,7,1
41,1,1,0
37,2,1,0
36,1,2,0
26,2,2,0
38,2,8,0
30,0,1,0
35,3,1,0
42,1,2,0
28,6,0,1
34,2,7,0
33,0,2,0
43,1,0,0
33,0,2,1
37,1,2,0
40,1,1,0
40,3,0,0
44,3,1,0
23,2,10,0
44,1,1,0
35,1,6,0
50,1,2,0
42,0,3,0
29,0,2,0
37,1,3,0
46,1,1,0
37,0,4,0
33,1,1,0
32,3,2,0
26,5,2,0
27,2,2,0
25,2,11,0
47,1,0,1
34,0,2,0
34,0,0,0
33,0,2,0
44,0,1,0
40,0,1,0
38,1,0,0
34,1,0,0
32,0,6,3
36,2,0,0
32,2,0,0
29,2,1,0
37,1,1,0
34,2,0,1
29,2,3,0
41,0,1,0
44,0,0,0
22,2,8,1
44,0,0,0
41,2,1,0
39,0,3,0
36,0,2,0
21,1,1,0
41,2,2,0
34,1,2,0
31,0,2,0
29,1,1,0
32,0,3,0
31,4,0,0
48,2,3,0
36,0,3,0
37,0,2,0
34,2,1,0
41,2,2,0
29,0,6,0
48,2,0,0
33,0,0,1
43,0,1,0
38,5,1,0
34,1,1,0
25,1,2,0
45,2,0,0
38,1,1,0
33,0,3,1
25,0,7,0
36,0,0,0
34,1,6,0
47,0,5,0
28,2,1,0
31,2,1,0
46,0,1,0
30,1,6,0
39,2,1,0
43,0,5,2
48,0,3,0
41,0,2,0
42,1,3,0
33,1,0,0
40,0,2,0
41,1,2,0
30,4,3,0
46,1,0,0
33,1,1,1
32,0,0,0
31,1,0,0
35,2,0,0
34,1,1,0
38,1,1,0
50,0,2,1
45,0,0,1
31,1,6,0
38,2,0,0
50,0,4,1
24,3,2,1
46,0,0,0
45,0,0,0
38,1,0,0
33,1,4,0
31,1,0,0
30,0,8,0
32,0,0,0
52,1,3,0
41,2,3,0
43,1,0,0
38,0,0,0
45,0,0,0
39,3,2,0
35,2,1,0
31,0,10,0
35,0,1,0
39,2,1,0
30,1,1,0
39,0,2,0
40,2,2,0
35,1,0,0
33,2,8,0
35,0,0,0
44,2,8,0
39,0,0,0
43,1,5,0
34,1,1,1
33,1,1,0
23,1,0,0
31,0,1,0
30,2,1,0
32,1,1,0
30,0,0,0
42,1,0,0
38,0,1,0
21,1,16,0
37,0,5,0
36,0,8,0
31,3,3,0
31,0,0,0
42,0,2,0
24,3,2,0
37,1,3,0
43,0,3,0
30,0,1,0
38,1,3,0
43,1,3,0
26,0,2,0
35,0,1,0
35,1,3,0
26,0,3,0
39,1,0,0
36,0,4,0
36,0,4,0
27,0,4,1
38,1,1,0
27,0,0,0
35,1,17,2
35,1,1,0
47,0,4,0
35,1,1,0
40,0,2,0
38,0,1,0
38,1,2,0
37,3,1,0
43,1,4,0
32,3,1,0
38,0,2,0
39,0,0,0
42,3,2,0
42,1,4,0
32,0,3,0
43,3,1,1
35,0,1,0
34,0,5,1
34,0,2,0
44,3,1,1
25,0,1,0
35,0,3,0
37,1,1,0
38,1,2,0
36,1,2,0
28,1,2,0
29,1,8,0
35,0,2,0
34,0,12,0
37,0,3,0
32,0,1,0
39,1,2,0
40,2,1,0
40,1,1,0
32,3,1,0
41,2,1,0
30,2,2,0
38,2,5,1
27,3,3,0
34,2,0,0
53,3,3,0
26,1,0,1
48,0,1,0
43,3,5,1
42,0,1,0
38,1,0,0
35,3,3,0
46,1,2,0
42,0,7,1
26,0,3,0
40,1,3,2
40,1,4,0
35,0,0,0
40,1,3,0
32,1,4,1
40,0,4,0
40,0,3,0
34,1,2,0
38,1,1,0
41,1,4,0
39,2,3,0
24,3,7,2
33,1,7,0
36,1,6,0
34,0,2,0
30,0,1,0
33,1,1,0
44,1,1,0
37,0,3,0
31,0,1,0
38,0,7,0
39,1,1,0
34,1,1,0
27,1,6,0
40,0,1,0
36,2,2,0
27,2,1,0
34,1,0,0
31,0,3,0
36,1,8,0
30,4,3,0
45,1,0,0
39,0,1,0
34,0,4,0
29,1,7,2
37,2,3,0
42,1,0,0
46,3,0,0
39,5,3,0
38,0,0,0
33,3,4,1
47,1,2,0
36,1,3,0
36,1,5,1
32,0,1,0
30,0,8,0
22,2,10,2
44,2,4,0
42,1,0,1
37,0,3,0
36,2,0,0
36,2,3,2
35,2,1,0
34,2,2,0
36,0,2,0
17,5,0,0
41,0,1,0
45,1,1,0
35,1,2,0
40,0,0,0
39,1,3,0
48,1,4,0
28,0,2,0
32,0,1,0
51,0,2,0
36,5,3,0
37,1,1,0
39,0,0,0
41,1,1,0
34,1,0,0
47,2,1,0
40,1,3,0
40,5,1,0
50,3,2,1
34,0,1,0
26,1,2,0
45,1,3,0
38,1,0,0
25,1,2,0
42,0,3,1
33,0,1,1
49,0,1,0
38,1,2,0
38,0,3,0
34,2,3,1
37,2,1,0
43,1,2,0
42,1,2,0
34,1,2,0
27,1,5,0
39,0,7,0
33,1,2,0
41,2,1,0
34,1,4,0
37,1,4,0
37,1,2,0
38,0,10,0
32,0,3,0
31,1,4,0
36,1,0,0
24,1,6,0
31,2,1,0
29,1,3,0
36,1,2,0
28,2,0,0
28,0,0,0
29,1,2,0
35,1,1,0
29,2,2,0
43,2,2,1
34,0,1,0
40,0,0,0
31,1,0,1
46,1,1,0
36,2,2,0
29,1,3,0
38,0,1,0
34,0,1,0
40,0,1,0
42,1,0,0
40,1,2,0
36,1,1,0
41,0,0,0
38,1,2,0
40,1,1,0
32,1,2,1
32,2,3,0
55,3,2,0
37,0,2,0
25,0,2,0
44,2,3,1
34,1,0,0
22,1,2,0
39,2,1,0
39,0,6,0
31,0,1,0
44,0,1,0
38,1,10,0
41,1,1,0
36,1,0,0
30,1,2,0
39,1,1,0
40,1,1,0
42,2,2,0
42,0,1,0
22,1,2,0
36,0,2,0
35,0,2,0
37,1,1,0
45,1,0,0
35,0,7,1
30,2,6,0
36,0,0,0
39,1,1,0
33,4,1,0
40,1,1,0
43,1,3,0
45,1,0,0
39,0,2,0
40,0,2,0
44,0,5,0
30,2,2,0
46,0,4,0
37,0,0,0
39,0,3,0
32,4,1,0
38,1,2,0
34,0,0,0
37,4,7,1
28,1,2,0
33,2,3,1
30,2,1,0
53,0,3,0
39,4,2,0
37,1,1,0
23,0,12,0
38,2,9,0
41,0,2,1
31,0,18,0
37,1,1,0
33,1,12,0
36,1,1,0
37,1,8,0
32,2,2,1
46,1,2,1
41,2,1,0
43,0,5,0
50,4,1,0
35,0,4,0
37,0,2,0
42,3,3,0
28,2,5,2
35,0,3,0
38,2,2,0
39,1,1,0
43,2,2,0
31,1,5,0
42,1,0,0
33,1,6,0
34,1,3,0
41,2,1,0
33,1,2,0
44,4,2,0
29,0,3,0
36,3,3,0
23,2,14,1
28,0,1,0
30,0,12,0
37,2,2,0
46,2,3,0
35,2,1,0
36,4,2,0
31,2,2,1
25,2,1,0
28,1,1,2
41,1,1,0
40,1,3,0
41,1,0,0
34,2,2,1
37,0,1,0
35,0,2,0
35,0,2,1
35,1,0,0
40,1,0,0
37,0,3,1
36,0,12,1
38,2,1,0
37,1,5,0
36,0,2,0
39,1,0,0
41,3,2,0
23,3,1,1
39,0,1,0
