Per_Gene_Counts_Unaffected_Unaffected,Unaffected_Affected,Affected_Unaffected,Affected_Affected
33,0,1,1
32,4,1,0
41,1,2,2
39,0,0,0
27,10,0,0
28,1,2,0
39,3,0,1
45,1,1,0
43,2,1,0
37,0,3,0
43,2,1,0
38,2,0,1
38,1,0,0
39,1,0,0
38,2,2,0
37,0,2,1
24,0,9,0
48,0,0,0
28,5,1,0
42,0,2,0
34,1,1,0
28,5,1,0
25,1,2,1
43,1,0,0
32,0,0,0
28,4,0,0
29,0,2,0
42,1,3,0
35,5,0,1
37,0,0,1
36,1,1,0
39,2,1,0
38,0,2,0
23,1,0,0
43,0,2,0
34,1,0,0
32,1,3,0
49,3,0,0
38,0,2,0
35,1,0,0
38,3,2,0
36,2,1,0
34,10,1,0
31,1,3,1
26,9,4,0
50,3,1,1
33,2,2,0
35,4,1,0
40,0,1,0
28,0,1,0
46,2,0,0
34,4,2,0
41,2,1,0
31,1,9,0
42,3,1,1
31,2,0,1
45,0,2,0
35,1,1,0
30,3,0,0
41,0,2,0
28,1,0,0
24,0,2,0
33,1,4,1
46,2,2,0
45,2,1,1
25,0,6,1
46,2,0,0
31,1,5,0
46,1,0,0
29,2,1,0
27,1,2,1
29,16,0,0
36,1,5,0
34,2,1,0
34,0,7,0
41,3,1,0
35,0,0,1
39,0,2,0
29,1,7,0
30,0,2,0
30,3,1,0
40,1,1,1
30,1,1,0
35,1,3,0
33,1,2,0
39,2,2,0
40,1,0,0
29,9,2,0
28,0,6,0
39,3,2,0
39,0,0,0
46,0,1,0
31,0,1,1
44,2,1,1
39,2,0,0
38,3,2,0
45,3,1,0
37,1,0,0
35,1,1,0
32,3,4,0
42,2,1,0
28,3,0,0
37,1,3,0
42,3,2,0
32,1,2,0
32,4,4,0
44,1,1,0
43,0,4,0
35,2,0,0
25,3,5,0
41,1,1,0
39,2,0,1
43,1,1,0
38,1,3,0
27,0,0,0
41,2,1,0
37,0,3,1
42,0,1,0
37,3,1,0
24,3,2,0
33,2,2,0
41,2,2,0
23,2,1,0
38,0,0,0
44,2,1,0
28,8,0,0
31,2,2,0
26,7,1,0
30,1,2,0
34,3,4,0
25,2,3,0
30,0,4,0
39,0,3,0
35,1,2,0
20,0,5,1
39,2,2,0
31,3,0,0
42,1,2,0
29,1,1,1
30,4,0,0
23,0,3,0
41,2,3,0
43,0,2,1
38,10,0,0
26,13,0,1
40,3,0,0
38,5,3,0
47,1,0,0
40,0,1,0
33,1,2,0
56,2,3,0
23,6,3,2
33,0,1,1
26,4,2,0
45,1,3,0
35,0,1,0
42,2,0,0
23,1,2,0
44,1,1,0
28,1,0,0
28,6,1,0
33,2,0,1
45,1,2,2
26,6,1,0
35,2,0,0
32,0,2,1
39,0,1,0
23,9,0,2
38,13,3,4
38,3,1,0
37,2,1,0
38,3,0,0
34,1,0,0
43,0,3,0
37,1,2,1
37,3,1,0
40,2,5,0
38,1,0,0
34,2,2,0
41,0,3,0
40,3,0,1
33,1,1,0
40,3,6,0
36,1,2,0
27,3,8,0
38,1,2,0
50,4,6,0
41,1,4,0
39,0,0,0
53,0,3,0
36,5,2,0
30,4,0,0
31,0,0,1
33,1,2,0
40,0,7,0
35,0,2,0
41,5,3,2
34,1,1,0
28,6,1,1
43,1,2,0
28,2,2,0
38,1,1,0
34,7,0,0
26,2,4,0
33,2,0,0
48,3,2,1
41,1,0,0
36,2,1,0
40,2,2,0
31,5,2,0
45,3,1,0
31,3,0,1
38,0,5,0
40,1,1,0
45,2,2,0
38,2,1,0
38,3,2,1
32,2,3,0
44,4,0,0
35,2,6,0
32,2,1,0
22,0,2,0
47,8,0,0
38,5,8,2
29,2,0,0
41,3,1,1
37,1,6,0
35,1,0,0
27,0,0,0
29,6,6,1
43,2,2,0
26,4,2,1
31,5,4,1
47,1,1,0
35,1,1,0
39,4,4,0
41,0,3,0
32,2,6,0
38,2,4,0
41,4,1,0
38,1,6,0
35,1,1,1
40,12,0,2
42,2,1,0
43,4,3,0
34,10,0,0
38,1,0,0
36,0,1,1
37,2,2,0
20,3,1,0
32,0,2,0
29,3,1,0
40,1,0,0
44,1,5,1
27,0,1,0
51,2,2,0
32,1,2,0
38,2,4,0
37,0,0,1
29,4,3,0
37,0,3,0
32,0,3,0
43,1,0,0
41,1,3,1
25,10,0,1
38,1,3,0
40,0,1,0
36,2,4,2
34,10,1,0
41,4,1,1
36,1,0,1
44,1,0,0
32,0,4,0
43,2,0,0
37,2,1,0
35,0,3,0
33,0,0,0
30,1,1,0
43,2,1,0
23,15,1,0
36,0,6,0
36,2,0,0
47,1,1,0
37,1,1,0
42,0,0,0
31,2,0,0
37,1,1,1
44,0,4,0
50,0,1,0
38,2,1,0
30,3,4,2
38,3,3,1
42,6,1,0
35,0,1,0
41,5,0,0
39,4,1,0
32,1,1,0
34,3,1,0
34,1,0,0
36,3,2,0
35,1,2,0
31,2,1,1
36,2,1,0
37,1,1,0
42,1,0,0
41,0,0,1
41,1,0,0
32,2,0,0
33,0,6,0
45,0,0,0
32,1,0,0
49,0,1,0
38,3,2,0
30,6,1,0
37,6,1,0
38,5,0,0
37,0,2,1
38,1,1,0
45,1,1,0
23,0,4,1
38,0,1,0
38,1,1,0
31,1,1,0
38,2,4,0
26,1,3,0
33,1,0,0
31,1,1,1
41,1,1,1
29,1,0,0
28,2,2,1
37,3,0,1
49,1,3,0
39,3,0,1
37,3,4,0
30,1,2,0
35,1,2,1
45,3,1,0
35,0,1,0
34,4,0,0
35,3,1,0
44,1,1,0
33,0,0,0
31,1,0,1
34,2,2,0
39,2,8,0
42,1,3,0
30,1,1,0
34,1,1,0
42,1,0,0
37,2,2,0
40,3,0,0
45,2,1,0
43,4,4,0
37,1,4,1
37,2,1,0
39,2,1,0
43,4,2,2
25,1,1,0
29,1,8,1
33,2,0,0
42,3,1,0
36,0,6,1
45,1,0,0
43,2,1,0
41,0,1,0
35,0,0,0
27,2,2,2
35,2,3,0
42,0,0,0
42,2,1,0
34,1,1,0
22,15,0,1
30,6,1,0
39,1,4,0
29,0,0,0
42,0,0,0
33,3,0,0
31,0,0,0
40,1,2,0
31,1,4,1
37,8,2,1
23,6,4,4
33,1,1,0
34,1,1,0
37,2,1,0
24,1,1,0
45,0,15,2
35,0,1,1
51,2,2,0
34,2,0,0
26,17,0,2
31,2,3,0
42,0,2,0
32,2,2,0
25,7,2,1
37,3,3,2
53,1,0,0
38,2,1,0
28,2,1,0
44,3,1,0
42,7,1,0
40,2,1,0
31,1,3,0
43,0,0,0
36,1,2,0
37,2,1,0
27,6,2,0
42,2,2,0
42,1,3,0
30,0,1,0
31,1,0,0
44,2,3,0
36,0,0,0
21,2,0,0
36,7,0,1
35,0,5,0
34,2,3,0
37,2,1,0
42,2,2,0
33,1,0,2
32,7,1,1
30,2,1,0
30,1,2,0
37,2,1,0
29,1,0,0
39,9,0,1
36,2,1,0
36,2,1,0
37,0,2,0
47,3,5,1
34,1,2,0
32,1,0,0
28,1,3,0
31,4,1,0
34,1,1,0
36,0,0,0
36,1,1,0
37,3,1,0
39,3,0,0
27,4,0,0
45,3,2,1
34,2,9,1
36,0,1,0
32,0,3,0
40,1,1,0
30,4,1,0
41,2,0,0
50,4,1,0
38,1,0,0
27,1,3,1
37,1,3,0
33,2,2,0
36,0,2,0
37,3,1,0
58,1,0,0
40,3,1,1
30,0,5,0
31,9,1,1
32,10,8,2
37,2,7,1
33,5,2,0
34,4,4,1
45,0,0,0
28,1,0,1
38,2,2,0
37,3,0,1
31,0,0,0
40,3,2,0
33,2,0,0
36,8,0,0
28,0,0,0
40,1,0,0
47,1,2,0
33,0,5,1
43,2,2,0
36,2,0,0
45,1,0,0
33,2,1,0
25,3,9,1
38,3,5,0
38,3,0,0
40,3,2,0
25,1,1,0
48,2,2,0
30,3,0,0
40,0,0,0
26,0,0,0
27,9,2,4
40,1,0,0
25,1,0,0
41,0,3,0
41,2,3,0
37,1,3,0
32,0,7,0
33,0,1,1
45,1,0,0
31,1,1,0
31,1,1,0
43,3,1,1
49,1,0,0
53,4,0,0
30,4,1,0
35,1,1,0
41,2,1,2
35,1,3,0
31,1,0,0
39,0,2,0
45,4,2,0
29,0,3,0
44,2,2,0
36,1,2,0
35,9,2,0
43,1,1,0
34,0,0,1
32,4,0,0
33,3,1,0
33,2,1,0
35,3,6,0
39,1,1,0
39,1,1,0
24,2,1,0
36,1,1,0
36,0,1,0
52,2,2,0
30,0,3,0
34,2,1,1
42,1,2,1
32,3,2,0
37,0,0,1
42,0,3,0
37,2,1,0
27,4,0,0
27,3,0,1
37,1,2,1
41,2,0,0
51,2,1,0
32,10,1,0
27,4,3,1
38,0,0,0
40,0,0,0
29,3,1,0
39,3,1,0
37,2,0,0
34,3,1,0
41,3,2,0
31,0,0,0
38,5,0,0
33,3,0,0
35,2,0,0
37,0,1,1
27,8,0,0
36,1,3,0
35,2,0,0
45,0,0,0
35,0,2,0
37,9,0,1
32,2,2,0
43,1,0,1
34,1,0,0
39,0,1,0
35,4,0,0
20,2,4,1
43,1,0,0
43,2,1,0
44,1,3,0
42,3,1,0
31,3,2,1
27,1,2,1
44,1,4,0
36,3,1,1
35,0,1,0
31,1,1,0
40,2,1,0
37,0,3,0
36,2,1,0
34,1,0,1
30,6,2,1
42,3,2,0
34,0,2,0
54,2,2,1
42,0,0,0
40,3,1,0
39,1,3,0
25,2,2,0
38,1,1,2
39,4,1,1
35,3,1,0
43,3,0,0
43,1,2,0
29,0,1,0
40,7,1,0
41,0,0,0
38,3,4,0
28,4,3,0
49,2,2,0
43,2,0,0
32,0,4,0
40,1,0,0
28,0,5,0
41,3,0,0
44,0,0,1
33,2,6,0
40,1,1,0
27,7,2,2
29,0,4,0
42,0,3,0
29,2,7,1
31,1,7,1
24,1,5,0
38,0,1,0
39,3,0,0
32,2,0,0
49,2,1,0
45,2,1,0
56,4,0,1
38,0,1,1
30,1,2,0
32,3,3,0
26,4,1,2
31,3,1,0
38,1,0,0
35,0,2,0
39,2,1,1
34,1,0,0
39,2,0,0
28,4,3,3
42,2,1,0
43,3,0,0
35,0,7,0
32,1,2,0
29,1,3,0
32,0,3,0
47,1,0,0
41,3,1,0
27,1,2,0
31,0,9,0
34,1,1,1
35,0,0,0
38,1,1,0
35,2,1,1
29,4,1,0
34,3,2,0
40,3,0,0
38,1,0,1
37,7,1,1
35,2,0,0
51,2,0,0
37,1,0,0
47,0,2,0
45,0,2,0
48,2,2,0
26,8,8,0
38,4,1,0
35,1,1,0
25,4,5,2
42,1,0,0
32,3,0,0
19,1,2,0
40,3,3,1
32,1,9,0
40,2,1,1
37,1,3,1
38,2,2,0
48,2,1,0
46,0,1,0
37,1,1,0
30,2,5,0
34,1,2,0
38,1,2,0
47,1,0,0
34,1,0,0
33,2,1,0
22,1,1,1
38,2,0,0
29,0,1,1
35,1,1,0
36,1,0,0
31,0,3,0
29,0,0,0
36,2,1,0
36,1,3,0
42,0,0,0
34,2,1,0
33,2,0,0
39,1,0,1
40,3,0,0
37,2,0,0
34,1,1,0
30,1,0,0
27,3,0,0
16,3,1,0
27,7,2,1
45,1,2,1
26,0,0,0
29,0,1,0
41,1,0,0
32,1,2,1
34,2,2,0
29,2,2,0
39,1,6,0
30,0,1,0
38,2,5,1
32,1,0,0
28,5,3,2
28,1,0,0
29,0,3,0
40,3,1,0
46,1,0,1
36,1,1,0
35,1,4,0
44,2,3,1
39,2,0,1
31,4,0,0
40,1,0,0
38,1,0,0
54,0,0,0
34,2,4,0
37,2,2,0
35,1,0,0
40,3,1,0
38,2,5,1
38,3,0,1
29,0,4,0
37,3,3,0
29,4,1,1
48,0,3,0
36,1,2,0
30,1,1,0
39,2,1,1
22,1,1,0
31,1,0,0
28,1,0,0
31,4,1,0
36,12,1,1
29,2,1,1
34,2,0,0
43,1,0,0
40,1,2,0
28,0,0,0
51,2,0,0
39,0,1,0
38,2,4,0
39,1,2,0
41,2,2,1
33,2,1,0
42,1,0,0
42,4,1,0
45,8,0,0
30,3,1,1
32,0,2,1
22,6,0,0
31,13,0,1
22,5,4,1
40,2,1,0
35,0,1,0
36,4,2,0
48,3,1,0
32,1,3,0
43,2,0,1
38,2,0,0
32,1,3,0
37,3,1,0
35,1,1,0
35,3,2,0
28,3,2,0
30,7,2,1
32,4,3,0
35,2,1,1
32,13,0,0
30,1,0,0
26,1,3,1
32,2,6,0
39,0,6,2
34,2,2,1
36,1,0,0
32,1,1,0
35,2,0,0
42,0,0,1
29,9,1,2
44,2,0,0
39,4,3,1
31,1,0,1
26,3,1,0
29,1,0,0
34,1,1,0
34,2,0,0
42,0,1,0
46,0,3,0
41,3,0,0
31,0,2,0
38,2,1,0
33,1,8,0
31,2,4,0
45,2,4,1
32,1,2,0
36,1,0,0
33,2,2,0
37,1,0,2
37,1,4,1
40,3,1,0
28,3,0,0
42,2,2,0
29,2,0,0
37,5,1,0
38,3,1,0
34,1,3,0
30,0,1,0
33,2,2,0
44,1,2,0
45,2,1,0
42,6,0,0
47,1,1,0
34,1,1,0
46,1,0,0
43,2,0,0
36,0,2,1
35,2,0,0
39,3,0,0
31,7,0,0
33,2,2,0
32,2,4,1
38,3,1,0
38,2,1,0
39,4,5,1
38,2,2,0
37,3,1,0
49,2,2,0
40,3,1,1
41,0,1,0
28,7,3,0
27,5,2,1
38,3,1,0
40,0,5,2
34,2,0,1
30,0,1,0
32,3,3,0
33,1,2,0
19,2,7,0
29,2,1,0
40,1,2,2
34,2,0,0
33,0,1,0
47,1,4,1
38,1,1,0
40,8,0,1
47,1,2,0
35,0,0,0
47,1,1,0
30,2,2,0
36,6,0,0
32,12,3,1
36,1,0,0
34,2,4,1
39,3,1,1
40,2,2,0
31,2,0,0
33,2,3,0
32,0,1,0
41,1,1,0
34,1,7,0
30,4,4,0
30,3,1,0
36,7,1,2
33,0,6,1
37,3,2,0
33,2,1,0
26,9,0,0
36,1,1,1
35,0,0,0
39,2,2,1
36,3,1,0
29,1,0,0
39,1,2,1
34,2,2,0
26,5,4,2
38,2,2,1
41,5,3,0
32,2,1,0
32,2,2,0
32,1,0,0
35,0,0,1
45,2,2,0
22,2,6,0
40,1,1,0
41,3,4,0
30,2,0,0
33,1,0,0
36,0,0,0
47,2,1,1
33,1,2,0
34,8,0,1
27,0,0,0
48,4,1,0
36,3,2,0
34,1,4,0
36,3,0,1
33,2,3,0
41,1,2,0
41,0,3,0
31,0,1,0
41,1,1,0
35,6,1,0
38,0,1,1
41,4,2,0
36,1,1,0
31,10,1,2
38,1,1,0
39,3,1,0
37,1,0,0
40,0,5,0
36,0,0,0
38,0,0,1
34,1,3,1
45,1,0,0
39,5,0,1
34,1,4,2
39,2,0,0
31,2,4,2
37,0,1,0
31,0,1,0
35,0,2,0
38,2,1,0
36,0,6,1
41,6,4,0
43,4,0,0
33,2,0,0
27,1,4,0
40,3,2,0
32,2,3,0
24,2,4,0
43,0,2,0
31,5,1,0
37,0,3,1
36,4,1,1
36,0,2,0
45,3,1,0
29,0,1,1
27,1,1,1
26,2,0,0
42,1,4,1
33,4,0,0
35,3,2,0
40,1,2,0
35,3,2,0
33,1,0,0
37,0,6,0
39,5,0,0
24,0,1,0
34,1,1,0
31,8,1,0
43,1,4,0
40,1,0,0
34,1,0,0
27,7,3,0
38,2,2,0
35,0,4,1
48,0,0,0
40,0,1,1
37,3,1,1
15,8,0,0
36,0,0,1
32,1,8,0
25,0,1,0
34,0,2,1
40,1,0,0
31,3,1,1
37,0,3,1
36,2,0,1
38,2,2,0
31,7,1,0
41,1,3,0
41,0,1,0
35,1,6,0
32,0,5,1
37,1,3,0
43,1,1,1
31,4,0,0
40,1,3,0
34,0,0,0
37,2,1,0
32,1,7,1
30,1,0,0
34,0,2,0
36,1,1,0
33,1,6,0
40,2,1,0
48,3,1,0
30,2,1,0
41,4,3,0
31,4,0,2
46,1,1,0
39,0,1,0
45,0,0,0
41,1,1,0
48,1,0,0
39,2,1,1
39,1,2,0
35,1,2,1
32,1,9,0
29,4,0,0
37,1,1,0
26,0,2,0
46,3,1,0
37,4,0,0
25,5,4,0
39,5,3,0
33,1,3,1
36,4,0,0
38,1,3,0
20,5,2,0
40,3,0,0
32,3,1,0
37,1,3,0
41,0,3,0
39,0,0,0
40,0,1,0
31,1,2,0
27,0,4,0
51,2,3,0
30,1,5,1
25,9,1,1
24,3,5,2
42,0,0,0
38,4,0,1
31,2,2,0
30,7,0,0
40,2,2,0
42,2,0,0
34,2,2,0
39,1,3,0
38,1,1,0
29,4,2,1
47,0,1,0
40,1,0,0
35,2,0,1
39,3,1,0
23,1,3,0
43,1,1,0
26,0,1,0
41,0,3,0
43,2,1,0
32,3,2,0
26,1,0,1
37,1,1,0
36,2,0,0
28,3,1,0
47,5,1,0
30,3,1,1
31,3,3,0
52,0,0,0
36,1,0,0
36,3,0,0
30,10,0,1
33,8,2,0
43,4,3,0
33,0,1,0
33,3,6,2
33,2,2,0
37,3,1,0
36,1,6,0
34,7,3,0
30,1,6,0
23,10,1,0
28,1,3,0
32,6,0,0
38,2,0,0
24,6,5,1
28,1,2,0
45,3,4,0
47,1,0,0
31,1,0,0
28,3,2,0
46,0,0,0
33,1,2,0
30,8,3,1
42,1,2,0
32,2,3,0
38,1,0,0
37,4,0,0
24,3,0,1
31,3,0,0
38,8,1,1
36,3,2,0
42,0,2,0
32,1,2,0
42,3,1,1
30,2,1,0
35,0,0,0
43,0,1,0
38,4,0,0
34,10,0,1
30,1,0,1
34,1,0,0
27,0,2,0
34,8,0,0
40,1,0,1
39,2,0,1
39,2,1,1
43,1,0,0
44,0,4,0
29,0,7,0
39,4,0,0
39,1,8,1
35,2,4,1
34,1,3,0
50,4,1,0
25,3,3,3
42,2,0,0
47,1,0,0
33,2,0,0
33,7,1,1
30,7,1,0
34,1,11,0
22,3,1,0
28,6,3,1
42,1,1,0
34,1,3,1
47,5,1,0
38,2,0,0
34,1,2,0
32,6,1,0
30,1,0,0
37,1,2,0
36,1,1,0
43,2,2,0
38,1,3,0
42,2,5,1
42,4,7,0
39,0,1,0
33,1,0,1
40,2,1,0
34,2,5,1
21,2,4,0
35,6,0,0
32,0,2,1
34,1,2,0
32,3,6,0
47,1,0,1
48,3,6,0
45,1,0,0
40,3,3,2
31,1,1,0
40,2,1,1
40,0,4,1
44,2,1,0
44,3,1,0
36,2,2,0
39,5,8,1
30,0,3,0
44,3,0,0
32,0,3,0
38,1,0,0
44,1,5,0
24,1,3,1
27,2,0,0
30,0,4,1
36,4,0,0
41,1,1,0
33,8,1,2
27,2,2,0
31,0,2,0
31,1,3,0
46,1,0,0
26,4,1,1
47,1,1,0
32,1,2,0
29,0,6,2
36,6,1,0
44,0,2,0
35,0,0,0
31,3,5,0
40,1,0,0
46,1,1,1
45,2,2,0
39,2,1,1
50,2,5,0
27,9,2,0
34,2,1,0
37,2,1,0
35,2,1,0
37,1,2,0
34,2,0,2
42,2,2,0
23,9,3,0
33,2,1,0
31,16,1,1
29,2,4,0
44,0,1,0
38,0,2,0
40,9,1,0
35,1,1,0
35,1,0,0
34,2,4,0
43,0,3,0
22,1,10,1
34,2,0,0
38,4,0,1
36,6,10,0
30,2,6,0
57,1,1,0
41,1,2,0
41,3,2,0
29,0,2,0
28,2,5,0
36,0,0,0
40,0,0,0
33,1,3,0
48,2,4,0
47,0,2,0
28,1,2,0
30,2,1,0
47,2,0,0
47,1,1,0
37,4,2,1
31,2,0,0
25,1,0,0
30,0,1,0
31,1,2,1
37,2,1,1
31,1,4,0
27,2,0,0
38,1,1,0
38,1,0,0
30,1,2,0
26,9,1,0
30,3,0,0
32,6,0,0
42,1,1,0
37,1,1,0
42,0,4,1
28,2,7,1
49,1,0,0
38,1,1,1
25,1,4,0
39,6,0,0
31,1,0,1
42,0,4,0
34,2,0,1
37,1,0,0
45,2,0,0
39,1,2,0
36,0,2,0
30,2,3,1
28,11,2,2
42,0,3,0
32,1,5,0
27,6,0,1
35,2,0,2
29,3,1,0
34,1,2,0
29,3,2,0
31,1,0,0
37,0,2,1
36,0,2,0
36,0,2,0
43,2,1,0
49,1,0,0
31,1,0,0
45,3,1,0
43,1,3,0
29,1,3,1
31,2,1,0
30,0,1,0
23,7,4,2
35,2,0,0
31,3,0,0
42,1,0,0
33,2,0,0
29,2,0,0
44,1,1,0
41,1,0,0
38,1,0,0
36,0,13,0
37,0,4,0
23,5,0,0
38,2,1,0
40,0,0,0
34,4,2,0
36,2,0,1
19,11,1,1
37,3,1,1
26,1,2,1
39,0,0,1
38,1,1,0
32,2,0,0
30,1,1,0
31,2,3,0
41,2,0,0
31,8,0,0
32,3,0,0
49,2,0,0
35,1,6,0
35,2,1,0
35,3,0,1
37,9,1,2
30,2,1,1
38,7,0,1
37,0,2,2
33,0,7,1
37,1,0,0
38,2,0,1
48,1,3,0
32,5,6,4
25,1,0,0
28,0,5,1
33,3,1,0
30,3,5,1
38,2,4,1
36,0,3,0
49,0,0,0
41,4,2,0
41,1,4,0
33,3,2,0
33,9,0,0
30,6,2,1
24,6,0,2
31,1,1,1
35,1,6,0
35,0,2,1
27,3,1,1
38,0,2,0
26,8,0,2
40,3,3,0
46,1,1,1
35,2,3,0
35,4,3,0
39,2,2,0
36,1,2,0
25,1,3,0
42,0,3,1
37,1,0,0
33,1,3,1
37,3,1,0
36,3,1,0
30,2,1,0
33,1,2,0
36,0,3,1
34,2,1,0
41,2,1,0
38,2,1,0
37,0,1,0
41,1,0,0
50,2,5,0
37,1,1,0
24,4,6,0
39,4,1,0
38,4,1,0
33,0,2,0
46,2,1,2
32,2,1,1
46,1,1,1
44,1,1,0
28,3,0,1
36,2,0,1
36,1,4,0
47,8,1,0
47,1,1,0
42,1,1,0
28,3,1,0
44,1,1,0
40,1,1,0
26,0,0,0
38,0,3,1
30,0,1,0
34,2,1,0
31,0,1,0
39,2,1,0
40,1,2,0
30,3,2,0
40,2,1,0
29,2,0,0
31,0,1,0
36,1,2,0
26,3,4,1
38,2,1,0
46,1,2,0
22,7,0,0
31,0,1,0
34,1,0,0
37,3,1,0
27,4,3,0
34,2,0,0
36,2,1,0
38,2,0,0
34,2,0,0
30,3,5,0
30,9,1,1
34,1,0,0
34,0,1,0
29,0,1,0
32,4,1,1
30,2,4,0
40,2,1,0
41,3,3,0
42,7,2,0
24,1,1,0
32,0,1,0
26,2,2,2
33,0,2,0
33,2,6,0
40,6,1,0
47,3,1,1
24,1,3,0
43,1,6,0
30,1,0,1
34,9,1,0
45,2,2,0
40,1,1,0
55,1,1,1
42,3,2,0
29,1,8,0
45,1,1,0
43,2,4,0
42,2,1,0
22,9,0,0
30,0,2,0
37,1,2,0
37,2,1,0
33,0,1,0
23,0,1,0
41,1,0,0
44,1,5,0
31,3,3,1
39,0,1,0
47,3,3,0
32,0,1,0
32,0,1,0
42,1,1,0
41,2,1,0
33,1,2,0
38,2,8,3
27,1,0,0
24,15,1,0
32,3,0,0
40,1,0,0
49,0,4,0
40,0,0,0
37,0,1,0
54,1,1,0
34,1,0,0
38,0,2,0
43,0,1,0
57,1,0,0
48,1,0,0
26,0,3,0
36,1,3,1
44,1,3,0
34,1,2,0
41,1,2,0
37,5,2,0
32,5,1,1
28,9,1,0
44,5,0,2
40,0,4,0
38,1,1,0
39,1,0,0
34,4,2,1
36,1,3,0
37,1,1,0
22,5,7,1
36,4,4,0
34,4,6,2
34,1,0,0
35,1,2,2
36,2,1,1
37,1,1,0
42,2,0,0
45,2,2,0
34,5,0,0
51,2,0,0
38,1,1,0
32,11,0,1
33,3,1,0
36,0,1,0
35,2,5,0
28,11,2,0
32,1,2,0
37,1,6,1
31,1,1,1
22,0,4,1
27,1,3,0
35,2,5,1
43,2,0,0
37,0,0,0
30,2,2,2
35,3,3,0
37,0,1,0
35,9,0,0
41,2,4,1
26,3,0,0
32,1,0,0
35,8,1,0
33,3,3,0
41,0,3,0
43,1,0,0
25,0,1,0
31,0,0,0
41,3,2,0
38,1,1,1
35,1,0,0
33,1,1,0
30,7,1,0
47,0,1,0
33,0,1,0
39,1,8,2
41,4,1,1
42,3,1,0
42,0,1,0
31,0,7,0
31,2,2,0
25,0,1,0
36,4,1,1
40,0,2,0
35,0,8,2
44,0,2,0
31,1,1,0
28,0,3,0
32,2,3,0
29,7,0,0
45,0,2,0
44,3,0,0
24,9,2,2
29,8,1,0
37,2,1,0
34,4,0,2
28,1,2,0
43,4,1,1
27,0,1,0
38,1,5,1
41,0,0,0
41,0,1,0
30,1,2,0
39,2,0,0
39,1,10,1
44,3,1,0
34,4,6,1
29,3,2,0
50,1,1,0
37,2,2,0
35,6,1,2
38,2,6,0
44,1,2,1
40,3,0,0
28,8,2,1
29,8,0,0
26,0,7,0
36,2,1,0
34,1,2,0
33,3,3,0
36,2,3,0
36,1,1,0
42,1,2,0
54,0,3,1
22,0,5,0
29,1,2,0
34,5,1,1
36,1,2,0
37,1,0,0
35,1,1,0
37,2,0,0
47,0,4,0
51,4,1,0
33,1,2,0
43,1,2,0
29,3,3,0
40,5,2,0
41,0,1,0
26,3,5,2
37,0,2,1
29,1,4,3
20,3,5,0
51,0,1,0
37,0,2,0
40,1,2,0
43,2,2,0
27,3,0,0
25,5,3,3
40,1,0,0
37,0,1,0
45,2,0,1
36,3,6,0
39,0,0,0
31,5,8,3
35,1,2,0
42,2,2,0
39,0,0,0
42,2,0,1
36,2,0,0
44,2,3,0
36,4,0,0
36,3,0,1
39,0,0,1
29,9,0,1
44,1,1,0
52,0,2,0
28,1,1,1
30,2,0,0
34,3,1,0
28,4,1,0
30,2,0,1
31,5,1,3
36,2,1,1
34,2,1,0
45,0,3,0
35,1,0,0
42,1,2,0
30,1,1,0
37,2,2,0
39,2,1,0
35,4,1,0
29,3,3,0
35,0,0,0
35,0,0,0
33,1,1,1
39,0,4,2
30,0,3,0
35,2,0,0
42,3,2,0
29,6,2,0
33,4,1,0
47,1,2,0
31,1,0,0
45,2,0,0
41,2,0,1
41,4,2,0
42,3,1,0
37,0,1,0
47,2,1,1
41,4,0,0
41,2,1,0
28,1,1,0
43,2,2,0
40,2,0,0
39,3,2,0
35,4,0,0
43,0,1,0
44,1,2,0
29,1,5,0
37,1,10,0
36,1,2,0
39,0,1,2
44,3,0,0
35,2,1,0
28,1,3,0
51,2,1,0
39,2,2,1
31,1,4,0
31,2,3,0
38,2,0,0
44,0,0,0
36,4,1,0
36,3,3,0
40,1,4,0
36,1,5,0
39,1,1,0
40,0,9,2
38,0,1,0
34,0,4,1
43,0,2,0
28,3,1,0
44,1,1,0
36,0,1,0
36,5,1,0
35,0,0,0
47,4,0,0
35,2,1,0
35,1,1,0
39,2,0,0
36,3,2,0
29,3,2,2
27,1,1,0
34,2,0,0
40,1,2,0
32,1,1,0
37,0,1,0
38,1,0,0
44,0,0,0
47,2,0,0
37,0,0,0
24,1,1,0
50,1,4,1
40,1,2,0
27,1,3,0
39,1,1,0
33,1,0,0
30,1,3,0
51,2,2,0
29,10,2,0
34,1,6,0
30,0,0,0
27,0,1,0
39,0,4,1
40,1,0,0
41,0,6,0
42,3,3,0
28,1,0,0
48,1,2,0
27,2,1,0
35,3,2,0
47,1,1,0
39,0,2,0
37,1,6,0
43,2,1,0
35,1,4,0
25,1,3,0
25,0,3,0
42,1,3,0
41,1,0,0
35,0,0,0
24,1,1,0
42,1,2,0
33,2,0,0
36,1,1,0
37,3,2,2
26,5,3,6
29,1,0,0
32,1,0,0
30,2,6,0
40,1,0,0
27,1,1,0
45,0,1,0
40,0,1,1
34,1,1,1
54,0,1,0
39,1,6,0
33,2,1,0
37,1,1,0
28,5,1,1
34,0,1,0
33,0,2,0
40,0,4,1
30,0,2,0
42,2,1,0
28,6,1,0
37,3,1,0
49,4,3,1
34,3,3,0
28,1,0,1
32,1,3,1
33,1,2,0
40,1,3,0
28,10,0,0
36,2,4,0
36,0,0,0
28,3,0,0
35,3,1,0
36,0,2,0
31,1,4,0
42,2,0,0
28,7,2,0
35,4,0,2
44,0,0,0
40,1,2,0
38,2,2,0
27,0,0,0
34,2,4,0
31,1,3,0
35,1,5,1
32,3,0,0
36,5,1,0
41,1,3,0
33,4,0,0
29,0,2,0
37,2,2,0
34,0,4,0
44,2,1,2
43,2,1,0
42,3,1,0
27,3,1,0
35,1,5,0
24,5,2,0
33,3,1,0
34,3,0,0
32,2,1,0
37,5,1,0
54,0,0,0
27,2,0,0
25,8,0,0
31,1,0,0
33,2,1,0
35,0,6,0
29,0,0,0
45,3,0,0
40,1,0,0
23,8,0,0
38,1,4,0
30,2,10,0
43,2,0,0
37,0,0,0
32,1,1,0
51,1,1,0
31,1,5,2
27,0,4,1
41,0,2,0
41,1,0,0
30,14,1,2
37,1,1,0
34,3,3,0
36,1,2,0
32,5,1,2
31,1,2,0
40,1,0,0
28,0,1,1
42,1,5,0
26,3,0,0
39,0,3,0
31,3,2,1
42,1,1,0
42,0,1,0
36,1,1,1
30,2,3,0
37,4,1,0
46,3,1,1
39,1,2,0
33,4,1,0
25,9,0,2
33,1,3,0
36,2,0,0
44,4,0,0
48,1,1,0
37,1,0,0
49,1,3,0
40,1,0,0
37,0,1,1
39,0,2,0
50,1,1,0
38,1,1,0
41,2,6,1
50,1,0,0
33,1,4,1
31,5,1,1
33,2,0,0
21,11,0,1
33,3,7,0
40,10,1,1
35,2,0,0
38,1,0,0
46,0,3,2
29,5,4,0
26,3,5,0
27,0,2,0
31,6,1,0
39,5,2,0
28,2,8,0
41,3,0,0
31,5,1,1
35,6,0,0
39,2,1,0
31,2,3,0
24,5,2,0
36,4,2,0
45,1,0,0
29,9,5,0
29,0,2,0
39,1,2,0
38,2,0,0
47,0,1,0
34,4,4,0
31,3,0,0
38,1,3,1
35,6,0,1
51,2,1,0
32,0,4,0
38,3,3,0
44,5,0,2
37,1,0,1
39,1,1,0
35,1,4,0
24,3,2,0
40,3,0,0
29,1,3,0
34,0,1,0
40,2,3,1
44,2,0,0
35,5,0,1
28,0,1,0
29,1,3,0
43,1,2,1
34,3,1,0
34,0,1,0
35,0,1,0
39,1,1,0
35,1,1,0
38,0,0,0
35,1,2,0
37,0,2,0
33,1,2,0
36,9,0,0
38,1,1,0
45,3,1,0
46,4,2,0
36,0,4,0
34,3,4,0
38,2,2,0
27,8,1,0
24,0,0,0
23,2,1,0
36,1,0,0
36,2,1,0
40,2,1,0
33,4,4,0
38,3,1,0
36,1,1,0
34,3,7,1
42,1,8,1
35,0,2,0
40,1,2,0
27,1,2,0
30,3,1,0
39,0,2,0
43,0,0,0
39,2,2,0
36,1,1,0
23,1,5,0
42,0,1,1
35,1,2,0
32,0,0,0
40,2,1,0
43,1,2,0
34,12,3,0
28,1,9,0
47,1,3,0
43,1,6,1
36,1,4,1
38,0,1,0
42,0,2,0
43,2,1,0
32,1,0,0
32,0,0,0
35,1,1,0
38,2,0,0
42,3,4,0
40,1,2,0
41,0,4,0
56,2,3,0
35,2,0,0
47,1,1,0
28,4,2,1
34,2,2,2
28,3,1,0
36,1,0,0
26,0,2,1
35,1,4,0
42,1,2,0
50,1,1,1
34,0,6,0
34,3,2,0
34,1,5,0
42,1,1,0
39,0,6,2
35,3,0,0
45,1,0,0
30,1,2,0
36,0,1,0
29,10,1,2
36,0,5,0
37,1,0,0
35,5,1,0
43,1,1,1
26,1,3,1
42,1,1,0
37,3,1,0
25,8,6,2
32,2,2,0
34,3,0,0
32,2,1,0
42,1,0,0
37,0,1,0
41,2,5,0
25,1,0,0
52,0,1,0
44,3,1,0
42,2,3,0
31,4,0,1
42,0,1,0
52,2,1,0
33,1,1,0
38,3,2,0
37,0,1,0
37,1,1,1
28,2,0,0
46,0,0,0
44,2,0,0
35,2,1,1
44,0,4,0
38,0,1,1
39,1,1,0
26,0,1,0
47,3,2,0
43,0,3,0
22,0,3,1
32,1,4,1
36,4,0,1
36,1,1,0
30,0,2,0
29,1,1,0
56,2,1,0
31,2,1,0
28,1,0,0
34,1,2,0
42,4,1,0
33,1,0,0
33,1,0,0
43,1,4,0
41,0,3,0
44,0,0,1
44,2,1,1
45,4,0,0
35,1,7,0
23,2,1,1
46,5,1,0
28,1,5,0
28,1,1,0
39,3,0,0
47,1,2,0
37,0,3,0
36,2,3,0
22,3,1,0
42,1,3,0
43,5,3,1
29,1,6,1
29,3,2,1
40,2,3,0
48,1,0,0
28,1,0,0
45,2,1,0
39,1,2,1
31,1,4,0
38,4,1,0
50,2,0,0
38,1,0,0
33,2,0,0
46,3,1,0
21,3,2,0
44,3,1,0
29,1,1,0
44,1,2,0
30,0,2,0
31,1,2,0
47,0,0,0
40,1,6,0
29,0,4,0
41,0,0,0
50,2,4,1
32,7,1,1
35,4,1,0
27,2,0,0
48,1,0,0
45,1,0,0
35,6,0,1
31,1,0,0
40,2,2,0
44,4,1,0
49,4,2,0
49,3,1,0
36,8,1,0
28,2,1,0
31,11,0,0
41,9,0,0
32,1,1,0
36,3,2,0
35,2,0,0
41,1,1,0
37,3,0,0
40,1,3,0
50,4,0,1
38,2,3,1
33,3,6,0
34,2,4,1
30,1,2,0
33,13,1,0
31,0,0,0
47,2,2,0
45,3,0,1
36,0,6,0
41,3,2,1
43,1,4,0
23,9,2,0
27,16,2,1
32,1,2,1
30,0,1,0
45,2,1,0
28,4,2,0
29,0,3,0
28,0,1,0
49,4,1,0
41,1,2,1
42,0,1,0
35,1,0,0
39,2,4,0
39,2,0,0
40,3,0,0
40,1,0,0
26,1,3,0
36,1,1,0
36,7,0,0
34,2,0,0
33,5,3,1
39,2,1,0
41,1,3,0
44,4,0,0
32,2,1,1
39,2,0,0
37,1,2,0
41,0,1,1
36,1,0,0
29,1,1,1
36,0,6,0
38,0,0,0
24,2,5,0
42,2,1,0
42,1,3,0
33,1,5,2
34,2,0,0
40,2,0,0
36,2,0,0
38,1,3,0
41,3,1,0
31,2,3,0
32,2,5,1
35,1,3,0
52,2,0,0
38,0,2,1
35,2,2,1
47,8,0,0
35,1,0,1
44,1,3,0
25,9,1,0
47,2,3,0
26,3,1,0
32,2,4,0
41,0,2,0
35,0,2,1
44,0,4,1
35,1,1,0
24,8,4,6
39,3,0,0
33,6,1,0
40,8,0,1
25,1,6,1
30,3,6,0
32,0,5,1
31,0,4,1
25,0,7,1
48,4,2,0
39,1,0,0
33,6,3,3
30,1,2,0
41,1,1,0
35,5,1,0
22,6,2,3
34,6,0,0
32,1,0,1
51,0,2,1
33,2,1,0
32,1,2,0
30,3,2,0
40,1,2,1
42,1,0,0
37,2,3,0
32,1,4,1
32,0,2,0
26,1,3,1
38,0,3,0
36,3,1,1
32,7,1,0
27,0,0,0
23,7,5,3
28,2,2,0
40,1,1,0
27,8,0,0
35,1,5,0
32,7,0,1
32,1,2,0
27,2,0,0
27,11,1,1
40,0,0,1
39,0,1,0
29,1,2,0
45,1,1,0
41,1,0,0
29,1,2,1
29,2,4,0
31,2,1,0
27,3,1,1
40,1,0,0
36,1,0,0
45,2,2,0
43,0,0,0
29,7,8,3
34,1,3,0
28,0,3,0
32,8,0,0
42,4,1,0
34,1,3,0
35,0,2,0
35,11,0,0
39,3,0,0
34,1,5,0
38,1,4,0
35,0,1,1
36,9,0,0
28,1,1,2
25,4,0,0
30,2,1,0
37,3,2,0
41,0,2,1
43,0,5,1
23,1,2,1
36,3,1,0
31,1,0,0
33,0,5,0
36,3,1,0
31,2,1,0
41,2,0,0
34,1,1,0
44,3,0,0
33,0,2,0
35,0,1,0
35,0,2,0
33,2,0,0
40,0,0,0
36,0,1,2
51,1,1,0
51,2,1,0
44,1,2,0
28,3,0,0
42,1,1,1
31,2,0,0
20,4,1,0
37,1,3,0
36,2,1,0
28,4,0,0
39,7,0,0
46,4,1,0
36,2,1,0
47,1,1,0
34,3,1,0
41,2,1,0
26,18,0,1
35,3,2,0
37,4,0,0
45,3,1,0
46,3,1,0
45,1,0,0
36,0,4,0
43,0,2,0
35,11,1,0
30,1,4,1
42,2,0,0
32,3,2,0
31,3,0,0
44,1,1,0
35,1,3,0
25,1,6,0
46,2,3,0
41,1,3,0
32,2,1,2
43,3,0,0
49,1,1,0
33,2,0,0
43,4,3,1
39,0,1,0
35,8,1,2
36,1,1,0
39,9,0,0
38,7,1,0
38,5,3,0
20,6,6,1
38,2,0,0
22,2,0,0
34,0,0,0
37,0,0,0
37,3,5,0
34,1,5,0
30,1,5,0
38,3,1,0
28,2,1,0
45,2,1,0
38,3,0,1
46,1,1,0
31,1,7,1
46,0,3,0
32,7,4,1
41,3,2,0
38,0,1,0
42,0,1,0
41,1,2,0
29,1,5,2
35,2,0,0
26,0,1,2
29,3,1,0
42,1,5,0
43,1,0,0
35,2,2,1
30,3,0,1
34,2,2,0
36,0,1,0
26,13,0,0
35,1,0,0
38,1,1,0
39,2,3,0
36,1,0,0
43,0,3,0
36,0,1,0
31,1,4,1
39,1,2,1
23,1,1,0
28,1,0,0
40,4,1,0
47,1,2,0
31,2,3,0
31,0,0,0
43,3,0,1
35,1,0,1
38,1,1,1
43,0,3,0
40,1,1,0
35,2,0,1
37,0,10,1
35,2,3,0
39,2,4,0
23,4,1,1
36,1,7,0
36,1,3,0
39,1,2,0
24,12,6,0
36,1,1,0
36,3,1,1
49,1,2,0
33,3,3,2
41,2,0,0
37,0,0,0
34,0,0,0
22,2,0,0
29,2,1,0
35,4,1,0
30,0,0,1
42,2,2,0
22,7,0,0
43,2,1,1
33,3,7,0
29,3,1,0
39,2,1,0
39,1,5,0
36,6,1,0
27,4,6,2
41,0,3,0
36,0,0,0
29,1,0,0
42,1,1,0
28,2,1,0
41,3,1,0
42,2,0,0
38,3,1,0
32,2,1,0
37,1,3,0
24,2,2,0
42,3,1,0
28,6,1,2
42,6,0,2
37,4,3,0
45,4,4,0
40,3,1,0
43,2,0,0
24,4,1,0
35,6,2,1
42,3,3,0
38,1,0,0
40,0,1,0
29,1,6,0
39,0,1,0
31,3,0,0
40,0,2,0
21,11,0,0
41,5,1,0
41,0,1,0
41,2,2,0
31,2,9,1
30,1,0,0
40,2,6,1
9,9,0,1
28,1,2,0
33,3,2,4
29,2,2,0
45,3,1,0
37,0,1,0
33,0,1,0
37,3,0,0
25,1,2,0
50,3,1,0
32,1,3,0
36,4,0,0
37,3,0,0
37,1,1,0
30,0,0,0
36,0,1,1
46,1,5,0
31,0,0,1
35,1,1,0
27,1,4,0
33,3,0,0
45,1,3,0
36,1,2,0
29,4,2,1
31,0,3,0
34,1,2,0
30,4,0,0
44,0,1,0
38,2,0,0
38,1,0,0
38,1,0,0
38,2,0,0
29,5,2,0
31,0,1,0
29,1,0,0
45,1,3,0
26,2,0,0
36,0,3,1
37,1,1,0
32,1,3,0
45,0,3,0
41,2,0,1
46,2,2,0
38,2,0,0
44,1,0,1
33,1,10,0
35,1,0,0
43,2,0,0
32,3,2,0
27,11,1,0
32,3,1,0
34,0,6,0
37,0,2,0
32,2,1,0
40,1,1,0
34,3,0,0
30,2,2,0
39,0,0,0
29,2,1,0
47,0,4,0
29,8,1,3
38,0,2,0
40,1,1,0
34,1,1,0
37,4,2,0
49,0,1,0
45,4,3,0
33,6,1,0
37,3,0,0
32,4,0,1
35,1,1,0
48,4,1,0
43,0,6,1
48,4,0,0
38,0,1,0
28,2,4,0
38,1,1,2
38,3,0,0
33,1,5,1
33,2,2,1
39,2,1,0
38,1,1,0
50,0,2,0
54,2,0,1
37,3,1,0
37,1,0,0
34,0,2,0
38,2,3,0
44,2,2,0
37,3,0,0
37,0,1,0
42,0,0,0
33,8,1,2
39,2,2,0
41,1,2,0
32,3,5,1
28,4,0,0
31,1,3,0
26,0,3,1
37,1,1,0
35,2,2,0
39,1,0,0
35,1,1,0
37,2,1,0
31,0,1,0
32,6,3,0
37,1,0,0
37,1,6,0
31,0,1,0
31,1,0,1
35,1,0,0
28,3,1,0
46,0,3,0
29,6,2,0
44,1,2,0
37,2,0,0
41,1,2,0
36,2,2,0
43,1,5,0
31,3,0,0
30,5,2,0
42,1,2,2
37,2,1,0
37,2,0,0
38,1,3,0
31,3,3,0
39,7,4,0
37,3,1,0
43,3,1,0
39,1,0,0
39,0,4,0
41,4,0,0
42,4,1,0
35,1,0,0
43,1,0,0
26,3,4,1
31,2,2,1
27,6,4,1
32,1,2,0
46,3,4,0
34,2,1,0
35,1,7,1
36,2,1,0
26,5,0,0
29,0,0,0
33,1,2,0
31,2,4,0
29,9,0,0
39,0,2,0
36,3,3,0
42,3,5,0
42,3,0,0
37,1,6,0
35,3,0,0
38,1,1,0
38,2,0,0
36,1,1,0
38,2,1,0
33,1,1,0
49,2,3,0
37,0,1,0
38,1,3,0
25,0,0,0
22,7,1,0
33,0,3,1
37,2,2,0
35,1,1,0
33,1,0,0
37,1,1,0
29,3,0,0
46,5,1,1
37,1,1,0
35,2,3,0
46,2,0,1
40,2,1,0
29,3,0,0
46,1,1,0
32,2,0,0
26,0,1,0
32,1,0,0
37,1,1,1
40,0,3,0
29,0,0,1
33,2,2,1
37,0,1,0
31,0,0,0
32,0,3,0
42,1,0,0
33,4,0,3
36,1,2,1
26,10,0,1
40,2,3,0
42,0,1,0
26,0,0,0
39,1,1,0
33,10,0,1
27,2,2,0
40,1,0,0
34,2,2,0
32,3,0,0
39,1,0,0
36,1,3,0
36,6,3,2
29,1,1,0
48,1,2,0
39,1,1,0
41,0,3,0
38,1,4,0
38,1,3,0
38,1,1,1
35,1,1,1
35,1,1,0
33,2,0,0
34,2,1,0
45,1,0,0
43,1,4,0
28,1,5,0
51,1,1,0
36,1,4,1
39,2,1,0
29,1,2,0
31,0,0,1
43,0,0,0
44,3,0,1
24,3,2,2
31,3,0,0
37,10,2,0
45,4,1,0
32,0,1,0
42,3,2,0
35,2,1,0
47,2,2,0
31,9,5,0
23,5,5,0
32,2,0,1
31,4,0,0
36,0,3,0
36,0,2,0
39,1,0,1
32,2,2,0
36,0,0,0
44,1,0,0
26,1,6,1
30,1,5,0
33,2,2,0
26,2,2,0
36,1,1,0
31,7,0,0
41,1,1,0
33,0,1,0
42,1,0,0
24,2,5,2
33,0,0,0
31,1,0,0
42,4,0,0
29,3,1,1
30,0,2,0
45,1,9,0
43,2,1,0
45,4,5,1
41,1,0,0
32,1,2,0
37,1,0,0
37,8,1,0
29,12,2,0
33,3,0,0
30,1,3,0
32,2,2,0
35,1,3,1
38,3,0,0
33,3,1,0
41,2,1,1
30,2,4,0
48,1,1,0
35,3,5,1
49,3,1,0
41,1,1,0
41,0,0,0
41,1,1,1
42,2,1,0
24,0,1,1
45,0,0,0
38,1,1,0
38,1,1,1
29,1,6,0
36,7,0,1
31,2,3,0
31,1,1,0
31,1,7,0
39,1,1,0
35,1,4,1
35,5,3,1
30,0,0,0
45,2,1,0
52,2,0,0
44,2,0,0
38,3,0,1
38,1,2,0
37,1,1,0
36,1,4,0
39,0,2,0
36,7,1,0
32,0,2,0
50,4,0,0
44,2,1,0
28,2,0,0
33,1,1,0
51,3,1,0
34,0,8,0
29,4,0,0
44,3,1,0
24,0,1,0
35,3,3,0
45,1,2,0
30,0,3,0
43,1,0,0
36,2,1,1
35,2,2,0
36,1,0,0
22,2,3,0
41,0,1,0
38,2,0,0
31,1,1,0
38,9,0,1
36,4,2,3
43,2,2,0
35,2,2,1
40,0,0,0
40,0,0,0
33,2,1,0
34,2,5,0
38,1,2,0
34,3,4,0
29,2,1,0
29,3,0,0
32,0,4,0
41,1,0,0
42,2,6,0
46,7,0,0
41,2,3,0
27,2,2,0
40,0,7,1
29,2,6,1
43,4,0,0
27,1,4,0
31,0,2,1
25,7,1,1
24,2,1,0
35,2,1,0
31,0,0,0
28,1,0,0
31,0,1,0
29,5,2,2
42,0,1,0
34,2,2,0
43,0,7,0
28,0,1,0
42,3,2,1
28,8,0,1
32,0,2,0
30,12,0,1
41,1,0,0
39,0,0,0
25,10,1,0
28,5,0,0
49,2,0,0
27,5,3,0
42,1,1,0
36,6,0,0
37,1,0,0
35,4,1,0
31,0,2,0
36,5,4,0
33,0,4,0
41,1,1,0
39,0,0,0
30,2,0,0
34,1,5,1
39,1,0,0
29,0,4,0
42,3,1,0
44,1,1,0
35,2,1,0
39,6,2,1
35,1,5,0
30,11,3,3
35,9,1,0
43,1,7,2
39,0,2,0
48,0,2,0
42,1,3,0
38,0,1,0
33,3,0,1
33,3,5,2
39,0,3,0
31,4,1,0
33,1,2,0
23,5,4,2
26,9,4,0
31,0,2,1
29,8,1,0
35,2,0,0
52,1,2,0
33,20,3,1
44,0,2,0
32,2,5,1
50,0,4,1
30,3,1,0
29,8,0,3
40,2,0,0
38,0,5,0
37,0,0,0
24,18,0,2
47,1,1,0
43,3,1,0
37,0,1,0
33,0,1,0
39,0,0,0
38,1,3,1
37,3,2,0
27,2,9,0
39,2,0,0
27,2,0,1
44,1,1,0
49,1,1,0
29,2,0,0
36,1,1,0
25,0,4,0
31,3,2,0
38,2,4,2
32,0,4,0
41,1,5,0
41,1,4,0
35,3,2,0
38,1,5,0
31,2,0,0
40,1,1,0
31,1,0,1
35,0,6,1
35,0,2,0
35,1,1,0
34,3,1,0
41,1,2,0
28,1,2,1
19,6,2,0
44,4,0,0
28,1,1,0
41,4,0,0
34,0,1,0
37,3,3,0
33,1,2,0
40,1,2,0
37,2,1,1
38,2,2,0
48,1,3,0
33,0,0,0
30,1,0,0
43,0,5,0
39,1,1,0
39,0,1,0
41,1,1,0
35,0,1,0
33,5,2,0
42,3,3,0
30,1,0,0
41,4,0,0
43,5,0,0
30,3,0,0
33,1,0,1
39,4,1,0
37,0,1,0
47,1,0,0
30,2,3,0
40,10,0,0
44,1,0,1
38,2,3,0
36,3,2,0
36,4,1,0
40,0,2,0
37,1,3,0
28,0,0,0
40,1,1,0
37,2,2,0
37,3,0,0
45,0,1,1
41,3,1,0
30,0,3,2
37,4,1,0
36,1,1,0
26,2,2,0
31,0,1,0
25,2,0,1
41,2,1,1
32,0,1,0
41,1,0,0
27,10,3,0
28,6,8,2
29,3,1,0
35,0,2,0
40,4,2,0
46,2,0,0
28,5,3,1
41,0,4,0
38,1,0,0
44,1,0,0
40,9,3,1
33,3,5,2
30,1,4,1
43,5,0,0
33,8,7,2
36,2,0,0
37,2,2,1
32,4,2,1
36,0,2,0
38,3,2,0
26,2,3,3
33,2,3,0
47,0,0,0
26,2,0,0
36,0,3,1
34,3,1,0
39,1,2,0
36,1,3,2
40,3,1,0
40,3,4,1
39,0,0,0
30,8,0,1
38,2,3,1
35,2,0,0
33,11,2,1
34,1,0,0
32,0,2,0
31,1,3,0
37,0,1,0
34,3,2,0
36,5,2,0
42,1,0,0
33,0,0,1
35,1,4,1
31,1,1,0
40,0,1,0
35,1,1,1
44,2,0,0
36,2,3,0
41,2,3,0
39,3,4,0
46,2,5,1
39,1,7,1
36,1,1,0
38,2,2,0
32,1,1,0
40,5,0,0
35,0,3,0
26,1,6,0
38,0,1,0
27,2,2,0
39,2,0,0
35,2,0,0
29,5,1,0
32,0,3,0
35,0,0,0
32,2,1,0
31,0,0,0
27,2,6,0
36,0,1,0
32,1,0,0
32,2,0,0
41,3,2,0
40,1,4,0
28,2,0,0
44,2,3,0
32,0,2,0
22,0,4,1
30,6,0,0
36,3,4,0
29,4,1,0
49,3,0,0
23,2,7,0
26,3,7,0
36,1,5,0
18,13,1,1
43,2,2,0
38,0,2,0
41,2,0,0
34,0,4,0
30,1,2,0
28,7,0,1
38,0,1,1
34,2,0,0
36,1,1,0
26,0,5,0
38,3,1,0
47,0,3,0
29,0,6,2
33,1,3,0
30,2,2,0
41,4,0,0
33,3,0,0
38,4,0,0
35,0,7,0
43,2,0,0
45,1,4,0
24,2,2,1
34,0,11,1
40,5,3,2
34,1,2,0
37,3,0,0
40,4,2,0
37,9,1,0
33,1,3,0
32,2,0,0
40,0,3,0
44,0,1,1
31,2,0,0
30,7,0,3
38,1,2,0
31,1,0,0
36,1,1,0
34,1,0,0
39,2,1,0
44,2,1,0
36,0,1,1
33,2,5,0
27,5,1,1
27,0,0,0
45,0,3,0
38,2,2,1
40,0,1,0
43,1,0,0
42,0,2,0
34,6,2,1
37,0,4,0
38,1,1,0
36,1,2,0
34,1,1,1
34,1,3,0
35,0,1,0
48,1,0,0
32,2,3,1
32,2,2,0
38,1,7,0
38,1,3,0
43,2,0,0
33,4,1,0
43,2,1,0
34,2,2,0
43,0,1,0
32,2,0,0
40,1,2,0
35,9,0,0
33,0,1,2
39,1,1,0
38,4,1,0
28,3,3,0
39,3,1,0
34,1,4,0
28,0,4,1
41,3,1,0
39,3,2,3
26,1,0,0
36,0,1,0
33,1,3,0
36,1,1,0
30,2,5,1
35,2,7,1
28,4,0,0
30,1,4,0
35,2,6,0
44,0,5,1
42,1,3,0
40,1,1,0
37,1,2,1
30,1,3,1
39,2,1,1
51,3,0,0
30,1,2,0
39,1,0,0
32,1,0,0
35,1,1,0
29,2,1,0
39,1,3,0
36,3,0,0
33,1,0,0
33,3,2,0
39,1,1,2
45,3,1,0
39,2,0,0
36,1,1,0
38,2,0,0
46,0,0,0
42,3,0,0
40,1,2,0
26,7,0,0
31,4,7,0
46,1,0,0
40,1,0,0
39,0,4,0
34,1,2,0
28,7,3,1
47,2,2,0
33,8,0,1
42,4,3,0
27,5,2,1
41,3,1,0
37,5,1,0
40,1,0,0
39,1,3,0
31,2,4,0
38,0,1,0
26,0,2,0
42,3,2,0
30,1,0,0
41,1,1,0
45,2,2,0
32,2,0,0
37,7,0,3
33,2,3,0
29,1,1,0
32,2,6,1
37,2,3,0
39,0,0,0
27,1,3,0
30,4,0,1
39,6,1,0
44,2,0,0
32,4,0,0
38,1,0,1
30,2,0,0
31,0,7,0
32,5,1,3
35,3,1,0
45,2,6,0
35,0,1,0
46,1,0,0
42,3,1,0
35,2,1,0
36,3,0,1
39,1,1,0
26,1,3,0
43,1,1,0
46,1,4,0
30,1,1,0
46,4,3,0
41,4,1,0
39,2,1,0
32,1,0,0
39,0,5,0
36,17,0,0
41,0,0,0
37,1,1,0
34,1,0,0
33,2,1,0
32,3,1,0
27,3,4,1
30,1,0,0
36,3,4,0
35,3,1,0
34,3,1,0
42,1,2,0
43,1,1,0
38,0,3,0
39,1,2,0
42,3,2,0
35,2,0,1
40,1,4,0
41,3,1,0
40,1,1,0
30,7,0,0
33,4,1,0
32,8,5,2
29,1,0,0
45,1,0,0
39,2,4,0
34,2,1,0
37,1,2,0
48,1,0,3
40,4,2,2
34,0,1,0
42,2,9,2
36,5,5,0
39,1,2,0
37,3,1,0
32,2,1,0
30,6,0,2
40,3,0,0
36,1,3,0
16,7,0,0
29,3,3,0
33,1,0,0
30,1,0,0
27,1,0,0
34,0,2,0
37,2,5,0
34,6,1,0
35,10,1,0
42,1,0,0
36,2,4,1
35,2,2,0
34,3,0,0
43,4,6,0
40,2,3,0
46,1,2,0
30,0,2,0
38,2,1,0
43,1,4,0
26,5,5,3
26,7,4,2
35,1,0,0
30,11,3,0
41,5,1,0
37,1,3,0
35,1,3,0
45,3,3,1
42,0,1,1
38,0,0,0
24,2,5,0
33,0,1,0
32,1,0,0
27,12,0,0
41,1,0,0
30,6,1,1
23,11,1,3
32,3,0,0
37,5,0,0
33,2,4,0
37,0,4,0
25,7,5,0
42,1,0,0
43,1,2,0
35,2,1,0
24,0,3,0
39,3,0,0
40,0,8,1
35,2,1,0
36,2,0,0
43,2,1,0
36,3,1,0
40,1,0,0
33,6,2,0
25,2,7,0
37,5,1,0
30,0,4,0
39,2,0,0
28,1,0,1
33,8,3,1
40,4,0,0
34,0,0,0
30,2,1,0
31,4,4,2
27,2,2,1
40,2,1,0
39,3,0,0
27,8,6,1
23,3,2,0
34,1,7,0
29,2,2,1
25,8,4,1
23,6,2,4
40,2,0,1
43,4,2,0
25,8,2,1
37,1,5,0
39,2,1,0
37,3,1,0
42,1,1,0
33,0,1,0
26,8,0,0
29,3,0,1
30,0,1,0
34,2,0,0
29,2,0,0
36,1,0,0
36,3,4,1
32,0,1,1
37,3,1,0
36,1,5,0
39,2,4,0
30,2,4,0
33,1,0,0
29,0,0,0
39,2,2,0
40,3,3,0
34,0,2,0
51,0,1,1
29,3,0,0
36,2,0,0
39,2,0,0
45,0,0,0
43,0,1,0
32,9,1,0
30,8,1,0
33,1,1,0
54,0,0,0
52,1,1,0
27,6,1,0
34,1,2,0
39,2,3,0
41,0,1,0
37,2,0,0
34,4,2,0
32,1,2,0
41,2,4,0
36,3,0,0
42,1,1,0
38,0,3,1
35,2,3,0
29,0,11,1
41,2,2,0
35,0,0,0
44,1,6,1
31,1,1,0
40,2,1,0
27,3,1,0
31,2,1,0
33,1,1,0
42,2,1,0
35,0,6,1
40,7,4,0
37,0,2,0
38,1,2,1
34,1,1,0
39,1,0,0
33,3,0,0
37,0,2,0
38,0,1,0
29,2,4,0
36,0,1,0
25,1,2,0
33,2,1,0
39,2,2,0
34,1,6,1
39,0,1,0
33,0,2,0
29,0,3,0
41,0,3,0
35,0,1,1
35,1,2,1
37,2,1,0
32,1,5,1
35,0,2,0
36,0,0,0
32,0,3,0
37,0,1,0
30,2,0,0
50,2,0,0
37,1,0,0
39,1,1,0
36,1,6,0
25,0,2,0
41,3,1,0
36,2,0,0
29,1,1,0
40,1,2,0
34,2,1,0
30,0,1,0
42,3,2,0
34,1,3,0
41,1,2,0
44,1,1,0
33,0,0,0
42,0,0,0
35,1,1,1
25,9,3,2
42,1,1,0
32,0,1,0
33,1,2,0
39,1,7,1
46,1,1,0
39,1,2,0
38,9,1,1
28,2,0,0
43,1,0,0
41,1,1,0
38,2,1,0
39,4,1,0
42,2,1,0
47,0,3,0
40,1,1,0
24,6,0,1
26,10,1,0
32,1,10,0
30,2,2,0
40,0,1,0
33,2,1,0
27,7,0,1
40,0,1,0
35,1,2,1
37,1,0,0
40,4,3,1
31,6,1,0
36,6,4,0
26,0,6,1
35,0,6,0
30,0,1,0
33,3,2,1
34,3,1,0
30,1,3,2
34,0,3,0
40,0,6,0
35,1,3,0
32,2,1,0
38,1,1,1
27,1,1,0
36,1,2,0
32,2,3,0
39,2,3,1
48,6,2,0
36,1,2,2
34,1,1,0
26,0,0,0
50,2,0,0
40,12,1,1
36,3,0,0
40,3,0,0
32,0,1,0
31,0,2,0
22,9,1,1
33,2,4,1
38,1,0,0
32,2,0,0
31,5,2,3
32,7,3,1
34,1,3,1
33,4,4,1
37,0,1,0
36,1,3,1
35,0,0,0
31,1,1,0
35,1,2,0
32,5,0,0
36,2,1,0
26,2,2,0
43,1,4,0
38,1,1,0
26,1,2,0
35,1,0,0
44,5,3,0
31,3,3,0
39,1,1,0
27,0,3,1
36,4,5,0
33,8,2,1
40,14,3,0
22,7,1,1
37,2,0,0
31,0,6,0
43,0,0,1
40,1,3,0
26,6,0,1
26,1,1,0
37,2,1,0
49,0,3,0
43,1,2,0
40,2,0,0
42,2,1,0
34,3,2,0
35,2,0,0
41,0,1,0
39,2,0,0
42,1,0,0
36,5,1,0
47,0,0,1
38,2,1,0
35,0,1,0
35,2,0,0
25,1,0,0
35,0,0,0
40,0,3,1
49,1,1,0
28,1,4,0
40,1,4,1
42,1,3,0
42,0,6,0
34,0,1,0
24,2,2,0
26,8,2,0
32,2,7,0
32,2,2,0
29,0,1,0
30,4,1,0
39,3,1,0
34,1,0,1
41,4,1,0
37,2,0,1
40,1,1,1
33,2,0,2
40,4,1,0
32,1,0,1
35,0,1,0
33,2,1,0
35,2,1,0
37,0,1,0
28,0,2,0
45,1,1,0
36,2,3,0
42,2,3,0
36,0,1,0
49,1,0,1
26,3,0,0
48,3,0,0
48,3,1,0
44,1,2,0
37,4,1,0
29,3,2,0
39,1,0,0
37,1,1,0
38,1,1,0
37,7,0,0
35,1,2,0
32,2,3,0
44,4,1,0
29,2,7,0
37,2,0,1
47,1,2,0
40,1,3,0
35,3,9,0
28,2,0,0
35,1,4,0
35,1,0,0
39,3,1,0
30,4,4,0
36,0,1,1
35,0,2,0
37,1,1,0
31,1,0,0
43,0,0,0
35,1,2,0
34,4,0,0
39,1,4,1
42,0,1,0
39,0,5,0
29,2,0,1
36,2,1,0
31,1,1,1
27,1,6,1
37,1,1,0
43,2,2,0
40,1,1,0
32,0,1,0
32,5,1,1
29,0,4,0
43,0,3,0
32,1,5,0
29,0,1,0
32,3,1,0
36,1,2,0
37,0,1,0
45,1,0,0
48,0,1,0
38,0,1,0
37,0,1,0
36,0,3,0
35,2,2,0
33,0,0,0
42,0,1,0
29,2,3,0
31,0,1,1
27,2,2,0
33,2,6,0
41,1,0,0
32,0,0,0
33,1,8,0
39,3,0,0
42,1,0,0
39,0,2,0
33,2,4,0
31,1,3,0
32,3,2,0
37,1,0,0
33,2,1,0
44,3,0,0
37,0,2,0
44,3,3,0
29,1,0,0
35,3,0,0
35,2,1,0
32,1,11,0
35,0,4,1
38,1,4,0
38,2,0,0
31,2,0,0
41,1,3,0
43,0,2,1
33,8,3,1
44,1,0,0
37,5,4,0
48,3,3,0
40,1,0,0
49,2,0,0
41,2,0,0
30,0,4,1
47,3,8,0
25,2,1,0
23,0,4,4
38,0,2,0
25,1,2,0
31,1,0,0
28,1,4,0
30,2,1,0
29,1,2,0
30,1,0,0
33,2,1,0
39,1,3,0
31,2,0,0
39,1,5,0
28,2,1,0
30,0,0,0
30,1,0,1
30,1,0,1
39,1,2,0
39,2,4,0
47,2,1,0
32,2,5,0
30,11,1,0
40,2,4,0
42,0,0,0
43,0,0,1
31,0,1,0
44,1,3,0
35,0,0,0
34,0,0,0
35,5,5,0
42,1,2,0
37,2,4,1
34,7,1,0
31,0,2,0
42,0,4,0
36,5,0,1
42,0,0,1
32,4,1,0
39,2,1,0
36,2,2,0
45,0,1,0
33,0,0,0
50,3,0,0
21,3,4,0
35,0,0,0
33,4,8,1
35,7,0,1
30,3,0,1
33,1,1,0
33,0,1,0
54,1,2,0
43,0,1,0
40,5,2,1
44,3,0,0
27,2,4,0
46,2,1,0
37,1,0,0
35,2,4,0
46,1,1,2
37,6,3,0
41,2,2,0
29,1,1,0
37,2,0,0
28,2,1,0
35,2,0,0
32,1,0,0
28,9,1,0
37,0,3,0
35,2,0,0
35,0,1,0
36,8,0,1
38,1,0,1
47,3,1,1
41,0,0,0
31,1,2,1
26,2,1,0
43,4,2,0
36,7,0,0
43,0,2,0
32,2,2,0
43,0,2,0
35,1,0,0
30,3,7,0
26,2,6,0
49,1,2,0
35,3,2,0
30,0,1,0
39,2,1,0
42,4,0,0
39,1,0,0
39,4,2,0
36,6,2,0
38,2,4,0
46,0,1,0
41,1,3,1
29,6,3,2
38,0,1,0
32,2,3,0
38,2,0,0
39,0,7,0
48,2,1,0
42,2,1,0
43,1,0,0
27,12,0,0
38,2,2,0
40,3,2,0
36,2,0,0
36,1,6,0
47,2,0,0
43,1,1,0
30,2,1,0
30,3,1,0
18,0,3,2
26,2,4,1
42,1,0,0
35,0,2,0
40,3,1,1
30,3,1,1
41,0,1,0
32,2,0,0
36,3,0,0
45,1,6,0
31,2,6,0
38,2,1,0
27,11,3,0
30,1,0,0
37,1,1,0
38,1,1,0
44,0,2,0
29,3,6,1
53,2,1,0
34,2,0,0
35,1,0,0
46,0,3,0
37,1,2,0
33,2,2,0
37,1,1,0
42,1,2,0
53,1,0,0
27,10,1,0
37,2,2,0
45,0,1,0
33,1,3,0
32,1,1,0
37,3,1,0
29,2,1,0
45,0,1,0
41,1,3,1
41,2,8,0
44,1,0,0
40,2,0,1
37,1,0,0
30,1,0,0
41,2,0,0
36,1,3,0
23,3,3,0
38,2,0,0
31,2,1,1
25,5,0,1
44,0,1,0
32,0,1,0
35,2,1,0
28,4,1,1
31,1,2,0
39,2,6,1
29,2,1,0
43,1,0,0
31,2,4,0
44,0,0,0
36,1,0,0
37,1,1,0
42,2,1,1
38,0,2,2
28,1,3,0
33,2,1,0
34,1,0,0
38,0,2,0
38,4,1,0
37,2,2,0
40,1,0,0
33,1,2,0
42,0,1,1
40,2,1,0
38,1,5,0
40,5,1,1
44,2,0,0
35,1,1,0
36,0,2,0
34,0,2,0
25,0,3,0
31,18,0,0
36,0,3,0
32,3,1,0
44,1,0,0
33,0,0,0
28,7,0,1
29,0,1,1
27,3,1,0
29,1,0,0
35,0,0,0
36,1,2,0
39,4,1,0
35,0,1,0
35,2,1,0
35,2,0,0
40,0,0,1
29,0,4,0
24,4,1,0
37,1,0,0
35,1,0,0
30,0,1,0
34,1,1,1
35,5,0,1
29,4,1,0
33,3,4,0
39,1,2,0
40,2,1,0
44,2,0,0
27,1,3,0
46,1,0,0
33,2,4,0
40,4,2,1
41,0,3,0
27,1,3,1
35,2,2,0
44,1,2,0
44,1,0,0
26,2,5,1
27,1,1,1
32,3,4,2
24,4,3,1
49,0,2,0
39,3,1,0
38,4,1,0
42,7,0,0
36,5,2,1
46,2,3,0
40,0,0,0
25,9,4,0
27,2,2,0
30,0,0,0
41,3,1,0
28,1,2,0
44,2,0,0
44,6,0,0
41,3,1,0
42,1,0,1
28,3,4,1
35,1,6,1
37,7,1,0
32,2,0,0
30,2,0,0
27,17,1,0
36,1,0,1
33,1,0,0
39,0,2,0
33,2,1,0
23,2,5,0
31,4,2,0
36,2,0,0
37,1,1,0
34,3,1,0
44,5,3,0
45,2,1,1
40,0,1,0
30,1,4,1
36,3,2,0
42,4,2,0
35,2,2,0
36,0,0,1
38,1,1,0
46,3,1,0
46,0,5,0
35,1,1,0
41,1,3,0
34,3,1,1
36,2,4,0
39,2,0,0
33,1,0,0
38,1,1,0
34,5,2,0
35,2,0,0
34,8,0,0
40,1,4,0
37,5,5,1
35,0,0,0
41,1,0,0
43,0,2,0
21,7,1,3
32,0,0,0
42,1,3,1
33,1,2,0
28,2,5,0
38,4,1,0
41,1,2,0
36,1,6,0
29,4,0,0
29,8,3,0
36,5,2,0
34,3,3,1
39,0,3,0
34,0,4,1
34,2,1,0
46,3,1,0
33,1,0,0
37,2,3,0
28,2,2,0
34,8,9,0
38,1,0,0
46,0,0,0
30,1,1,0
42,2,1,0
41,3,0,0
43,3,1,0
32,1,4,1
28,0,1,0
38,0,1,0
43,1,1,0
42,2,1,0
41,2,3,0
31,1,0,0
36,1,4,1
34,0,0,0
44,1,2,0
32,6,1,1
43,1,1,0
35,2,0,0
39,1,6,0
30,0,0,0
37,1,0,0
27,3,1,0
38,0,1,0
29,0,5,1
29,3,1,0
35,2,2,0
43,1,2,0
38,1,0,0
30,1,1,0
40,3,9,0
48,1,1,0
38,6,3,1
37,1,3,0
40,1,0,0
41,1,0,0
32,2,1,0
40,1,3,0
41,0,6,0
39,1,2,0
35,1,3,0
36,1,0,0
41,3,1,3
48,0,0,0
42,0,0,1
43,2,1,0
29,0,2,0
38,2,4,1
40,0,9,0
29,5,2,1
45,0,1,0
33,3,5,1
33,2,2,0
41,1,0,0
39,0,4,0
26,5,1,0
39,0,1,0
32,1,2,0
28,0,6,2
33,4,2,0
35,0,6,0
41,1,2,0
42,0,1,0
37,0,2,0
44,1,1,1
38,0,1,0
41,1,3,0
40,1,3,0
42,1,2,0
37,1,1,1
38,3,1,2
43,3,4,0
37,2,0,0
42,2,2,0
35,1,1,0
41,1,3,0
33,2,1,0
34,0,2,0
42,2,2,0
40,0,1,0
41,2,3,0
42,3,4,1
31,3,1,0
36,0,1,0
34,3,2,4
55,0,0,0
37,2,0,0
45,2,1,0
33,1,0,0
47,1,2,0
34,0,1,0
56,2,2,0
29,1,0,0
44,2,1,1
26,1,2,0
27,6,4,4
29,6,2,0
43,1,0,0
30,0,2,0
35,3,1,1
33,10,0,0
30,1,5,0
39,5,2,0
34,0,1,1
43,4,0,0
32,2,1,0
31,3,2,0
44,4,1,0
46,2,2,0
40,2,1,0
30,3,2,0
44,3,0,0
35,3,1,0
37,2,2,0
40,2,0,0
20,10,2,0
37,0,3,0
37,3,4,1
41,2,0,0
42,3,0,0
44,1,2,0
38,3,1,0
54,4,2,1
36,1,0,0
34,4,2,0
48,5,1,0
43,0,1,0
34,1,0,0
45,0,0,0
30,0,0,0
54,3,0,0
35,2,4,0
31,2,7,0
38,2,0,0
27,2,2,0
44,2,2,0
35,3,1,0
28,0,1,0
24,7,1,1
28,4,3,1
35,3,1,0
40,2,2,0
53,1,3,0
32,2,0,0
31,2,2,0
39,2,0,1
35,0,7,1
43,2,3,0
40,2,1,0
37,1,2,0
36,2,0,0
48,0,3,1
20,1,5,0
37,6,0,0
41,0,2,1
33,3,0,0
34,3,1,0
34,3,4,0
39,1,0,0
34,4,0,1
28,7,2,1
46,0,2,0
44,2,0,0
33,3,1,0
34,1,4,0
34,0,4,0
34,8,4,3
33,0,1,0
38,0,0,1
20,0,6,0
41,0,4,0
37,2,1,0
35,0,0,0
39,1,0,0
40,1,3,0
41,1,1,0
38,1,2,0
49,0,2,0
26,6,0,0
40,0,3,0
33,0,4,1
53,4,0,1
41,1,2,0
27,1,3,2
35,0,2,0
38,7,0,1
30,1,0,1
41,0,1,0
54,1,2,0
31,2,3,1
39,0,1,0
37,5,5,3
38,3,0,0
35,5,0,0
25,10,1,1
35,0,2,0
29,1,1,0
29,8,1,0
30,2,0,0
38,2,1,0
31,2,2,0
38,3,2,0
38,0,1,0
36,0,2,0
33,0,1,0
37,1,8,0
32,0,6,1
37,1,0,0
47,1,2,0
31,2,0,0
44,1,1,0
40,0,1,1
33,1,1,0
29,2,0,1
34,4,0,0
36,0,6,1
31,0,1,0
31,0,0,0
42,1,0,0
31,2,0,0
33,7,0,0
44,0,1,0
39,8,1,0
35,4,9,1
37,1,0,0
40,2,1,0
34,8,1,1
30,5,0,1
44,2,1,0
32,1,0,0
37,2,1,0
32,4,2,3
35,1,6,1
45,1,1,1
33,0,3,0
32,15,2,2
48,2,0,0
27,1,4,0
40,3,3,0
39,2,2,0
46,5,2,0
33,2,0,0
33,5,4,0
28,9,1,0
28,1,1,0
35,0,0,0
27,6,1,0
36,3,2,0
38,1,1,0
40,0,3,1
44,4,2,0
39,2,0,0
33,2,2,0
44,0,5,0
36,6,1,1
30,1,1,0
42,1,2,1
37,0,1,0
34,2,3,0
30,4,1,3
35,2,3,0
29,0,0,0
37,0,0,0
38,1,0,0
30,1,1,0
44,1,0,0
49,0,1,0
47,0,4,0
32,0,1,0
42,5,1,2
31,1,1,1
39,0,0,0
36,1,2,0
34,0,1,0
32,2,0,0
39,3,2,0
28,1,0,0
46,0,5,0
40,1,3,0
29,6,2,2
31,0,3,0
37,1,2,0
39,1,8,0
42,1,2,0
38,2,0,0
34,3,1,0
30,2,7,0
45,1,2,1
29,5,3,2
37,1,0,0
37,1,2,0
36,2,2,1
35,2,1,1
38,4,1,0
51,2,0,1
36,8,1,0
47,2,1,0
28,0,6,0
42,0,1,0
31,5,1,0
36,8,1,0
37,0,2,0
37,1,0,0
33,2,0,0
30,1,0,0
54,2,3,0
42,4,2,0
37,4,1,1
31,3,1,1
17,9,0,0
38,6,1,0
47,1,1,1
37,0,3,0
33,5,1,0
34,10,2,1
42,0,8,0
44,1,1,0
45,3,1,1
35,1,2,0
43,2,2,0
49,1,1,0
42,2,1,0
34,8,7,2
44,2,0,2
41,2,2,0
39,5,1,0
35,1,1,0
20,5,6,0
32,2,2,0
33,1,1,0
28,2,2,0
29,2,3,0
34,2,2,0
43,3,0,0
43,1,0,0
28,5,2,2
39,0,1,1
48,1,3,0
29,7,3,1
31,0,1,0
31,2,1,0
30,1,1,0
42,0,2,0
41,1,1,0
53,2,1,0
32,0,0,0
40,2,2,0
51,2,0,0
28,1,5,0
29,7,2,2
37,2,0,1
41,1,0,0
33,0,2,1
33,2,1,0
41,0,2,0
41,3,1,0
31,1,3,0
31,1,1,0
36,1,2,0
46,2,1,0
45,1,10,2
34,1,8,1
34,2,2,0
33,0,1,0
31,3,1,1
44,1,3,0
37,0,3,1
34,3,0,0
36,1,1,0
19,4,4,3
33,1,6,1
25,7,0,1
30,3,0,1
40,6,1,1
44,1,1,0
39,2,0,0
26,1,0,0
28,0,1,0
32,2,3,0
48,1,2,0
33,0,0,0
28,2,2,0
34,4,2,0
27,0,1,1
48,0,2,0
38,1,1,0
29,0,2,1
33,1,1,0
29,2,1,1
28,3,5,1
33,3,0,1
35,1,2,0
44,0,1,0
35,2,0,0
29,4,1,0
31,2,1,0
38,1,0,0
35,11,3,1
34,1,1,1
52,3,0,0
55,2,1,0
39,1,1,0
31,3,1,1
31,1,0,0
30,4,1,0
36,2,1,0
47,1,2,0
34,9,3,2
33,1,2,1
38,2,1,0
32,1,4,1
25,4,5,0
28,3,1,0
32,0,0,0
34,3,0,0
38,0,1,3
31,8,1,1
33,1,3,1
32,0,2,0
36,2,1,1
34,4,3,0
35,3,5,0
27,1,0,0
33,0,2,1
27,1,3,0
30,8,1,1
31,9,0,0
37,4,1,0
41,1,1,0
45,1,2,0
28,3,0,0
34,2,5,0
37,2,2,1
34,0,0,1
35,2,1,1
23,1,3,0
30,4,6,0
43,1,0,0
45,1,2,0
37,2,1,0
45,1,0,0
41,4,0,0
40,4,0,0
28,2,4,0
39,1,7,0
42,2,1,0
32,0,2,0
59,2,1,0
33,4,0,0
43,0,2,0
39,2,3,0
41,1,6,0
30,1,5,0
27,2,4,2
24,2,1,0
27,1,0,0
47,4,2,0
37,6,1,0
34,2,1,0
25,7,1,2
39,0,1,1
44,1,1,0
37,2,2,0
41,2,1,1
47,0,1,0
38,0,1,0
32,0,0,0
41,1,2,0
37,1,1,0
32,0,6,0
38,2,1,0
45,1,0,0
32,1,4,0
25,2,2,3
39,3,4,1
32,2,2,1
34,3,2,0
30,3,1,0
32,2,2,2
25,2,0,0
47,1,3,0
41,0,1,0
42,1,6,0
32,3,3,0
29,2,5,1
42,3,1,0
37,3,2,0
35,0,1,0
36,3,0,1
31,5,1,0
44,2,2,1
34,2,1,0
46,1,0,0
45,1,1,2
46,1,1,0
46,3,1,0
33,0,0,0
39,6,0,1
40,0,0,0
25,2,0,0
39,1,0,0
42,0,0,0
37,2,5,2
40,0,1,0
36,0,5,0
39,0,0,0
30,2,0,1
38,1,3,0
42,2,3,1
38,0,1,0
40,1,2,0
27,7,0,0
50,1,3,0
32,2,3,1
47,2,6,1
39,1,0,0
23,1,1,0
33,1,0,0
41,4,2,0
24,4,6,0
47,1,1,0
28,1,3,0
32,6,0,1
28,1,3,0
35,7,1,1
40,3,0,0
36,6,0,1
43,0,1,0
27,0,2,2
28,1,3,1
42,1,0,0
31,1,0,0
41,5,2,0
45,1,0,0
36,8,4,0
37,10,1,0
35,4,1,0
40,1,0,0
47,1,1,1
27,2,1,0
38,2,1,0
48,1,1,0
35,3,1,0
25,3,0,1
45,0,1,0
51,1,0,0
26,5,0,0
29,2,1,0
32,0,0,0
22,2,1,0
30,8,3,2
36,2,0,0
27,4,0,0
35,3,2,1
42,2,2,0
28,1,1,0
37,1,1,0
39,1,1,0
31,1,6,1
37,5,1,1
35,3,0,0
30,5,2,0
38,1,2,0
26,2,1,0
45,0,2,0
37,0,5,0
29,4,2,0
35,3,3,1
41,0,1,0
42,2,1,0
32,2,1,0
33,4,4,1
33,12,0,0
34,1,4,1
36,2,1,0
42,2,0,0
36,4,0,1
38,1,0,1
44,2,0,0
31,10,2,1
38,0,1,0
44,1,2,0
27,7,0,0
30,8,3,2
41,3,1,0
39,1,1,0
36,2,2,0
40,2,1,0
30,3,7,1
37,1,3,0
37,1,3,1
32,2,2,0
40,0,2,0
35,2,3,2
28,4,0,0
35,1,5,1
40,0,2,0
46,0,2,0
39,0,3,1
32,4,6,1
39,1,4,0
37,1,1,0
40,1,2,0
31,3,0,0
26,0,1,0
40,0,1,0
39,1,1,0
40,1,2,0
25,5,0,0
50,0,1,0
31,6,0,0
37,6,1,0
38,1,1,0
46,0,2,0
37,1,1,0
29,2,0,0
25,14,0,0
30,4,0,0
40,6,1,0
37,4,1,0
27,10,1,1
55,2,1,1
44,1,6,0
27,5,2,1
31,0,1,0
40,0,3,1
42,2,2,0
35,1,0,0
30,2,0,0
34,1,2,0
29,5,3,1
31,0,2,0
31,0,4,1
38,1,0,0
39,0,3,0
37,1,0,0
32,0,3,0
42,3,1,0
30,1,0,0
35,7,4,0
31,0,2,0
29,1,1,0
51,2,0,0
32,0,1,0
42,1,1,2
43,1,2,0
20,1,1,0
38,0,7,0
35,8,0,0
33,1,8,1
25,1,1,0
40,2,0,0
45,0,0,0
35,2,1,1
43,2,1,0
33,1,2,0
29,1,1,0
28,6,2,0
40,2,2,2
42,2,1,0
31,2,0,1
35,0,1,0
32,0,4,1
43,1,1,0
37,1,2,0
32,3,3,0
38,2,0,0
36,1,3,1
41,6,0,1
39,3,1,0
35,1,3,1
24,0,6,0
43,0,0,0
40,1,4,0
33,0,6,0
39,1,0,0
23,1,2,0
45,1,3,0
32,6,2,1
26,7,0,2
35,0,0,0
39,8,1,0
27,0,3,0
34,1,5,0
33,4,3,0
46,1,3,0
38,2,0,0
41,1,0,0
43,3,3,0
46,6,0,1
35,2,2,0
37,1,2,0
35,1,6,1
33,3,4,0
32,2,5,2
30,2,0,0
42,3,3,0
47,0,0,1
36,1,2,0
31,1,1,0
41,0,2,1
35,0,1,2
36,3,2,0
42,2,4,0
37,3,2,0
28,1,0,1
34,2,4,0
26,4,4,2
32,2,0,0
32,5,1,0
21,0,1,0
27,2,1,1
45,4,3,0
30,8,0,0
38,4,4,1
37,3,2,1
40,1,2,0
36,0,2,0
39,0,2,1
37,1,3,0
39,1,2,0
42,1,1,0
40,0,2,1
35,1,10,2
32,4,1,0
35,0,3,0
33,1,2,0
40,0,1,0
25,2,5,0
36,1,1,0
40,1,0,1
39,0,0,0
32,1,3,0
38,0,0,0
47,1,3,0
43,1,0,0
39,2,5,0
46,2,5,0
45,0,1,0
46,1,2,0
35,1,1,1
39,1,1,0
27,6,1,0
34,7,0,0
31,6,0,0
40,2,0,0
40,3,2,0
41,12,0,0
33,4,1,2
46,3,2,0
42,3,0,0
35,2,0,1
32,3,1,0
37,2,2,0
37,4,0,0
33,0,3,0
36,2,1,0
34,5,2,0
48,3,0,0
30,0,1,2
36,2,0,0
28,2,1,0
32,2,4,0
39,0,2,0
23,9,0,1
34,2,3,0
40,2,1,0
28,7,4,0
43,3,1,0
41,2,0,0
36,0,1,0
37,4,1,0
38,1,2,0
28,0,4,0
37,2,1,0
39,2,1,0
32,2,2,1
36,3,0,0
43,1,2,1
39,1,5,0
38,1,0,0
41,1,2,0
26,1,2,0
41,0,0,0
18,6,3,1
25,9,0,1
26,1,1,0
41,3,1,0
36,1,0,0
48,0,0,0
27,0,4,1
34,3,2,0
23,5,0,0
31,8,1,1
42,2,0,0
39,1,0,0
34,1,0,0
32,0,6,0
31,3,1,3
34,2,1,0
32,0,3,0
31,3,2,0
33,5,3,2
37,1,1,1
35,2,0,0
38,1,1,1
40,2,0,0
42,4,2,0
38,2,0,0
32,1,1,0
38,10,0,1
20,2,0,0
32,0,3,0
36,1,6,0
34,5,1,0
36,0,4,1
54,3,1,0
43,3,0,0
49,0,1,0
28,3,4,0
39,1,0,0
50,2,1,0
26,4,3,2
24,9,1,0
35,0,6,0
37,0,1,0
36,1,2,0
37,3,1,0
39,3,1,0
41,2,1,0
32,0,1,0
36,0,0,2
52,3,7,0
31,8,1,0
45,0,1,0
36,2,1,0
32,0,1,0
35,0,2,1
27,8,2,1
29,3,3,2
33,2,3,0
31,0,5,0
22,7,1,0
32,1,4,1
44,3,0,0
32,1,1,0
36,5,1,0
40,0,6,0
45,1,1,0
24,3,1,0
44,3,0,0
37,3,1,0
42,3,1,0
28,1,1,0
32,1,1,0
35,1,2,0
42,1,1,0
43,1,1,0
36,2,1,0
44,1,4,1
45,0,2,0
31,2,4,0
34,2,1,0
38,0,1,0
40,0,1,0
44,5,3,0
34,1,4,0
43,2,0,0
34,5,6,0
45,4,1,0
33,3,0,0
36,0,3,0
41,1,2,0
29,0,7,0
46,1,0,0
30,2,3,0
29,2,1,0
33,0,1,0
45,1,1,0
47,0,4,0
34,9,0,0
29,2,2,0
33,1,4,2
26,0,0,0
35,4,0,0
27,2,4,0
33,0,0,2
34,1,1,0
33,3,2,0
30,2,0,0
45,1,1,0
44,0,0,0
26,1,3,0
34,2,1,1
31,0,4,1
31,0,2,0
39,2,0,0
32,4,2,2
38,3,3,0
29,1,3,0
27,2,2,0
42,0,3,0
41,5,5,1
40,1,0,0
35,0,1,0
31,10,7,2
40,3,0,0
33,0,1,0
32,0,3,0
47,0,0,0
43,1,1,0
31,0,0,1
33,1,2,0
28,1,2,0
44,1,1,0
35,1,1,0
39,3,0,0
33,4,1,0
40,1,0,0
40,1,2,1
37,3,2,0
40,1,2,0
33,0,3,0
22,5,5,2
30,2,4,0
45,1,1,1
32,0,1,0
30,3,1,0
43,0,1,0
34,0,3,0
50,1,1,0
31,1,0,0
45,1,0,0
27,8,0,0
20,3,1,1
56,1,3,0
37,1,5,2
33,2,4,0
37,5,1,0
41,2,3,0
45,2,0,0
43,2,1,0
44,1,2,0
40,1,1,0
35,2,1,0
40,2,1,0
38,1,2,1
27,1,4,0
44,2,2,1
41,2,2,0
29,0,6,1
38,1,2,0
38,1,0,0
26,1,10,1
36,1,1,0
19,4,0,0
50,2,1,0
42,8,1,0
34,0,1,0
35,1,2,0
41,2,2,0
25,2,0,0
41,1,3,0
32,1,1,1
31,2,4,0
29,9,0,0
19,9,1,0
42,2,0,1
43,3,1,0
37,0,0,0
38,0,0,0
42,2,2,0
26,2,3,1
27,2,0,0
26,1,3,0
31,2,1,1
26,2,2,0
36,9,3,1
31,2,0,1
29,0,2,0
31,1,0,1
30,2,0,0
18,9,0,1
37,0,2,1
35,1,0,0
31,4,3,1
39,1,4,0
45,0,1,0
30,0,2,0
47,4,1,0
33,0,1,0
38,0,11,0
37,2,1,0
29,1,1,1
52,4,1,0
36,2,0,0
39,1,1,0
39,0,2,0
36,1,2,0
40,2,0,2
47,0,4,0
39,1,0,0
42,0,1,0
37,1,1,0
45,1,2,0
38,1,2,0
29,7,1,3
36,1,1,0
26,0,2,0
32,4,2,0
42,1,1,0
33,0,8,0
26,5,1,0
47,4,0,0
26,8,1,0
30,1,3,1
41,2,3,0
45,1,0,0
36,2,0,0
33,1,0,0
35,3,0,0
33,0,0,0
25,1,0,0
41,1,1,0
40,1,1,0
38,1,2,0
41,0,2,0
36,2,0,0
21,2,2,0
49,3,1,0
36,0,9,1
24,1,0,0
43,2,1,1
31,1,3,0
54,1,0,0
37,1,3,1
31,3,1,0
39,2,0,0
28,2,2,0
51,0,1,1
41,1,1,0
42,3,5,1
27,1,2,0
31,2,0,1
32,1,5,1
33,4,3,0
47,4,1,0
37,0,1,0
38,1,2,1
37,3,1,0
35,0,4,0
39,1,1,0
31,2,2,0
42,1,2,0
38,2,1,1
47,1,0,2
32,0,0,0
44,2,0,0
37,2,0,0
31,4,2,0
27,3,0,0
27,0,3,1
36,1,2,0
36,3,0,0
32,2,5,1
44,2,0,0
45,5,3,0
33,2,2,0
42,2,0,0
56,0,0,0
35,1,3,0
43,3,0,0
39,0,1,0
43,3,1,0
39,0,1,0
34,3,1,0
32,3,1,0
41,6,2,0
36,0,2,0
38,1,1,0
44,3,3,0
51,2,1,0
42,4,2,1
43,2,0,0
38,1,2,2
34,3,2,0
35,2,1,0
27,3,1,0
30,0,1,0
37,1,1,0
33,12,2,2
29,2,1,0
46,2,2,0
27,0,2,0
38,7,1,0
22,13,0,3
39,1,1,0
36,6,2,0
33,1,0,0
31,0,0,0
36,1,3,0
36,0,1,0
36,3,5,1
34,3,0,0
41,0,4,0
43,1,5,0
39,0,4,0
37,4,1,0
34,10,2,0
38,2,0,1
42,0,5,0
31,4,1,0
25,9,0,0
35,3,2,0
38,2,1,0
51,3,3,0
43,2,0,0
42,0,3,0
27,3,5,0
36,4,1,0
32,3,0,0
34,4,0,0
31,9,1,0
28,6,1,3
44,0,4,0
44,1,3,0
32,4,5,3
35,2,1,0
42,0,4,1
41,1,6,0
33,2,1,0
31,1,0,0
36,7,0,0
42,0,0,1
46,3,2,0
31,4,1,0
32,1,2,1
28,4,1,4
30,4,4,0
37,2,3,0
35,1,0,0
33,0,4,0
39,1,6,2
38,1,3,0
37,1,1,0
25,0,1,0
43,2,1,1
50,2,2,0
50,1,1,0
43,1,2,0
25,1,1,0
34,0,0,1
34,0,4,0
21,2,6,2
34,2,2,1
47,2,3,0
35,1,0,0
29,5,5,0
34,4,0,3
34,1,0,0
29,3,6,2
41,1,1,0
42,1,3,0
27,8,1,0
27,0,4,0
36,4,1,0
26,0,2,1
25,1,4,0
35,0,3,0
28,0,4,0
31,4,0,0
32,5,2,0
42,0,5,2
38,2,0,0
26,6,1,1
28,7,0,0
43,2,2,0
27,1,1,1
34,0,1,0
41,0,0,1
32,2,3,0
38,0,5,0
23,8,0,0
34,6,2,1
48,0,1,0
32,1,0,0
34,1,8,0
38,4,1,1
40,1,3,1
39,0,3,0
36,0,0,1
42,0,2,1
35,4,2,0
53,3,0,0
38,2,0,0
41,2,0,1
41,6,4,0
32,1,1,1
29,7,2,1
41,0,1,0
33,2,1,0
22,11,0,3
36,0,3,0
32,1,5,0
36,0,1,0
37,2,2,0
44,0,0,0
39,2,1,1
42,2,2,0
36,2,0,0
32,2,4,1
33,0,0,0
33,2,6,0
28,1,1,1
39,1,1,0
39,0,0,0
40,3,3,0
47,1,2,0
41,1,1,0
26,6,0,0
43,0,0,0
32,1,1,0
30,1,0,0
28,2,0,0
28,4,1,0
34,1,6,0
31,1,0,0
32,0,0,0
43,3,4,1
30,1,3,1
39,0,0,1
34,6,0,1
38,1,1,0
24,4,0,0
34,2,1,0
34,0,1,0
37,2,2,1
34,1,1,0
39,7,1,2
37,1,1,0
38,3,0,0
25,8,3,2
37,2,1,1
34,2,0,0
39,2,0,0
52,1,5,0
50,0,2,0
27,11,0,0
37,0,9,0
21,5,1,0
25,3,0,0
37,3,3,0
36,1,1,1
35,0,0,0
39,0,2,0
36,0,2,0
37,3,1,0
35,1,4,0
42,0,2,0
40,1,0,0
29,3,4,2
43,2,1,0
39,0,1,0
36,0,0,0
32,2,2,1
45,0,3,0
37,2,0,0
32,4,8,2
42,6,0,0
29,0,1,0
40,1,1,0
34,4,0,2
21,4,3,1
42,3,1,1
27,2,5,0
44,1,1,0
29,1,1,0
32,0,0,0
45,1,2,3
33,2,1,0
45,3,0,1
32,2,0,0
41,0,2,0
51,2,3,1
36,2,0,0
27,1,0,0
36,0,2,0
24,2,6,0
26,5,0,0
46,1,2,0
35,2,1,0
30,7,4,4
29,1,1,0
31,4,0,0
39,0,6,0
51,1,1,0
27,2,2,0
35,2,6,0
37,0,2,1
31,6,3,2
42,1,0,0
31,0,1,0
39,2,3,0
34,2,3,0
54,3,0,0
43,2,1,0
33,1,2,0
41,1,1,0
45,1,1,0
36,3,1,0
36,1,2,0
30,0,2,0
20,3,0,0
31,1,5,0
44,1,1,0
35,2,0,0
32,1,3,0
38,1,5,0
42,1,2,0
37,0,2,0
28,0,1,0
35,0,1,1
36,2,1,0
46,1,2,0
36,1,0,0
34,1,1,0
33,1,0,0
42,0,0,0
42,1,2,0
29,0,0,1
38,3,3,0
38,3,0,0
49,2,1,0
52,0,1,0
41,1,1,0
45,0,1,0
43,0,0,1
33,2,4,0
41,1,0,0
44,2,3,0
24,0,3,0
32,15,1,1
34,2,1,0
31,2,0,0
42,0,2,0
41,0,0,0
31,0,0,0
27,1,5,0
35,0,2,0
33,6,2,0
40,1,3,1
41,3,1,0
33,1,0,0
35,1,1,0
35,0,0,0
37,1,1,0
32,1,5,0
27,0,1,0
36,2,7,1
29,3,1,1
48,0,2,0
39,1,0,0
32,1,1,0
39,2,3,0
30,3,4,1
44,1,0,0
30,4,0,1
24,2,2,0
30,1,1,0
33,2,1,0
33,2,2,0
42,4,2,0
33,4,1,0
45,1,0,0
29,3,0,0
43,2,0,0
29,2,2,0
38,0,2,0
37,2,0,0
48,2,7,0
41,2,1,0
40,2,0,0
45,3,6,0
35,2,2,0
29,7,2,0
40,1,1,0
38,1,1,0
44,2,1,0
41,0,1,1
36,2,1,0
39,1,1,0
36,3,1,1
39,1,4,2
32,2,1,0
34,5,2,1
37,2,4,0
33,1,2,0
37,2,1,0
39,9,2,0
42,0,0,0
29,5,0,0
42,0,3,0
41,0,1,0
30,8,4,2
27,5,1,1
31,3,2,0
46,0,2,0
45,0,2,0
38,1,5,0
26,1,1,0
23,0,1,0
45,1,2,1
33,0,2,0
38,1,0,1
35,1,0,0
36,5,1,0
33,1,6,0
39,5,1,0
23,6,2,0
42,3,0,0
40,2,1,0
27,1,2,0
35,0,0,0
45,4,2,0
35,1,3,0
28,0,1,0
35,1,1,0
39,2,0,0
42,3,0,0
45,3,1,0
20,3,3,1
41,1,4,0
42,0,3,2
31,3,1,0
38,2,7,1
40,4,0,0
34,0,5,0
37,2,0,0
33,2,5,0
31,2,0,0
41,2,2,1
42,3,3,0
42,1,5,0
28,1,0,0
43,1,1,0
45,2,0,0
40,1,1,0
40,1,1,0
37,2,2,0
40,1,2,0
40,2,1,1
40,1,2,0
36,3,1,0
42,1,1,0
25,3,3,0
33,3,3,0
42,0,4,1
34,4,2,0
45,2,4,0
31,0,1,0
39,2,1,0
39,2,1,0
33,0,1,0
34,0,0,0
37,0,2,1
31,0,0,1
44,2,2,0
38,3,4,0
36,2,2,0
45,1,0,0
50,0,1,0
37,3,2,0
38,0,1,0
32,5,2,0
38,4,0,0
32,6,1,0
33,2,3,0
30,9,2,3
24,3,1,1
38,0,2,0
34,2,1,0
37,0,3,0
33,0,0,1
38,5,1,0
35,5,1,0
51,0,1,0
38,2,2,0
24,10,2,2
30,2,0,0
33,3,3,0
44,0,6,0
33,3,2,0
31,1,0,0
34,1,2,0
34,1,0,0
33,1,2,0
44,2,1,0
33,1,2,0
34,0,1,0
42,0,1,1
32,0,6,2
44,1,3,0
40,9,0,1
38,3,0,1
31,3,4,0
34,2,2,0
39,2,0,0
38,13,0,0
37,0,1,0
32,4,2,0
36,0,1,0
32,0,5,1
40,4,4,1
45,2,1,0
38,0,1,0
38,1,3,0
34,1,9,0
41,1,1,0
37,2,2,0
32,10,2,2
48,1,1,0
29,2,2,0
36,7,2,0
33,0,1,0
39,0,6,1
36,1,1,2
43,2,1,0
36,2,0,1
40,1,1,0
28,0,3,2
39,1,0,0
44,0,1,0
31,0,2,0
30,2,1,0
38,0,1,0
37,7,0,0
37,1,2,0
32,3,4,0
41,2,2,0
37,7,1,0
41,0,5,1
36,0,0,0
24,0,5,2
34,0,4,0
31,0,2,1
48,1,0,0
36,1,2,0
36,1,1,0
33,1,4,0
30,2,3,1
32,2,0,0
27,0,1,0
36,2,0,0
38,1,0,0
28,1,2,0
20,8,1,1
40,1,1,0
37,1,1,0
39,1,1,0
32,0,7,0
41,2,2,0
22,5,1,0
37,3,4,2
35,1,0,0
35,2,3,0
34,3,2,0
53,0,1,0
27,1,8,0
35,1,0,0
40,3,1,0
30,1,2,0
35,0,3,0
30,13,2,0
40,2,1,0
34,0,0,0
31,1,1,0
38,3,1,0
42,3,1,0
44,0,0,1
29,3,3,3
36,2,1,0
36,1,1,0
47,3,2,0
45,2,0,0
35,0,6,0
32,3,1,0
27,1,1,0
52,0,3,0
35,2,1,0
43,3,0,0
33,1,9,0
40,0,0,0
43,2,0,0
34,8,0,2
31,7,0,3
33,1,2,1
34,1,4,0
35,3,1,0
28,12,0,0
34,1,0,0
33,1,3,0
36,8,2,2
39,1,8,1
38,0,0,0
33,2,2,0
48,0,1,0
37,3,0,0
37,2,1,0
43,0,1,0
26,4,0,0
37,5,2,0
33,2,7,1
38,1,0,0
34,1,4,0
29,0,1,0
28,0,0,0
34,2,3,0
33,1,1,0
27,1,4,0
29,11,0,2
43,1,2,0
35,1,2,0
30,1,3,0
25,1,1,0
27,6,3,1
40,2,0,1
39,4,0,0
34,1,7,1
32,1,0,0
42,3,0,0
36,4,2,1
28,1,2,0
29,0,4,0
55,1,1,0
35,6,0,0
45,1,1,0
30,3,0,0
37,0,0,1
40,2,2,1
32,5,0,0
39,2,1,0
34,1,3,0
46,1,1,0
37,1,0,0
32,2,0,0
45,0,1,0
37,1,2,1
30,5,4,0
31,2,1,0
40,1,3,0
31,2,0,1
44,2,0,0
33,4,1,0
31,4,0,0
34,0,3,0
38,1,8,0
37,1,1,0
39,2,0,0
29,7,1,0
30,3,6,0
41,0,1,2
31,0,1,0
25,8,3,2
22,0,3,0
24,1,3,0
37,1,5,0
36,1,1,0
37,2,2,0
38,2,0,0
35,2,2,0
35,0,8,0
43,0,0,0
46,1,0,0
38,8,1,0
34,5,0,0
33,5,0,1
46,0,2,0
43,3,2,0
36,1,4,0
37,1,0,0
28,2,2,1
27,2,2,0
42,0,0,0
34,0,1,1
28,1,4,1
35,2,4,0
34,1,0,0
31,2,3,1
24,5,2,1
38,1,2,0
52,2,1,0
33,0,3,1
41,1,6,1
35,1,3,0
37,3,2,0
42,0,1,0
30,2,0,1
38,2,4,0
27,4,0,0
40,0,1,0
29,1,2,0
32,2,3,0
50,2,0,0
38,2,0,0
34,3,5,0
36,5,1,0
40,2,2,0
29,0,10,0
32,0,4,2
36,0,2,0
40,0,3,0
36,2,1,0
38,3,0,1
26,2,4,0
29,0,2,0
29,1,5,0
37,3,2,0
41,0,5,0
45,2,0,0
34,1,1,0
42,0,5,0
38,2,1,0
35,2,3,0
37,2,0,1
34,1,2,0
30,1,3,0
36,2,4,0
47,5,0,2
24,0,1,1
37,1,1,0
31,1,4,1
37,2,1,0
46,1,1,0
39,0,2,1
41,2,0,0
33,3,1,0
36,0,1,0
29,0,2,0
37,2,2,0
42,0,4,0
48,5,0,0
27,1,3,0
30,0,3,0
28,8,0,1
33,2,2,0
49,2,1,0
43,0,2,0
37,3,1,1
37,5,1,2
35,0,2,0
36,10,0,0
36,0,2,0
25,8,1,0
27,0,3,1
48,3,0,0
39,0,0,0
40,1,0,1
49,0,1,0
29,2,0,2
44,2,2,0
37,1,1,0
38,5,1,0
31,10,3,0
37,4,1,1
49,1,2,1
42,0,3,3
25,0,1,0
32,0,2,0
50,0,1,0
31,3,4,0
41,3,0,0
39,1,1,0
32,1,1,0
33,3,5,0
35,3,1,0
30,0,6,0
18,1,6,1
24,1,2,0
33,0,2,1
28,4,0,0
35,3,4,0
35,1,2,0
27,1,1,0
28,2,1,0
37,2,0,0
30,3,0,0
40,2,4,0
40,3,2,0
42,3,0,0
36,1,0,0
36,11,1,0
30,7,5,0
29,0,8,2
46,0,2,0
28,2,1,0
43,2,1,0
25,3,4,2
40,3,2,0
21,15,1,2
40,2,0,0
30,3,3,2
44,0,0,1
40,0,1,0
38,0,5,0
38,2,1,0
23,13,1,2
25,2,2,0
40,1,1,2
33,2,2,0
38,0,0,0
40,0,1,0
40,1,3,0
44,2,0,1
32,0,2,0
35,1,0,0
33,2,1,1
37,1,1,0
36,1,2,0
37,2,1,0
35,1,1,0
29,2,3,0
29,1,1,0
30,2,2,0
50,1,0,1
32,5,1,1
37,0,2,0
27,3,3,0
29,0,1,0
39,9,7,0
39,0,7,0
29,2,1,0
33,2,6,0
35,1,0,0
39,3,1,0
36,0,3,1
25,9,7,3
38,1,1,1
27,8,1,0
45,1,1,0
31,2,4,0
25,8,2,2
44,1,2,0
31,1,3,1
43,1,1,0
40,2,2,0
33,0,5,0
50,3,0,0
38,1,1,0
24,6,3,2
51,3,2,0
32,2,0,0
34,2,3,1
35,1,1,0
35,3,1,0
35,3,0,2
38,4,0,0
27,0,2,0
39,1,3,0
38,1,2,1
35,1,1,0
31,3,1,0
32,2,0,0
35,3,1,0
45,1,3,0
48,0,1,1
40,1,1,0
36,1,0,0
32,2,1,0
36,2,2,0
35,1,0,0
33,1,3,0
40,3,9,0
32,1,0,0
34,1,0,0
31,4,0,2
36,2,0,0
36,0,2,0
23,10,2,0
44,0,1,0
28,1,1,0
39,1,4,0
21,3,1,0
39,1,1,0
34,0,1,0
35,7,0,0
23,2,0,0
37,2,2,0
38,2,2,0
48,2,0,0
35,2,0,1
38,2,0,0
44,2,1,0
42,2,0,0
29,3,5,0
42,3,1,0
42,0,3,0
23,11,0,2
29,1,1,1
45,4,3,0
50,1,2,0
37,1,6,2
33,4,0,0
35,0,2,1
44,2,2,0
38,2,1,0
29,9,0,1
29,0,8,0
45,2,1,0
42,2,2,1
39,1,6,0
34,0,5,0
43,2,1,0
55,3,0,0
27,4,1,1
36,0,2,0
43,4,3,0
41,0,1,0
45,1,2,1
51,1,3,1
36,2,3,0
42,2,4,1
48,2,0,1
35,0,1,0
35,0,8,1
39,3,2,0
31,1,0,0
38,0,2,0
41,3,0,0
31,1,3,0
37,3,1,1
36,0,1,0
45,1,0,0
40,2,1,0
47,2,0,0
29,5,3,0
33,0,2,0
37,2,2,0
41,2,1,0
44,1,3,0
55,0,0,0
47,0,1,0
34,3,2,0
42,4,2,0
49,1,2,0
30,1,0,0
32,4,2,0
42,2,1,1
28,12,0,0
36,2,2,0
30,1,0,0
42,4,0,0
29,4,9,0
30,0,1,0
40,2,3,1
26,2,0,1
40,1,0,0
36,0,0,0
33,1,1,1
48,0,0,0
31,1,1,0
38,2,1,0
30,0,1,0
29,0,0,0
39,2,2,0
35,0,1,0
27,3,0,0
33,1,1,0
29,0,0,0
28,13,2,0
38,0,2,0
36,0,2,1
30,1,1,0
27,3,1,0
32,3,0,0
40,0,0,0
42,1,1,0
35,0,1,0
31,0,7,0
56,3,0,0
35,0,1,0
37,3,0,0
26,3,5,0
40,0,1,0
34,1,0,0
43,0,2,0
39,2,3,0
37,5,0,0
37,2,5,1
52,0,1,0
38,1,4,1
40,1,2,0
41,2,3,0
38,1,0,0
33,0,3,0
34,2,1,0
43,3,7,1
41,1,0,0
35,0,0,0
31,2,1,0
39,0,1,0
24,6,5,1
42,4,1,0
41,0,1,0
32,0,2,0
25,2,1,0
43,2,0,0
37,3,2,0
32,1,1,0
33,3,1,0
31,0,1,0
38,0,0,0
29,2,1,0
24,5,1,1
35,1,3,0
37,1,2,0
37,1,1,0
39,1,4,0
30,1,1,0
40,1,0,0
31,2,1,0
31,1,6,0
40,2,1,1
42,1,3,0
26,0,0,0
46,2,3,1
39,2,1,0
48,0,0,0
46,1,1,0
44,4,1,0
32,1,0,0
34,10,1,0
45,2,0,0
39,3,0,0
45,2,0,0
34,0,1,0
35,3,0,0
38,0,2,0
30,2,1,0
44,0,5,1
35,1,1,0
37,0,1,0
24,10,3,0
47,5,7,2
30,3,1,1
33,0,2,0
29,1,0,0
26,0,2,1
30,8,2,1
32,1,1,0
26,3,0,0
36,1,1,0
35,3,0,1
30,1,3,0
35,1,3,0
35,7,0,0
34,1,0,0
45,1,2,0
33,8,1,3
36,13,3,0
35,1,1,0
35,1,3,0
41,0,2,0
43,2,1,0
53,1,3,1
29,1,1,1
39,1,2,0
38,0,1,1
30,0,1,0
36,2,1,0
32,1,0,0
39,3,0,0
33,1,3,0
32,1,4,0
30,12,0,1
39,3,1,0
35,1,1,1
44,0,1,1
44,12,0,0
30,1,0,0
47,3,1,0
31,2,1,0
28,11,0,0
26,10,3,1
38,2,1,0
49,0,2,0
41,0,6,1
45,0,1,1
32,0,2,0
36,2,1,0
40,0,1,0
30,2,5,0
36,0,1,0
43,2,1,0
42,2,0,0
37,0,2,1
28,4,0,0
27,5,2,0
35,7,1,0
42,1,1,0
36,2,0,0
48,0,1,0
50,1,2,0
40,2,2,0
47,1,1,1
31,0,3,0
37,6,2,0
51,3,1,1
36,1,1,0
32,1,0,0
46,3,1,1
32,18,0,1
31,2,2,0
37,0,0,0
33,0,1,0
41,1,3,0
39,0,1,0
34,3,1,0
29,3,0,0
30,5,2,1
27,1,1,1
42,1,1,0
32,1,1,0
32,2,0,1
29,1,6,1
39,1,0,0
26,4,0,1
39,2,7,0
47,2,4,0
32,1,3,0
33,6,2,0
38,1,3,1
46,1,0,0
37,3,0,1
24,1,1,0
32,1,4,0
47,1,1,0
38,0,2,0
39,0,1,0
30,1,0,0
46,12,0,1
31,1,1,0
28,10,2,0
43,1,5,0
34,4,1,0
44,1,1,1
32,1,3,0
44,1,3,1
28,12,3,0
28,0,3,0
34,1,3,0
38,3,1,0
34,2,4,0
41,1,1,0
33,1,3,0
34,0,0,0
36,2,1,0
33,6,2,3
21,6,5,1
30,1,3,1
39,1,1,1
32,3,9,0
36,4,3,0
30,2,4,0
32,0,2,0
55,1,0,0
32,3,3,0
48,3,1,0
29,1,6,0
33,0,0,0
30,0,3,0
39,2,1,0
37,1,1,0
35,0,1,0
27,4,6,2
36,5,4,0
40,1,1,0
47,1,1,0
35,3,2,0
37,1,1,0
33,1,2,0
41,2,0,0
35,3,2,0
33,0,3,1
28,4,0,0
40,1,2,0
45,0,1,0
52,0,0,0
41,0,0,0
38,4,2,0
36,1,3,1
35,2,0,1
36,0,1,1
38,0,4,0
49,1,0,0
44,0,4,0
39,1,0,1
40,4,0,0
46,1,1,0
44,2,0,0
36,2,0,0
28,1,2,0
46,0,1,0
36,0,3,0
37,0,1,2
39,0,4,0
41,2,3,0
29,1,7,0
34,0,1,0
38,0,2,0
40,0,0,0
21,0,2,0
46,1,1,0
39,1,0,0
43,2,0,1
37,0,4,0
42,3,0,0
36,3,2,1
33,1,2,0
36,0,0,1
29,2,2,1
31,2,1,0
34,0,4,0
40,3,2,0
33,4,3,1
32,2,1,0
35,2,2,0
33,1,1,0
31,1,0,1
33,3,2,0
40,0,0,0
44,1,1,1
34,3,0,0
34,0,2,1
36,0,1,0
37,3,0,0
39,1,0,1
49,2,2,0
37,5,1,0
41,2,3,0
30,0,2,0
40,1,3,0
29,3,2,1
34,0,3,0
31,0,0,0
45,2,2,0
22,1,6,1
28,4,2,0
50,0,1,0
51,0,3,0
32,0,1,0
41,2,2,1
31,0,2,0
44,2,3,0
43,4,0,1
37,4,1,0
30,0,0,1
42,2,2,0
25,0,3,0
34,1,4,0
39,2,2,0
37,0,1,0
39,1,1,0
42,1,2,0
35,0,1,1
46,0,1,1
45,8,0,0
36,2,1,0
31,2,0,0
34,0,1,1
22,7,4,2
32,5,0,1
41,1,0,0
29,1,1,0
35,1,1,0
33,1,3,1
37,4,1,0
41,4,1,0
44,1,4,1
38,8,0,1
29,2,4,0
33,4,2,0
38,0,0,0
42,0,3,0
34,1,3,2
31,2,3,0
37,2,7,0
37,0,1,1
26,2,6,0
30,2,1,1
30,1,2,0
30,1,2,0
43,3,1,0
28,0,7,0
34,2,0,0
39,1,1,0
35,1,1,0
40,1,1,0
28,13,2,2
44,0,1,0
36,3,1,0
47,0,4,0
45,2,0,0
44,1,3,0
25,1,7,0
40,3,2,0
37,9,1,2
33,1,4,1
43,2,1,0
23,1,3,0
30,2,1,0
37,2,0,1
45,7,0,0
37,2,2,0
32,4,0,0
40,0,2,0
34,1,2,0
49,2,1,0
43,0,1,0
34,0,1,0
32,2,1,0
39,1,0,0
34,2,3,0
31,1,1,0
37,0,2,1
31,5,0,0
40,3,1,1
32,1,2,0
28,0,2,0
39,0,2,0
45,0,6,0
39,0,0,0
44,2,3,0
37,2,5,1
38,1,4,1
36,1,1,0
35,1,2,0
38,0,2,2
33,2,1,1
37,1,3,0
51,0,0,1
37,0,2,0
36,1,2,0
34,1,1,1
30,3,2,0
38,0,5,1
38,3,1,0
26,17,2,2
33,1,1,0
37,0,1,0
21,1,0,0
50,0,1,0
35,3,8,0
27,2,1,0
39,2,0,0
37,1,2,0
46,2,6,1
39,2,1,0
39,5,3,1
35,3,7,2
40,1,4,0
35,2,0,0
43,0,3,0
37,0,1,0
47,1,1,0
30,2,3,0
43,1,0,0
41,1,2,1
44,5,0,0
37,6,4,0
31,2,0,0
39,1,1,0
37,0,1,0
38,1,0,0
29,2,1,0
38,3,0,0
40,0,1,0
37,1,3,0
40,4,0,0
27,2,2,1
36,1,2,1
33,0,2,2
32,3,1,0
35,1,1,0
44,1,0,0
50,3,2,0
35,2,0,0
36,2,1,0
31,10,0,0
39,2,0,0
38,0,1,0
34,5,6,0
31,1,9,2
30,0,2,0
25,6,0,0
35,1,2,0
38,1,1,0
30,2,2,1
41,1,4,1
30,2,3,0
42,3,2,0
36,1,2,0
38,0,0,1
34,5,3,1
42,2,4,0
40,2,0,0
35,5,1,0
37,1,3,0
41,2,4,1
32,0,0,0
26,3,2,0
31,5,0,1
36,2,0,1
43,2,2,0
29,2,3,0
37,2,5,1
34,5,0,0
31,4,2,0
32,1,1,0
23,3,4,0
36,4,2,0
33,0,3,0
35,1,1,0
38,1,1,0
42,4,0,0
41,1,0,0
36,0,1,0
32,4,0,0
49,4,0,1
39,0,1,0
36,1,0,0
41,4,0,0
42,1,1,0
33,0,0,0
32,4,0,0
39,2,0,0
34,2,1,0
32,4,0,0
40,0,0,0
35,1,3,0
36,2,0,0
39,2,2,0
30,4,0,0
41,3,1,0
45,0,1,0
42,3,1,0
39,1,1,0
35,2,0,0
41,1,1,0
45,1,2,0
41,1,3,0
33,0,0,0
44,2,5,0
32,6,3,1
30,0,0,0
48,1,0,0
32,0,3,1
38,3,1,0
47,0,0,0
52,1,0,0
23,5,4,1
34,1,1,0
34,0,3,0
39,0,3,0
41,0,2,0
38,0,3,0
37,1,0,1
38,4,4,1
38,5,1,0
40,3,2,1
44,0,1,1
36,2,1,0
33,2,1,0
30,3,1,0
38,6,0,0
41,2,1,1
35,1,0,0
43,2,3,0
51,1,1,0
38,0,0,0
37,3,1,0
37,0,3,0
47,1,1,0
57,0,1,1
39,1,0,0
24,7,0,0
37,1,0,1
30,0,0,1
34,2,1,0
30,1,3,0
40,1,0,0
36,1,1,0
41,2,2,0
38,1,0,0
42,3,4,0
38,2,0,0
37,3,0,0
37,4,4,0
30,1,2,1
35,1,3,0
36,2,0,0
37,1,5,1
35,7,0,0
37,3,1,0
31,10,1,0
36,0,1,0
36,0,5,1
41,5,6,2
33,0,3,0
39,0,0,0
41,2,2,1
36,1,2,0
41,0,1,0
35,3,3,0
24,2,7,0
19,6,2,0
32,1,5,0
33,3,1,0
40,1,0,0
38,3,4,1
34,1,3,0
42,1,1,0
36,1,1,0
36,3,6,0
37,2,5,1
32,2,1,0
24,1,2,1
38,0,4,0
26,2,0,0
30,0,2,0
44,1,0,0
30,0,0,0
37,0,0,0
44,3,1,0
38,1,9,0
43,3,0,0
45,2,0,0
49,1,0,0
39,0,1,1
26,6,0,0
46,0,2,0
42,0,3,1
41,2,2,0
33,2,2,0
40,5,0,1
21,0,1,0
43,0,0,0
26,1,9,0
32,1,1,0
30,7,0,0
37,2,3,1
22,2,4,0
43,3,1,0
41,0,0,0
28,1,0,0
40,4,0,0
41,3,0,0
43,0,0,0
39,4,1,0
36,0,0,1
33,2,10,0
46,2,1,0
36,1,1,1
35,1,5,0
34,1,1,0
34,1,1,0
30,1,2,0
39,0,1,0
22,4,4,4
40,1,0,0
36,2,1,1
36,1,0,0
41,3,0,0
27,0,0,1
43,5,0,0
34,4,2,0
42,3,1,0
38,0,1,0
40,3,0,0
24,2,1,2
28,4,3,2
27,2,2,0
47,4,1,1
42,0,1,0
35,0,4,0
30,1,1,0
34,2,0,0
39,1,3,0
38,1,0,0
42,1,9,0
42,0,0,0
43,1,3,0
28,1,1,0
27,14,0,0
30,2,0,0
47,0,2,0
30,0,3,0
23,5,2,0
47,1,0,0
48,1,2,0
41,2,0,0
37,1,2,0
36,1,2,0
38,0,1,0
37,0,1,0
33,2,1,0
48,1,3,0
39,2,1,0
34,2,7,1
29,4,1,0
24,2,2,0
33,2,1,0
44,0,0,0
35,3,2,0
31,2,3,0
41,5,0,0
40,1,5,0
35,2,0,1
46,0,1,1
38,1,1,0
31,0,1,0
40,2,2,0
44,3,2,0
29,11,1,1
36,1,0,0
38,1,2,0
42,0,2,1
32,3,7,0
40,0,0,0
29,1,1,0
24,2,1,0
32,2,2,1
47,1,0,0
34,0,2,0
34,8,2,2
43,1,2,1
34,0,0,0
32,1,2,1
41,4,0,1
33,4,4,0
29,1,1,1
38,0,1,0
31,1,3,0
34,4,0,0
29,0,2,0
34,0,1,0
23,10,4,1
45,3,1,0
29,2,2,0
41,4,2,0
35,2,3,0
37,2,3,0
32,1,2,0
27,1,5,0
33,2,0,0
40,0,1,0
36,1,1,0
31,1,1,0
52,1,0,0
37,0,4,1
49,2,1,1
38,2,2,1
22,7,1,1
35,3,2,0
42,4,2,0
37,2,11,0
47,0,2,0
42,2,1,0
35,2,0,0
43,0,0,0
37,0,2,0
30,1,2,0
30,3,1,1
36,2,2,2
41,1,1,0
38,3,4,0
37,1,1,0
34,3,3,2
40,1,1,0
38,2,1,0
27,5,1,0
31,4,2,0
36,1,1,0
39,1,4,1
28,0,0,0
35,1,0,0
42,4,2,0
47,1,2,0
34,0,0,0
34,1,1,0
30,2,1,0
49,3,1,0
39,2,0,0
31,3,3,0
40,1,0,0
29,9,2,0
51,1,2,1
27,10,0,0
29,2,1,1
33,1,1,0
39,2,1,0
34,1,1,0
39,2,2,0
47,3,0,0
41,5,3,0
37,6,2,1
27,3,1,1
46,1,0,0
34,1,2,1
39,1,1,0
50,0,0,0
24,2,0,0
28,0,4,0
21,11,0,0
29,1,1,0
37,1,4,4
33,2,1,0
29,1,1,0
36,1,1,1
41,0,3,0
36,1,4,1
39,1,0,0
45,0,0,0
30,0,3,1
39,0,1,0
32,2,1,0
42,1,2,0
40,2,1,0
28,0,5,0
25,7,0,0
36,3,1,0
24,0,1,0
31,7,2,3
50,2,1,0
38,1,2,0
27,9,1,0
42,1,0,0
48,3,1,0
44,0,2,0
47,2,0,0
48,4,4,0
37,2,3,0
38,3,4,0
40,3,3,0
43,3,3,1
26,5,6,2
41,3,1,1
28,3,2,1
37,3,4,1
44,2,1,0
39,2,1,0
41,1,1,0
40,1,5,0
36,1,0,0
49,0,3,0
28,5,4,0
29,8,1,0
42,1,2,1
33,1,0,0
43,1,0,0
42,1,1,0
27,5,10,0
31,6,1,2
32,7,3,1
41,2,1,0
41,2,3,0
34,2,1,0
29,0,3,0
34,1,1,0
34,1,3,1
40,1,0,0
49,0,1,0
35,4,0,0
40,0,0,1
44,2,0,0
38,1,0,0
42,1,0,0
33,8,0,1
46,2,3,0
32,0,2,0
39,11,6,0
33,3,2,0
37,1,2,0
36,4,2,1
33,1,0,0
37,2,0,0
34,1,1,0
43,1,0,0
38,1,1,1
44,9,2,1
37,8,0,0
28,2,2,0
42,0,0,0
29,1,2,0
35,2,1,0
38,1,6,0
33,13,2,1
23,4,2,0
31,1,0,0
43,1,0,0
26,2,1,0
33,1,2,0
22,4,2,0
35,2,2,0
32,0,1,0
39,3,2,0
37,4,0,2
28,0,0,0
33,1,0,0
41,1,0,0
44,0,0,0
49,0,3,0
45,1,3,0
27,0,2,1
44,1,2,0
40,0,0,0
26,0,0,0
34,1,6,0
39,3,1,0
34,1,0,1
33,2,1,2
22,3,4,2
33,0,1,1
46,0,2,0
26,0,4,1
48,0,0,0
38,2,1,0
31,1,1,1
31,0,5,2
36,1,0,0
44,2,1,0
32,11,0,1
32,0,2,0
38,2,1,0
34,0,0,0
31,4,2,0
37,1,2,0
25,4,1,0
33,3,2,0
21,18,0,1
31,3,2,0
29,2,6,0
44,2,0,0
40,0,0,0
29,0,0,0
44,0,0,0
29,1,0,0
46,3,2,0
42,0,0,0
26,0,2,1
41,3,0,0
34,3,1,0
40,0,4,1
38,1,3,0
41,0,0,0
42,3,0,0
29,9,1,1
38,0,2,0
31,2,1,1
41,1,4,0
33,1,1,0
44,0,1,0
33,1,1,0
38,1,3,1
43,3,3,1
35,1,0,0
35,1,3,0
37,0,2,1
37,7,0,0
42,2,2,1
36,1,3,0
39,6,1,0
35,2,1,1
31,1,1,1
32,7,0,2
29,0,1,0
42,1,3,0
36,2,2,0
50,3,0,0
28,2,0,0
29,0,0,0
36,3,2,0
43,1,0,0
31,6,0,0
36,1,1,1
47,2,1,0
27,3,2,0
34,1,0,0
42,3,0,0
43,1,2,1
34,3,1,0
42,1,1,0
31,1,0,0
31,0,1,0
33,1,2,0
37,1,1,0
21,9,1,0
38,3,1,1
29,0,4,0
28,1,1,0
28,4,6,1
41,1,1,0
40,4,0,0
34,1,2,0
43,1,3,0
38,1,1,0
41,3,1,0
35,2,0,0
34,2,2,0
33,2,0,0
46,2,1,0
32,3,5,0
33,5,0,0
29,0,3,1
38,1,2,0
28,10,1,1
32,9,1,1
21,1,2,1
30,2,0,0
34,4,4,1
30,2,1,0
35,0,3,1
27,1,3,0
36,1,2,0
35,0,0,0
29,3,0,0
44,0,0,0
28,8,1,1
25,6,4,1
32,1,5,0
28,0,6,1
38,0,0,0
22,5,3,1
40,1,2,0
37,0,0,0
36,1,1,0
33,4,3,0
37,0,5,0
33,0,0,0
29,0,2,2
37,3,1,0
30,8,1,0
29,3,4,0
20,10,0,0
48,3,1,0
39,1,1,0
31,2,4,0
39,7,3,1
33,2,0,0
55,1,0,0
32,7,0,0
43,3,1,0
37,2,2,1
23,7,2,1
45,4,1,0
33,2,1,0
38,9,2,1
45,1,1,0
37,1,0,0
36,0,1,0
24,2,1,1
32,6,0,0
20,6,0,0
47,1,3,1
44,0,0,1
32,0,0,1
35,1,3,0
40,2,2,0
29,6,0,0
31,1,3,0
40,0,3,1
34,0,5,2
39,6,0,0
39,2,1,0
35,2,1,1
30,0,1,0
34,0,2,1
39,0,3,0
40,2,3,0
35,0,0,0
32,0,2,0
32,1,2,3
35,1,0,0
45,2,4,0
34,7,2,2
38,2,1,1
27,3,0,0
36,2,4,0
45,1,0,0
36,4,6,0
33,2,2,0
50,2,0,0
34,2,1,1
24,1,2,1
40,3,4,0
34,0,2,0
26,0,1,0
33,0,1,3
41,1,3,0
37,2,1,0
33,2,2,0
38,2,1,0
29,12,0,1
31,0,3,0
34,9,0,0
28,3,1,0
43,4,0,0
43,2,1,0
49,5,0,1
44,0,0,0
29,0,2,0
38,0,6,0
35,0,1,0
38,1,2,0
31,1,0,0
47,2,2,0
42,0,1,2
43,3,0,0
40,4,2,0
36,2,7,1
29,1,7,0
43,1,2,0
36,0,5,0
42,1,0,0
37,1,5,1
47,1,3,0
31,0,2,1
36,2,3,0
38,1,1,0
35,2,1,0
41,2,2,0
40,2,2,0
27,0,5,1
33,2,1,0
39,3,0,0
42,0,2,0
39,1,1,1
41,3,1,0
48,0,1,0
42,2,2,0
29,3,1,0
40,2,2,0
26,0,2,0
39,2,0,0
44,1,2,0
35,1,0,0
27,1,4,0
24,2,1,0
40,1,8,0
41,0,7,0
33,1,3,1
26,4,1,2
25,2,0,0
44,1,1,0
32,6,0,0
36,0,3,2
35,0,1,1
51,2,2,0
35,1,6,2
35,0,2,0
26,2,2,1
40,0,1,0
32,0,4,0
44,1,2,0
34,4,0,1
40,0,3,0
35,2,1,1
39,2,1,1
33,1,3,0
33,5,3,0
31,5,1,0
42,1,0,0
34,3,1,0
40,3,1,0
44,1,3,0
33,0,4,1
29,4,3,1
37,1,3,0
22,2,1,1
42,0,4,1
39,1,2,0
27,0,5,0
28,12,1,0
41,0,1,1
35,0,1,0
42,0,1,1
39,1,1,0
34,2,1,0
35,1,4,0
32,2,0,0
35,0,0,0
26,1,0,1
38,8,1,2
29,1,3,1
47,4,3,0
31,4,0,0
30,2,4,0
44,1,1,0
32,2,1,0
35,0,0,0
47,1,2,0
38,0,1,0
40,1,5,0
51,0,2,0
33,0,1,0
40,0,0,0
50,1,0,0
30,1,0,0
37,0,1,0
42,2,1,1
44,1,3,0
42,2,1,0
32,2,3,0
38,1,0,0
38,0,0,0
41,1,1,0
38,0,1,0
38,1,1,0
39,0,1,1
35,1,1,0
37,3,1,0
27,0,1,0
38,1,0,0
42,2,6,0
38,0,1,0
33,3,3,0
38,1,1,1
21,3,2,0
24,2,1,1
31,0,1,0
31,1,3,2
38,3,0,0
37,1,1,0
35,3,1,0
31,0,2,0
34,0,0,0
48,1,2,1
39,1,2,0
43,0,0,0
25,1,1,0
30,3,1,0
36,1,2,0
40,0,2,0
39,3,10,0
36,2,7,0
29,1,4,1
35,2,0,0
32,0,3,0
50,2,0,0
31,3,1,0
40,1,1,0
28,4,1,0
47,3,2,1
34,8,1,0
39,0,2,0
40,4,0,0
37,2,1,0
28,2,2,2
23,4,1,0
47,0,0,0
41,0,1,0
27,0,3,0
27,1,0,0
47,9,0,0
43,3,5,0
40,2,3,0
36,2,0,0
39,0,2,1
47,0,1,0
46,0,5,1
33,1,3,0
23,16,1,0
36,2,0,0
44,1,5,1
35,3,2,1
32,1,3,0
37,1,1,0
30,7,2,0
40,0,2,0
36,0,0,1
40,1,4,1
33,3,1,0
31,5,2,1
28,1,1,0
27,3,0,0
29,11,3,0
21,8,4,2
36,3,2,0
36,0,0,1
29,5,2,1
28,4,5,0
27,3,2,0
38,1,2,0
39,0,2,0
27,0,0,0
37,2,0,1
36,1,0,0
37,0,6,0
38,1,0,0
38,0,0,1
34,1,2,0
35,0,4,2
37,2,0,0
29,1,3,0
37,3,1,1
37,0,1,0
22,0,6,0
24,0,8,0
27,0,0,0
47,1,0,0
48,1,1,0
31,2,1,0
34,0,0,1
30,3,0,0
43,3,2,1
44,1,3,0
32,4,1,1
35,1,4,0
29,9,0,3
28,1,2,0
42,2,0,1
29,1,0,0
38,11,4,1
47,2,0,0
32,1,0,0
36,2,0,0
30,1,0,0
36,2,0,1
43,1,1,0
23,1,1,0
42,1,2,1
31,0,7,0
37,0,1,0
41,4,1,0
34,2,1,0
34,4,0,0
40,0,1,0
45,2,0,0
30,0,4,0
27,5,4,0
27,13,0,0
28,2,0,0
36,1,3,0
37,0,0,0
51,3,2,1
20,7,2,0
33,2,8,0
26,7,1,2
46,0,0,0
42,1,1,0
39,0,5,0
30,2,0,0
38,3,2,1
40,0,1,1
38,3,0,0
34,0,3,0
37,3,2,0
30,4,1,0
44,2,1,0
32,3,5,2
29,12,3,3
29,1,0,0
46,1,2,0
42,4,2,0
31,0,9,0
32,1,1,0
35,1,0,0
30,1,0,0
31,9,0,0
33,1,2,0
39,2,0,0
37,2,1,0
33,3,1,0
39,0,1,1
37,3,4,0
37,4,1,0
33,1,1,0
35,3,0,0
38,3,0,0
29,2,0,0
34,3,2,0
33,2,2,0
37,2,1,0
38,1,0,1
27,0,5,0
29,5,3,0
32,4,0,0
41,4,0,1
38,2,1,0
35,2,2,0
35,0,1,0
24,5,0,0
30,0,5,0
33,2,0,0
43,0,4,0
35,4,0,0
45,1,2,0
32,2,4,0
42,2,0,0
42,3,2,1
36,2,1,0
34,1,5,0
29,5,0,0
35,0,2,0
39,4,2,0
34,0,2,0
34,4,1,1
35,1,5,0
44,2,2,1
40,1,0,1
36,3,2,0
35,11,0,0
39,0,3,0
38,2,0,0
30,1,0,1
35,6,2,3
43,1,2,0
36,2,1,0
35,2,1,0
36,3,1,1
30,1,0,0
27,1,2,0
47,1,0,0
40,1,1,0
32,1,2,0
26,1,1,1
37,2,1,2
38,2,1,0
19,1,4,0
31,4,1,0
34,3,3,0
31,3,1,0
35,2,0,1
44,1,2,0
44,4,0,1
30,1,1,0
41,4,3,0
28,2,2,0
39,1,4,0
34,0,3,0
27,2,1,0
27,2,4,0
47,2,4,0
50,3,0,0
40,4,1,0
50,1,1,0
48,3,0,1
35,1,2,0
45,0,3,0
31,0,1,0
32,2,3,0
27,2,1,0
39,3,4,0
28,6,0,1
35,1,1,0
43,2,0,0
40,0,4,1
40,1,1,0
37,1,5,0
37,2,1,0
52,0,1,0
49,3,2,0
32,0,8,0
30,3,1,0
41,0,2,0
31,0,0,0
43,1,6,1
30,1,3,0
41,3,2,0
40,1,3,1
42,3,1,0
36,0,0,0
32,2,5,2
38,4,2,0
26,2,1,1
48,0,0,0
40,2,0,0
34,1,0,0
43,2,1,0
45,1,0,1
31,0,5,0
36,2,8,0
39,0,1,0
40,0,0,0
31,8,0,0
37,0,0,0
36,1,2,2
36,12,0,0
34,2,1,0
31,0,4,0
44,0,3,0
29,1,1,0
34,2,6,0
29,2,0,0
33,0,0,0
28,4,2,0
45,3,2,0
39,2,1,0
32,2,1,1
30,1,1,0
30,11,0,0
45,1,1,0
26,4,9,2
22,0,2,0
28,8,3,3
35,2,0,0
38,4,0,1
37,3,5,1
33,3,2,0
39,0,1,0
32,1,8,0
28,1,3,0
22,2,6,0
29,1,6,0
37,0,0,0
34,0,4,0
42,0,2,0
40,1,3,0
31,1,4,2
34,0,0,0
39,2,0,0
43,0,0,0
36,0,0,0
35,0,4,0
33,2,1,0
35,1,2,0
36,0,3,0
43,0,2,0
25,1,0,0
36,2,1,0
53,1,0,0
30,0,3,0
44,1,2,0
49,1,6,1
30,1,1,0
36,3,1,0
35,1,2,0
37,3,0,0
43,1,0,0
32,5,3,2
32,2,1,0
43,3,0,0
29,4,1,0
27,3,3,0
45,2,1,0
39,2,1,0
37,3,1,0
42,2,5,0
29,1,5,1
41,2,1,1
45,1,1,0
31,1,1,1
33,3,2,0
42,1,5,0
31,2,0,0
37,13,2,2
35,0,0,0
36,3,1,1
30,0,0,0
37,2,3,1
30,3,1,0
36,4,0,0
42,0,5,0
33,0,4,0
33,1,3,0
41,5,2,0
40,3,2,0
38,2,0,0
33,1,4,1
36,3,2,0
48,4,0,0
38,0,11,0
32,12,2,0
27,1,6,0
35,8,1,1
43,3,0,0
41,1,1,0
33,1,0,0
29,1,2,0
30,2,1,0
40,1,1,0
44,1,0,0
32,1,4,0
38,2,0,0
40,2,0,0
42,0,1,0
37,1,1,0
35,1,1,0
41,3,0,0
30,4,2,1
26,1,5,1
42,1,1,0
24,4,8,2
40,2,0,0
39,0,2,0
38,0,2,0
32,2,1,0
36,1,3,0
41,0,1,0
31,7,2,1
33,2,0,0
39,4,2,0
30,2,0,0
38,0,5,0
42,2,0,1
39,0,2,0
39,1,2,0
22,1,5,1
41,0,1,0
35,2,1,0
34,1,1,0
47,4,1,0
35,1,5,0
39,1,2,0
27,1,0,0
38,0,3,0
41,1,0,0
35,0,1,0
30,1,1,0
42,1,0,0
37,2,0,0
40,1,4,0
31,7,0,0
35,1,2,0
35,3,0,1
34,1,1,0
30,3,4,0
26,4,2,0
44,2,2,0
42,1,0,0
27,0,7,1
49,0,0,0
35,4,2,1
42,0,2,0
34,1,7,0
36,1,2,0
36,3,2,0
33,1,2,0
40,3,0,0
23,2,0,0
40,0,1,0
35,2,0,0
31,11,0,0
41,2,2,0
36,2,1,0
41,0,1,0
39,1,1,0
29,0,0,0
40,0,0,0
35,1,1,0
27,1,2,0
34,3,7,0
35,1,1,0
30,7,1,0
32,2,2,1
33,2,2,0
42,0,2,0
32,1,1,1
38,2,3,0
36,9,3,1
38,1,7,1
30,3,0,0
35,4,0,0
36,1,1,0
36,0,0,0
35,7,0,0
36,0,2,0
46,3,1,0
33,5,1,0
33,0,0,0
34,2,2,0
24,2,0,0
34,1,3,0
36,1,0,0
38,4,4,0
38,2,2,0
39,0,1,0
36,3,2,1
41,6,2,1
41,1,2,0
33,0,0,0
37,2,3,1
34,5,0,1
37,1,1,0
36,1,2,0
43,2,0,0
35,1,1,0
40,2,1,0
37,3,2,2
49,1,0,1
38,2,4,1
30,0,6,0
35,2,6,1
37,0,0,0
31,0,2,2
32,5,0,2
36,1,1,0
28,1,0,0
30,6,1,0
40,2,3,0
42,2,2,0
27,4,2,0
42,4,1,0
49,0,1,0
37,0,1,0
33,2,2,0
32,2,2,0
36,2,2,1
19,4,3,0
28,0,1,1
33,1,0,0
33,3,0,1
33,3,3,0
36,1,0,0
29,0,2,0
33,0,3,0
38,0,0,0
32,0,0,0
40,3,2,0
39,2,7,1
32,1,2,1
34,1,0,0
33,1,0,0
50,2,1,0
42,3,1,0
45,2,0,0
30,4,0,0
40,0,6,1
27,0,3,0
29,1,1,0
32,1,1,0
35,4,2,1
43,10,0,2
41,6,1,1
37,0,0,0
22,2,2,0
43,1,0,0
35,2,0,0
27,7,2,3
41,1,6,0
29,8,7,2
43,1,1,0
25,8,1,0
36,3,2,0
27,3,0,0
42,1,3,1
33,1,0,0
40,3,1,0
35,1,3,0
42,1,0,0
34,0,3,0
39,0,1,0
37,2,1,0
43,2,1,0
34,2,3,0
36,0,0,1
24,0,0,0
42,9,0,0
42,1,2,0
37,0,1,0
48,1,2,0
36,2,4,0
30,5,1,0
24,7,0,1
32,0,6,0
45,0,4,0
36,0,1,0
31,0,3,0
42,2,1,0
39,1,0,0
24,2,1,0
37,3,5,1
39,7,0,0
37,2,0,1
37,2,1,0
33,1,1,0
30,6,1,0
37,2,1,0
34,4,0,0
30,2,2,0
44,5,1,1
37,2,2,1
38,1,8,0
26,2,1,0
41,2,1,0
37,1,1,0
38,2,3,0
34,1,0,0
30,0,1,0
41,2,1,0
37,0,4,0
40,2,1,0
31,1,7,1
35,1,2,0
33,1,2,0
38,0,5,1
38,0,0,0
40,1,2,0
39,0,1,0
41,1,0,0
37,2,1,0
33,1,1,0
30,2,0,0
39,3,1,0
35,1,0,0
42,0,1,0
34,0,1,0
45,4,1,0
31,1,2,0
31,9,0,1
36,3,2,0
42,9,1,1
47,2,1,0
39,1,2,0
37,3,0,0
24,0,0,0
38,1,1,0
25,0,5,0
26,1,2,0
35,1,0,0
45,0,2,1
41,2,0,0
26,1,3,1
26,7,2,0
33,2,0,1
47,0,1,1
37,3,0,0
39,1,0,0
36,1,1,0
31,7,2,3
31,10,1,2
27,0,2,0
45,3,1,0
37,3,2,1
42,3,1,0
42,8,0,0
20,3,5,1
35,2,0,0
44,2,5,1
42,2,2,0
35,4,4,0
35,2,1,0
39,9,0,1
36,1,1,0
45,1,1,1
32,1,1,0
35,1,0,0
29,1,5,0
46,1,2,0
45,2,2,0
29,8,1,1
38,3,6,1
33,1,4,0
38,4,2,0
41,6,0,0
43,1,1,1
37,0,2,0
33,0,2,1
34,4,1,0
33,2,0,0
39,1,6,0
41,0,2,0
40,2,11,0
25,6,1,1
37,1,2,1
32,2,2,1
47,0,1,0
39,0,2,1
38,2,4,0
39,1,2,2
29,7,2,3
44,2,2,1
33,0,0,1
31,1,4,1
38,3,0,0
43,3,1,0
22,1,7,1
32,1,5,0
35,1,2,0
31,0,4,0
49,2,0,0
38,1,0,0
49,0,1,1
42,0,0,0
36,2,1,0
35,5,0,0
34,1,2,0
43,1,4,0
34,1,1,0
39,0,0,0
40,1,1,0
35,2,2,0
35,2,2,0
37,0,4,1
43,0,0,0
38,12,5,2
33,2,2,2
41,0,0,0
38,0,2,0
41,1,0,0
31,2,3,0
25,0,6,0
25,0,0,0
42,1,1,0
42,1,0,0
40,4,2,0
43,3,0,0
37,1,2,0
45,0,3,0
42,1,1,0
28,2,0,0
36,3,0,0
32,0,2,0
44,5,1,0
32,2,1,1
37,1,0,0
34,0,3,0
34,0,7,0
32,4,1,0
42,1,2,0
34,1,1,0
40,0,1,0
27,3,2,2
29,2,1,1
29,2,4,0
38,2,0,0
25,1,3,0
47,2,1,0
35,0,2,0
28,1,0,0
34,2,0,0
24,8,4,1
39,0,3,0
42,5,2,1
29,0,2,0
40,4,0,0
27,10,1,2
38,1,1,0
37,2,0,0
53,2,1,0
44,0,0,0
38,0,3,0
49,2,0,0
31,2,0,1
33,1,0,0
41,0,1,0
21,2,3,1
29,1,4,1
39,0,0,0
39,0,2,1
38,1,1,0
34,2,2,0
31,1,1,0
35,1,1,0
39,1,1,0
31,3,4,1
33,0,5,0
42,0,0,0
33,4,0,2
51,3,2,0
35,0,1,0
39,2,1,0
39,3,1,0
27,7,1,1
38,3,2,0
25,1,3,0
32,2,3,0
33,1,3,0
50,2,2,0
25,1,1,0
38,2,0,0
23,7,1,0
20,3,1,0
38,5,4,0
21,18,1,1
35,4,0,0
46,1,3,1
31,12,0,0
41,2,0,1
37,2,2,0
38,4,1,2
44,1,1,0
29,0,5,0
45,2,5,0
31,3,3,1
45,0,2,0
18,8,4,3
42,1,1,0
33,2,1,0
42,0,1,1
38,3,4,1
24,8,4,0
49,0,1,0
32,0,1,0
40,2,1,1
36,0,1,0
29,1,4,1
30,9,0,1
35,2,0,0
28,0,2,0
37,2,0,0
36,3,0,0
31,2,0,0
31,2,0,0
46,1,0,1
54,2,1,0
45,2,1,0
29,1,1,1
31,7,0,0
26,5,2,5
33,1,1,0
33,3,1,0
46,0,2,2
34,2,3,0
37,2,3,0
44,1,0,0
35,0,1,0
27,1,2,2
34,1,0,0
38,0,2,0
46,0,3,0
33,2,1,0
35,2,5,0
34,1,3,0
37,2,1,0
41,5,4,0
39,1,1,0
23,3,1,0
42,1,3,0
44,0,1,0
45,1,1,0
43,0,1,0
26,3,0,0
37,2,2,0
50,0,5,1
32,1,1,0
33,0,4,1
27,7,2,1
25,0,2,0
34,1,5,0
34,0,0,0
36,1,2,1
45,4,3,2
42,0,0,0
35,1,1,0
35,2,1,1
41,8,2,0
48,2,0,0
24,0,6,2
30,3,1,0
39,0,2,1
45,3,1,0
40,1,1,0
32,2,0,1
40,3,5,0
44,1,1,0
25,4,3,0
36,4,2,1
36,0,0,0
29,12,2,0
26,1,1,0
32,1,0,0
31,1,3,0
40,2,5,0
34,0,1,0
46,1,1,0
33,2,0,0
37,1,2,0
35,6,0,1
38,4,3,1
31,1,3,0
39,3,1,0
39,0,1,0
45,1,0,0
39,4,3,0
40,1,0,0
30,1,1,0
30,5,4,0
35,3,0,0
26,6,4,3
32,2,1,0
35,1,1,0
48,0,1,0
34,1,1,0
29,1,5,0
39,1,2,0
32,2,8,0
43,1,4,0
24,10,0,0
23,8,3,3
32,1,2,0
36,1,6,1
33,1,3,0
37,1,1,0
35,1,0,0
42,0,0,0
48,3,0,1
29,1,1,0
34,2,2,0
39,1,0,0
27,0,2,0
35,3,0,0
47,0,0,0
32,2,2,0
24,1,1,0
31,7,4,3
34,0,1,0
51,2,2,0
38,0,2,0
29,3,3,1
17,0,2,1
27,6,0,0
35,1,0,0
37,0,1,0
35,0,4,1
28,6,2,4
29,1,1,0
40,5,1,2
31,0,0,0
29,1,2,0
48,1,1,0
35,0,1,0
36,1,1,0
40,1,1,0
29,1,7,2
29,4,0,0
42,1,0,0
23,11,5,2
28,3,0,0
30,1,1,0
38,0,0,0
35,2,2,0
44,4,0,0
38,1,2,0
35,1,0,0
32,1,0,0
38,0,4,0
35,1,5,1
34,3,5,1
40,3,0,0
28,4,1,0
26,6,5,1
34,2,3,0
26,7,2,0
44,3,3,1
33,1,0,0
38,0,1,0
37,4,1,0
48,4,2,1
32,7,3,0
31,5,2,0
21,0,0,0
35,2,2,0
38,0,6,0
32,4,3,0
38,0,1,1
31,2,3,0
34,2,1,0
25,0,4,0
39,1,0,0
31,1,1,0
44,1,1,0
33,2,1,0
34,1,3,0
30,3,1,0
28,0,4,1
43,1,0,0
34,0,1,0
36,0,2,0
29,10,1,0
43,0,0,0
40,1,3,0
41,2,4,0
26,0,10,0
27,5,1,2
37,0,0,0
27,2,7,0
32,1,4,0
35,5,0,0
29,4,0,0
40,8,4,0
32,0,3,0
35,1,4,0
31,9,2,1
30,2,0,0
37,1,1,1
41,0,1,0
30,1,0,0
39,0,1,0
31,3,0,0
30,4,1,2
31,1,2,0
39,0,0,0
59,0,0,0
26,7,0,0
38,3,1,0
39,0,0,0
25,0,0,0
34,2,1,0
31,1,1,0
41,1,0,0
32,1,1,2
33,3,1,0
43,2,3,0
34,0,3,1
38,1,1,0
38,0,3,0
37,1,4,0
50,0,1,0
46,0,3,0
34,2,2,0
38,0,2,0
39,3,1,0
38,1,1,0
36,1,0,0
31,3,1,0
44,2,4,0
35,3,2,1
42,1,0,0
38,1,3,0
32,3,1,0
36,2,0,0
42,2,0,0
30,3,1,1
39,1,4,1
36,1,0,0
29,1,1,0
40,2,1,0
34,0,5,0
35,1,5,1
31,1,3,0
35,2,0,0
40,0,0,0
38,3,2,0
39,2,3,0
26,7,1,1
39,3,0,0
48,1,1,0
37,1,3,0
36,4,0,0
36,0,2,0
26,15,0,0
37,6,0,0
45,0,1,0
35,6,1,1
25,0,2,1
36,0,1,0
38,1,1,0
47,3,1,0
46,3,1,0
46,1,8,1
37,8,2,0
37,0,0,0
37,1,6,2
45,0,3,0
28,3,2,0
40,2,1,1
30,1,0,0
29,1,4,1
38,0,0,0
26,2,3,0
28,2,7,0
40,0,3,3
38,3,1,0
26,1,1,0
31,2,2,0
37,1,1,0
33,0,6,1
45,0,0,0
28,2,2,1
35,4,2,0
39,0,1,0
27,3,2,3
24,1,0,0
31,1,3,0
36,2,1,0
26,8,4,1
31,0,1,0
35,1,1,0
31,0,0,0
44,1,6,0
41,1,3,0
36,0,2,1
33,1,3,0
38,0,2,0
37,1,1,0
47,0,2,0
26,10,0,0
44,1,1,1
28,1,0,0
32,4,2,1
52,0,0,0
30,9,0,0
40,1,2,0
37,2,1,0
30,3,0,0
34,3,0,0
34,5,0,1
29,12,0,0
32,3,0,0
38,2,0,0
43,1,5,0
39,2,0,0
36,1,0,0
41,5,1,0
34,1,2,0
28,1,0,0
35,4,2,0
42,2,2,0
40,1,1,0
31,3,4,1
42,0,2,0
31,1,4,0
39,1,0,0
35,1,1,0
36,0,2,1
37,6,0,0
31,0,3,1
36,1,0,0
38,1,1,0
37,7,2,0
49,2,0,0
35,7,2,1
32,1,2,0
33,4,1,0
30,1,2,0
30,0,1,0
42,1,4,1
37,0,1,0
39,8,0,1
50,1,2,0
40,0,0,0
36,1,1,0
30,2,4,0
29,1,0,0
32,1,1,0
44,1,0,0
25,5,10,1
31,0,9,0
40,3,1,0
34,2,1,0
31,0,4,0
45,1,0,0
48,1,0,0
32,0,4,3
52,3,3,0
34,2,2,0
44,1,4,0
34,0,2,0
39,2,1,0
24,5,2,0
33,1,1,0
32,0,3,0
43,3,1,0
25,1,2,0
34,2,2,0
41,2,0,0
46,3,1,2
35,8,1,0
37,2,1,0
43,0,2,0
37,1,0,0
31,5,3,1
37,2,1,0
33,3,1,0
38,2,2,0
28,2,0,0
31,0,1,0
46,1,1,1
34,1,3,0
38,1,2,0
25,1,1,1
33,1,7,0
42,2,1,1
37,1,0,0
35,0,0,1
34,1,5,0
21,2,4,0
30,9,0,0
37,1,1,0
32,3,0,0
28,6,1,1
30,1,6,3
40,0,2,0
42,0,0,0
36,0,0,0
25,0,5,0
26,0,2,1
38,1,1,0
47,1,2,0
36,1,1,0
35,11,0,0
31,1,2,0
33,0,2,0
41,2,0,0
30,0,0,1
39,2,1,1
28,2,2,1
54,2,1,0
36,0,2,1
35,5,0,0
35,3,0,0
38,2,2,0
32,1,1,0
36,1,0,0
38,1,1,0
27,3,1,0
26,6,2,1
26,1,2,0
44,2,3,1
36,1,3,0
35,13,1,0
37,1,2,1
40,1,0,2
27,0,0,0
35,4,7,1
31,0,7,0
33,1,0,0
28,2,0,0
36,7,1,1
35,2,1,0
27,0,0,1
36,0,3,0
36,1,3,0
33,2,0,0
33,0,0,0
33,4,1,0
39,3,1,0
43,2,1,0
34,10,2,0
40,2,0,0
43,0,0,0
28,1,9,0
27,1,6,1
41,3,0,1
29,0,1,0
32,3,0,1
35,0,3,0
34,1,0,0
38,4,0,0
32,8,0,1
42,1,5,0
35,2,0,0
35,1,2,2
26,3,3,0
43,1,1,0
38,0,4,0
48,1,2,0
41,1,0,0
46,0,1,0
39,3,0,0
35,4,8,0
30,1,0,1
32,2,1,0
47,5,1,1
40,2,3,0
36,2,3,0
44,3,1,0
46,1,0,0
29,1,1,1
40,0,2,0
43,3,1,0
44,1,4,0
29,3,3,0
39,0,2,0
26,2,2,0
32,1,3,1
40,3,1,0
26,2,1,0
35,1,1,0
33,1,0,0
41,1,1,0
35,1,0,0
43,2,1,0
34,1,1,0
43,1,1,0
37,5,8,1
33,2,2,0
38,3,0,0
36,10,1,0
27,1,2,1
44,2,1,1
34,1,5,3
34,1,0,0
37,2,1,0
39,1,0,1
36,3,1,0
32,4,1,1
31,2,5,0
41,2,1,0
27,4,1,0
25,2,2,2
41,4,2,1
30,24,1,0
35,0,4,2
52,5,0,0
38,3,0,0
42,0,3,0
35,0,2,0
27,8,0,1
40,2,0,0
33,2,2,0
30,0,3,0
26,7,6,2
33,2,1,0
42,2,2,0
41,5,3,0
35,9,1,1
34,0,3,0
35,0,4,0
31,2,0,0
46,3,3,0
32,7,0,0
39,1,1,0
31,1,1,0
36,1,0,1
22,1,3,0
21,1,6,1
36,7,0,0
41,2,1,0
47,2,3,0
20,2,4,3
32,2,5,0
36,4,0,0
32,1,7,0
32,7,0,0
31,0,2,1
27,3,0,0
35,1,2,0
24,10,2,0
39,1,1,0
44,2,8,0
27,4,4,1
32,2,1,0
40,4,2,0
31,2,0,0
33,1,3,0
25,1,4,1
33,1,1,1
48,0,3,1
33,2,1,0
41,1,1,0
36,2,1,0
38,5,2,0
43,2,2,0
31,2,3,0
38,2,3,1
32,0,1,0
35,5,3,0
54,3,0,1
37,2,1,0
33,1,2,0
34,3,2,0
43,2,0,0
22,11,1,0
37,0,3,2
31,1,8,0
43,2,0,0
28,0,2,0
37,2,3,0
42,0,1,0
35,0,2,0
31,0,0,0
37,2,0,0
45,1,2,0
53,1,3,0
29,9,0,0
37,3,1,0
30,2,0,0
41,0,1,0
42,1,1,0
36,0,1,0
31,1,3,1
32,6,0,2
42,2,6,1
40,0,3,0
33,1,1,0
39,0,0,0
42,1,1,0
38,8,0,0
34,0,2,1
33,2,3,0
44,1,2,0
45,0,1,0
46,1,0,2
41,2,0,0
37,1,1,1
34,2,0,0
37,2,0,0
41,2,2,0
40,1,1,1
40,2,0,0
32,1,5,0
28,1,2,0
31,0,2,0
34,2,1,0
32,2,1,0
36,7,1,1
28,1,1,0
39,3,1,1
44,3,1,0
33,4,2,0
31,2,8,3
33,0,2,0
30,3,2,1
39,1,0,0
42,1,0,0
29,0,8,1
27,3,1,1
32,0,0,0
40,3,1,0
27,3,1,0
22,1,3,0
38,4,2,0
32,2,1,0
31,10,0,1
43,2,0,0
35,2,2,0
45,0,1,0
47,0,2,0
37,1,7,0
35,3,1,0
45,0,1,0
38,2,3,0
42,1,1,0
30,2,0,0
43,3,0,0
31,9,2,0
39,2,3,0
41,2,3,0
40,2,3,0
36,2,0,0
40,5,1,1
31,1,0,0
33,1,4,1
41,1,0,0
37,4,2,1
35,2,1,0
33,0,0,1
27,1,2,1
43,1,0,0
35,1,3,0
44,2,4,0
41,2,1,0
31,2,2,0
31,7,1,0
37,0,1,0
35,2,1,0
38,0,2,0
32,0,4,0
35,1,0,0
38,3,1,1
48,4,1,1
38,1,1,0
45,1,2,0
27,9,1,0
26,7,2,4
24,5,5,2
29,1,2,0
34,1,1,0
39,5,2,1
31,1,1,0
28,1,3,0
47,2,1,2
34,1,0,0
41,0,0,0
38,1,0,0
34,7,0,0
45,0,6,0
40,0,0,1
30,0,1,0
35,2,1,0
31,1,2,0
32,0,2,0
24,4,3,1
29,2,12,0
37,2,1,0
41,1,2,0
39,2,0,0
44,0,1,0
36,3,0,0
43,1,1,0
33,0,10,0
34,2,1,0
40,1,4,1
32,4,7,0
41,7,3,1
27,0,7,1
36,2,2,0
37,1,2,0
28,1,4,0
41,0,3,0
31,5,9,0
51,0,1,0
28,1,2,0
42,1,2,0
32,1,2,0
40,2,2,0
31,1,0,0
28,3,1,0
44,1,1,0
33,0,4,0
27,1,1,0
29,2,0,1
34,3,2,0
40,2,2,1
42,1,0,0
30,7,3,1
50,1,2,0
41,2,1,0
42,0,3,0
33,2,7,0
44,1,0,0
45,1,1,0
27,0,0,1
22,1,1,1
44,0,2,1
46,1,1,0
32,4,0,0
29,4,1,1
36,1,1,0
35,2,3,0
36,0,0,0
41,1,4,0
41,1,0,0
33,1,0,0
37,2,0,0
35,2,1,0
32,7,0,2
43,1,1,0
33,1,1,1
53,2,1,0
29,3,6,1
44,2,3,0
33,2,0,1
42,1,2,0
26,3,0,0
29,6,0,0
34,6,0,0
36,1,0,1
33,3,0,0
33,0,3,0
18,2,2,0
32,0,1,0
30,0,0,0
38,0,2,1
47,1,2,1
24,4,3,3
47,0,0,0
42,7,0,0
39,3,1,0
36,2,1,0
31,0,5,1
45,5,0,1
36,4,1,0
41,1,1,0
31,0,1,0
30,0,0,0
27,2,3,1
27,3,2,0
42,4,1,0
42,2,1,1
39,1,3,0
30,0,3,0
34,3,0,0
37,3,0,0
33,1,0,0
47,1,2,0
33,2,0,1
37,1,1,0
40,4,0,0
34,2,3,0
30,1,0,0
34,1,1,1
43,2,0,0
37,3,0,0
44,1,0,0
34,11,0,0
29,0,1,0
33,2,0,0
31,7,2,1
34,1,2,0
38,0,1,0
38,2,2,0
32,1,0,0
24,1,0,0
37,3,2,0
37,2,1,0
29,2,2,0
30,2,1,0
37,5,2,0
38,5,0,1
32,1,2,0
34,5,0,0
43,0,0,1
39,4,0,1
36,0,0,0
37,1,2,0
37,3,0,0
25,2,2,0
26,0,2,0
44,3,3,0
32,4,1,0
35,0,1,0
28,1,2,1
42,0,1,0
38,3,8,1
29,4,1,0
47,1,7,0
21,0,1,0
30,1,1,0
33,2,1,0
44,4,0,0
29,2,1,1
45,1,3,0
37,1,0,0
35,4,3,0
34,4,1,0
38,2,0,0
33,1,0,0
42,2,2,0
34,1,3,0
29,6,7,3
24,14,0,1
28,2,1,0
31,3,1,0
42,0,6,0
32,1,1,1
34,1,5,0
40,1,3,2
36,0,0,0
30,3,0,0
32,1,2,0
36,0,1,0
38,2,1,0
36,0,2,0
47,3,1,0
27,4,5,1
40,1,1,1
36,1,6,0
50,2,0,0
28,1,1,0
46,0,0,0
37,0,3,0
43,2,1,0
35,0,0,0
32,1,3,0
27,6,0,1
44,0,2,0
30,5,0,3
39,0,1,0
40,1,2,0
47,2,0,0
37,0,2,1
39,6,0,0
23,7,3,1
39,2,2,0
38,1,0,0
30,1,1,0
39,0,1,0
35,2,2,0
31,1,1,0
43,2,1,0
40,0,2,1
34,2,0,0
42,0,1,0
44,2,1,0
37,2,8,1
35,1,0,0
29,0,1,0
40,1,3,0
35,2,2,0
34,1,3,0
55,0,3,0
30,1,1,0
40,0,1,0
49,3,2,0
26,2,0,0
30,2,1,0
29,0,1,0
38,0,3,0
44,1,0,0
26,1,0,0
27,0,1,0
36,7,3,0
34,2,0,0
39,4,3,0
28,1,1,0
35,1,0,0
32,6,1,1
34,2,1,0
32,1,1,0
42,5,2,1
47,3,3,0
39,2,2,0
32,0,1,0
41,0,0,0
25,2,4,1
39,1,1,0
29,2,4,0
39,1,1,0
35,4,0,0
31,2,8,0
39,4,0,0
29,8,0,2
20,0,7,0
36,0,1,0
36,2,2,0
27,1,0,0
31,2,1,0
34,0,1,0
33,1,1,0
41,2,4,0
32,0,2,0
27,2,1,0
29,1,2,0
34,4,2,0
26,9,4,0
46,2,8,1
35,1,1,0
28,2,1,0
39,0,0,0
38,1,2,0
43,1,0,0
52,0,0,0
35,5,3,0
37,3,1,1
47,0,0,0
40,2,0,0
33,3,1,0
43,2,1,0
38,4,4,0
47,1,3,0
39,3,2,0
34,1,1,0
42,1,1,0
33,0,2,0
39,2,2,0
27,2,0,0
43,3,0,0
42,0,8,1
32,1,4,1
36,3,3,0
39,2,0,0
36,3,0,0
50,3,1,0
45,2,3,0
31,2,0,1
39,0,1,0
42,2,0,0
51,1,1,1
41,2,1,0
41,3,1,0
31,3,2,0
33,3,2,2
39,0,1,0
39,1,1,0
32,0,0,0
36,1,1,0
43,5,1,0
50,1,1,0
23,7,0,1
32,1,6,1
43,2,1,0
50,2,0,0
29,15,0,0
36,1,1,0
37,1,1,0
39,0,1,0
43,1,1,0
40,2,2,0
34,3,0,0
47,0,2,0
34,0,2,0
32,1,1,0
38,2,2,0
37,1,4,0
34,3,2,0
49,1,0,1
43,1,0,0
40,1,3,0
49,1,1,0
40,1,4,0
38,1,2,0
37,2,1,0
36,2,2,0
25,5,6,3
31,2,3,0
24,0,2,0
29,3,1,0
41,1,4,2
36,4,1,0
45,1,0,0
28,2,1,1
47,1,0,0
28,8,0,0
35,2,2,1
33,1,0,0
25,4,0,1
27,5,3,1
49,0,1,0
31,0,3,0
35,0,1,1
32,2,1,1
36,2,0,0
38,1,0,0
33,4,2,0
36,7,2,1
42,1,1,0
40,2,1,0
42,1,1,0
38,1,1,0
36,3,2,0
35,6,1,2
29,4,0,0
31,2,2,0
29,6,2,1
35,0,5,1
37,8,0,0
53,2,2,1
40,1,0,0
46,6,1,0
19,1,2,1
33,0,6,2
32,4,0,0
33,2,2,0
26,4,0,1
38,2,0,0
30,0,3,0
40,3,2,0
45,2,0,0
38,3,5,0
25,2,1,0
33,1,1,0
35,1,0,0
39,2,2,0
15,12,4,3
38,4,2,0
26,3,3,0
32,1,0,0
39,1,0,0
44,2,1,1
35,1,1,0
40,0,7,0
42,3,0,2
39,1,4,0
36,1,4,1
45,2,7,0
49,2,1,0
34,1,3,0
30,2,0,0
30,2,0,0
40,3,1,0
30,10,1,1
43,0,0,0
32,6,4,1
43,0,1,0
20,12,0,2
22,5,2,3
29,0,0,0
39,2,3,0
35,2,3,0
36,0,0,0
36,3,1,0
44,1,3,0
35,1,1,0
39,0,1,0
38,4,0,0
45,3,0,0
32,1,2,0
45,2,0,0
47,7,1,0
34,4,1,0
40,3,4,0
32,1,0,1
27,1,4,1
37,0,0,0
26,0,7,0
41,10,1,1
42,0,1,0
34,5,0,0
32,1,3,0
32,2,1,1
29,2,1,0
32,0,1,0
28,3,1,0
46,0,4,0
36,2,1,0
50,3,1,0
27,1,0,1
39,1,3,0
32,2,2,0
25,5,0,1
21,5,1,0
31,0,2,0
44,2,1,0
39,1,2,0
41,1,0,0
37,2,1,0
38,1,2,0
33,1,0,0
40,5,2,0
33,1,0,0
44,2,3,0
40,8,0,0
34,2,2,0
32,6,2,0
39,1,3,0
42,0,1,0
37,0,3,0
36,1,1,0
30,0,0,0
34,7,5,0
39,0,0,0
30,8,3,1
37,4,1,0
47,0,2,0
46,3,5,1
32,1,3,2
41,1,1,0
32,1,2,0
35,10,0,0
41,3,4,1
33,1,3,3
42,3,0,0
30,1,1,0
26,7,2,0
40,1,2,0
33,1,5,1
29,5,2,3
38,1,0,0
38,1,0,0
32,0,3,0
30,1,0,2
38,1,0,0
23,2,4,1
42,2,0,0
40,1,0,0
49,1,1,0
23,12,0,0
28,5,2,1
28,0,8,1
38,1,3,0
40,1,0,0
42,4,0,1
45,1,0,0
37,3,6,1
46,1,1,0
46,0,1,0
35,0,0,0
35,0,1,0
30,2,2,0
44,4,1,0
43,0,4,0
28,1,4,1
28,0,2,1
40,0,0,1
39,2,1,0
36,3,2,3
30,1,0,0
32,3,2,0
21,1,2,1
37,0,1,0
36,2,2,0
32,0,3,0
30,0,3,0
38,0,3,1
33,3,0,0
36,3,2,0
41,3,0,0
38,0,5,0
39,2,0,0
47,3,0,1
35,1,1,0
30,1,3,0
44,1,0,0
27,0,3,0
32,0,3,0
30,1,0,0
34,2,2,0
32,2,7,0
21,1,2,0
31,5,0,0
32,2,3,0
31,0,3,0
41,0,5,0
41,3,3,0
31,2,1,0
32,1,3,1
33,0,2,1
46,3,3,0
32,7,3,2
37,2,1,0
34,1,2,0
49,0,2,0
33,2,2,0
32,14,0,1
39,4,1,0
24,6,2,0
21,3,1,1
38,2,0,0
35,2,0,0
24,4,2,1
29,0,2,1
32,1,2,0
34,2,1,1
26,1,5,1
36,0,0,0
41,0,2,0
35,4,0,0
22,4,2,2
38,6,0,1
33,1,2,0
31,0,6,0
31,3,2,0
41,1,2,0
29,4,2,0
27,8,2,0
35,1,2,0
47,0,3,0
39,0,0,0
47,3,1,0
26,3,1,0
40,2,1,1
31,2,3,0
36,0,2,0
41,2,3,0
37,1,0,0
37,0,0,0
38,1,0,0
25,2,1,1
31,0,1,1
37,0,0,0
31,2,0,0
40,2,2,1
31,0,7,0
31,9,9,2
34,3,0,0
44,2,5,0
32,0,1,0
39,2,0,0
38,0,2,0
34,3,0,0
33,1,1,0
38,2,3,0
34,0,0,0
33,2,0,0
29,0,1,0
55,3,2,0
48,0,1,1
34,0,7,0
37,0,1,0
27,0,1,0
30,5,0,0
36,3,1,0
29,1,0,0
36,1,4,1
37,2,8,0
25,4,1,0
32,8,2,2
32,1,1,0
32,1,2,1
34,2,1,0
46,2,0,0
39,3,1,0
49,1,2,0
37,0,0,0
35,3,3,1
36,4,1,0
38,1,2,0
27,2,1,0
41,1,4,0
37,5,2,0
30,0,1,0
43,2,0,0
35,2,4,0
28,9,0,0
47,3,3,0
45,1,0,0
35,1,5,1
36,3,1,0
36,0,0,1
34,1,2,0
36,1,3,1
41,3,4,0
34,3,2,0
39,1,1,0
34,3,2,0
29,4,1,0
34,7,2,0
40,1,0,1
37,2,1,0
35,3,0,1
39,5,0,1
28,0,3,0
35,1,1,0
42,2,2,0
33,0,8,0
26,9,3,0
36,1,4,0
36,0,0,0
47,1,1,0
36,1,1,0
41,1,0,1
44,1,3,0
31,6,0,0
26,0,1,0
25,2,1,0
51,2,2,0
39,2,3,0
37,2,0,0
35,1,2,2
32,1,0,0
38,0,3,1
37,2,2,0
35,3,2,0
25,1,5,1
33,0,0,0
32,4,0,0
39,1,6,0
35,2,3,0
41,3,2,0
29,0,1,0
32,0,3,2
34,0,3,1
27,0,4,1
33,5,1,1
36,3,1,0
32,2,2,0
36,7,0,0
43,1,2,1
36,0,0,0
33,1,1,0
36,4,1,2
49,2,0,0
36,5,0,1
39,1,2,0
40,2,3,0
41,2,6,0
46,1,1,1
43,2,3,0
32,6,0,1
44,2,2,0
42,3,1,0
40,2,1,0
39,3,3,0
39,2,0,0
46,6,4,0
34,5,4,1
31,2,0,2
29,8,0,0
44,2,0,0
39,0,2,0
42,2,1,0
36,2,6,0
40,2,1,1
47,1,2,0
32,0,5,0
36,2,0,0
35,2,0,0
41,2,2,0
47,0,0,0
44,1,0,0
31,2,0,0
30,0,0,0
38,1,1,0
35,1,0,1
39,2,2,0
27,0,1,0
43,4,3,0
25,1,0,0
31,0,3,0
45,2,3,0
34,1,3,0
36,1,1,0
33,2,2,0
41,1,2,0
27,0,8,0
30,3,0,0
22,12,1,0
45,0,1,0
39,10,0,0
37,1,2,0
45,1,0,0
24,3,4,0
33,7,1,0
35,1,2,0
46,4,4,0
34,1,2,0
31,1,4,0
46,3,2,0
43,0,0,0
27,0,1,0
33,3,3,0
43,0,3,0
33,1,5,0
28,9,1,1
32,0,0,0
29,1,1,1
29,0,2,0
40,2,0,0
35,1,1,0
45,0,3,0
28,0,0,1
22,7,3,1
40,0,1,0
38,1,0,1
42,1,0,0
34,1,2,0
26,3,0,0
39,1,2,0
25,1,1,0
40,0,2,0
30,4,0,0
37,2,0,0
28,1,4,0
27,1,0,0
35,0,3,2
33,1,0,0
33,1,3,1
39,6,2,0
45,2,2,1
45,0,1,0
37,3,0,0
40,0,3,1
40,3,0,1
43,3,0,1
46,1,1,0
33,3,1,0
34,2,7,0
37,1,2,0
29,9,0,0
41,4,3,1
32,3,2,0
42,1,0,0
36,2,1,0
36,1,3,1
33,0,8,0
32,4,6,0
31,2,1,0
28,2,2,1
47,4,0,0
43,0,3,1
48,1,0,0
45,2,1,0
38,0,2,0
42,0,5,0
36,2,1,0
45,1,2,0
29,2,0,0
28,6,3,0
40,0,0,0
29,0,0,0
28,0,5,2
43,2,1,1
42,0,2,0
32,0,2,1
30,3,1,1
46,3,4,0
24,2,3,0
31,0,0,0
30,6,2,0
41,8,2,0
45,2,3,0
33,1,2,0
29,13,1,2
36,2,4,1
40,1,1,0
48,2,1,0
42,0,3,0
51,0,0,0
39,2,3,0
24,1,10,0
36,5,0,0
38,2,3,0
51,2,5,1
34,7,4,0
25,1,4,0
24,8,1,0
33,1,2,0
37,1,3,0
29,1,5,0
39,3,6,0
32,5,0,0
46,2,1,1
42,0,0,0
26,6,3,0
22,3,0,0
40,0,0,0
23,4,4,0
30,2,0,0
28,1,0,1
35,3,0,0
32,1,7,1
44,2,0,1
38,0,3,0
34,0,0,0
35,0,2,0
37,3,1,0
27,14,0,2
32,2,1,0
33,1,3,0
43,0,0,0
27,0,1,0
39,1,1,0
40,5,0,0
36,5,5,0
40,1,2,0
54,2,2,3
40,2,0,0
36,4,2,1
29,1,3,0
22,5,3,4
36,4,1,0
48,1,1,0
30,2,1,1
37,4,2,2
26,5,5,3
27,1,2,1
41,0,0,0
36,2,1,1
36,0,4,0
34,1,1,0
42,1,0,1
26,5,5,1
34,2,1,0
27,3,1,1
25,0,0,0
26,3,2,0
30,4,2,0
49,1,0,2
34,0,3,1
31,2,0,0
43,1,2,0
42,2,1,1
44,4,1,1
42,3,1,1
33,5,0,1
14,8,8,3
39,1,0,0
32,1,0,0
25,0,2,0
39,1,2,0
26,4,2,0
34,0,0,0
40,0,3,1
40,6,0,1
25,0,10,0
34,1,4,0
47,4,1,0
37,1,6,0
42,1,1,0
42,1,3,0
39,2,6,1
26,0,5,0
39,0,5,0
31,12,0,1
41,4,2,0
32,11,0,0
46,2,1,0
38,1,0,1
29,1,5,0
19,4,6,1
36,2,0,0
32,9,0,3
31,5,4,1
31,1,1,0
38,2,1,0
33,8,0,2
27,2,2,0
39,2,2,1
24,6,3,2
21,4,2,0
34,2,2,0
45,1,0,0
32,9,0,1
47,2,1,0
39,1,1,0
26,1,0,0
45,0,2,0
31,1,4,2
27,1,3,0
33,2,1,0
41,1,1,0
44,2,2,0
40,0,1,0
31,7,2,1
34,2,0,0
36,2,0,0
32,1,4,0
26,2,2,1
40,1,8,0
37,3,1,0
39,1,1,0
41,1,1,0
29,0,0,0
39,1,1,0
33,2,4,0
44,0,1,0
35,0,4,0
49,2,0,0
37,2,1,0
34,2,1,0
32,1,2,0
39,3,0,0
32,1,2,1
28,0,4,0
41,0,0,0
36,1,0,1
37,0,5,0
37,0,2,0
44,2,0,0
48,2,2,0
29,0,3,0
33,0,3,0
50,1,0,1
45,2,0,0
36,1,3,0
40,0,1,0
41,2,0,0
30,0,0,0
38,1,2,0
31,1,5,0
29,2,3,0
30,6,4,0
36,9,0,1
34,0,4,0
29,1,2,0
30,3,1,0
39,0,0,0
33,4,3,0
31,1,0,0
52,1,1,0
37,1,1,1
23,10,0,0
35,0,2,0
32,1,3,1
44,1,0,0
34,0,2,0
28,1,3,1
37,1,0,1
27,3,2,0
33,1,4,1
37,0,1,0
36,2,1,1
37,2,0,0
34,1,3,0
35,1,0,0
33,10,5,1
26,5,5,1
43,1,0,1
38,2,0,0
34,0,2,0
37,1,3,0
34,1,2,2
34,6,0,1
38,1,0,1
33,1,0,0
33,0,5,0
29,3,0,0
38,1,1,0
29,0,2,0
31,0,2,0
27,4,2,0
24,4,2,2
44,1,1,0
37,2,2,0
31,1,3,0
33,2,11,2
28,4,1,0
33,9,0,0
31,7,1,0
43,3,1,0
39,1,1,0
40,1,2,1
28,1,1,1
47,0,5,0
38,3,1,0
42,4,0,0
50,0,1,0
27,6,1,0
39,0,0,0
31,2,1,0
29,1,1,0
16,1,16,0
50,3,2,0
34,4,0,0
40,1,0,0
35,4,3,0
46,1,2,0
33,3,1,1
41,1,1,0
35,0,1,0
38,2,0,1
32,3,1,1
31,0,4,1
21,2,1,1
33,1,0,0
48,1,2,0
29,2,2,0
32,8,1,0
45,2,1,0
39,0,2,0
34,0,0,0
48,1,1,0
39,2,3,0
36,0,0,0
40,1,2,0
31,3,1,0
29,1,9,0
38,1,0,0
39,3,1,0
33,0,2,0
41,1,0,0
38,1,1,0
27,10,2,1
38,1,3,0
35,1,0,0
37,1,1,0
34,0,0,0
46,3,0,0
63,0,0,0
30,4,4,2
29,5,0,0
37,1,0,1
53,0,4,0
39,0,1,0
36,1,3,0
32,4,1,0
42,2,4,0
39,2,0,0
34,2,1,0
39,1,3,0
24,1,0,0
28,2,5,0
26,2,2,1
29,2,4,0
37,5,2,1
31,7,0,0
43,1,4,1
37,4,0,0
35,1,0,0
41,1,2,0
50,0,3,1
49,1,0,0
33,2,0,0
34,1,1,0
27,0,0,1
32,0,1,0
35,0,1,0
35,2,0,0
28,2,0,0
36,0,2,0
37,1,2,0
35,1,2,0
30,1,2,1
39,1,2,1
32,3,4,0
43,0,0,0
35,1,4,0
37,1,2,0
39,2,0,0
28,1,0,0
40,0,2,0
37,0,1,1
38,1,3,0
45,5,0,0
32,13,0,1
38,1,3,0
39,0,3,0
34,0,1,0
43,3,4,0
36,2,2,0
42,3,1,0
34,1,2,0
39,0,3,0
42,1,2,1
35,1,0,0
36,4,1,0
29,0,7,0
31,2,4,0
36,1,2,1
28,10,2,1
29,1,1,0
32,2,3,0
36,5,1,1
36,3,0,0
37,4,0,0
28,0,0,0
48,0,2,0
37,1,0,0
39,2,2,1
48,2,4,0
24,0,2,0
25,0,0,0
27,1,1,2
51,2,0,0
20,17,0,0
36,0,1,0
50,2,0,0
34,7,3,0
42,1,1,0
34,1,1,0
32,2,1,1
29,4,4,0
28,0,2,0
27,5,2,0
47,0,0,0
35,0,0,0
38,3,2,0
44,1,0,0
37,1,7,1
20,6,2,2
40,2,4,1
28,2,5,1
41,1,5,0
42,1,1,0
35,0,6,0
31,4,0,0
40,0,0,0
33,8,1,0
25,0,1,0
42,0,0,0
38,1,1,2
43,1,3,0
38,1,2,0
27,1,1,0
32,6,2,1
39,1,0,0
30,6,1,0
32,1,1,0
41,2,1,0
46,2,2,0
34,0,3,0
33,3,1,0
49,3,1,0
36,1,9,2
39,2,6,0
29,2,0,0
43,0,3,0
27,2,2,0
38,1,1,1
24,0,0,0
22,0,3,1
29,3,3,1
31,2,2,1
39,0,1,0
46,1,2,0
45,3,1,0
35,1,6,0
36,1,2,0
44,4,5,0
24,9,3,2
41,0,4,0
29,12,1,0
43,3,1,0
35,1,8,1
56,4,2,0
33,0,1,0
53,1,1,0
28,1,8,0
45,0,1,0
36,5,5,1
41,1,0,0
42,8,0,0
29,1,4,2
48,2,0,0
37,1,2,1
41,3,1,0
30,8,1,0
31,3,0,0
35,1,0,0
36,6,2,1
32,6,0,0
28,3,4,0
35,3,0,0
37,3,2,0
42,1,0,0
53,3,1,2
29,8,0,1
30,1,2,0
38,2,1,0
25,4,0,0
29,5,5,0
36,3,1,0
33,2,1,0
41,0,2,0
38,2,1,0
38,4,4,0
34,2,2,0
34,1,3,0
35,2,0,0
38,2,4,0
29,0,0,0
36,11,1,0
34,3,0,0
39,0,2,1
29,4,0,0
39,0,0,1
36,12,2,1
35,2,1,1
36,2,0,0
47,1,2,0
36,1,1,0
23,1,1,0
29,0,8,1
39,2,3,0
38,1,2,0
43,1,1,0
38,1,1,0
32,1,3,0
36,1,1,0
44,4,4,0
35,0,2,0
42,1,0,0
45,8,1,0
38,8,0,1
51,2,1,0
22,1,1,0
37,5,0,0
46,1,1,0
21,2,2,0
44,0,0,0
33,2,2,0
34,2,2,0
38,1,1,0
34,1,2,1
31,1,0,0
47,0,2,0
42,3,0,0
36,1,3,0
34,0,0,0
27,0,3,0
38,2,3,0
35,6,1,2
19,12,0,2
41,1,6,1
34,3,0,0
33,1,6,0
31,2,1,0
16,4,2,0
28,1,4,0
33,1,2,0
40,0,5,0
40,6,1,2
36,1,0,0
37,2,3,0
33,1,0,0
38,0,1,0
31,1,2,0
40,0,1,0
35,2,4,0
48,2,3,0
29,1,1,0
42,0,1,0
38,2,1,0
32,3,0,0
37,1,2,0
41,2,0,0
48,1,1,1
31,2,4,0
39,2,3,0
34,8,0,0
30,1,0,0
45,2,3,0
40,0,5,0
41,2,2,0
41,0,1,0
37,0,0,0
41,2,1,0
41,0,1,0
27,1,3,0
27,0,4,0
26,0,1,0
29,4,1,0
36,0,0,1
30,0,9,2
43,1,0,0
38,3,5,0
31,6,2,1
41,0,0,0
31,0,1,0
29,2,9,1
49,3,2,0
23,3,2,0
40,2,0,0
35,8,3,1
23,7,1,2
27,3,3,0
39,1,0,0
40,1,0,1
36,1,2,0
35,2,3,0
34,4,0,1
35,1,3,0
45,3,1,0
25,7,3,0
44,5,0,0
43,2,1,0
43,1,3,0
37,0,1,0
49,0,2,0
35,0,2,0
44,2,1,1
35,2,0,0
34,2,4,1
37,2,0,0
37,1,2,0
24,0,2,1
33,0,1,1
34,2,0,0
36,2,3,0
35,2,4,0
33,1,5,0
38,2,0,0
21,7,1,0
42,1,1,0
36,3,3,0
37,2,0,0
49,0,2,0
49,1,2,0
43,4,1,0
41,3,4,0
45,0,1,0
31,0,2,1
37,2,3,0
34,0,1,0
43,2,0,0
35,2,3,0
21,7,0,1
42,2,4,0
36,0,4,1
42,11,0,0
37,3,1,0
38,4,1,0
37,1,0,0
39,0,0,0
28,11,2,0
50,1,3,0
42,1,1,1
39,0,2,0
28,3,1,0
44,5,3,1
42,1,0,0
31,8,0,2
42,1,3,0
46,2,1,0
43,1,0,0
41,0,0,0
39,2,6,0
35,2,4,1
40,2,0,1
36,0,1,0
31,8,1,1
26,2,2,0
43,2,0,0
32,0,2,2
37,2,2,0
40,1,0,1
36,2,0,0
41,1,3,0
38,0,2,0
28,1,1,0
34,1,0,0
37,3,0,0
39,5,0,1
41,1,1,0
25,0,2,0
28,0,4,1
37,3,2,0
36,0,1,0
40,2,3,0
44,0,1,0
30,5,2,0
30,6,6,0
48,2,2,0
32,1,3,0
27,2,7,0
34,0,0,0
43,2,1,0
30,8,3,0
39,0,5,0
36,1,3,0
30,1,0,0
41,2,1,1
30,2,0,0
38,0,2,0
34,0,1,0
42,2,6,1
32,0,0,0
40,1,0,0
28,14,3,0
46,1,6,2
43,3,3,0
36,2,1,0
51,0,1,0
36,2,1,0
54,0,1,0
36,2,1,0
35,2,0,1
32,1,2,0
22,0,4,0
47,3,2,0
39,2,2,1
39,2,3,0
32,1,7,0
33,1,1,0
24,1,0,0
32,0,1,0
28,1,0,0
37,1,9,0
26,2,2,0
34,4,2,1
24,0,0,0
47,1,1,0
34,1,4,0
37,1,2,0
36,0,2,1
36,2,1,0
32,3,1,0
34,0,0,0
35,4,1,2
31,2,2,1
39,1,0,1
31,1,2,0
40,0,0,0
37,1,4,0
22,3,1,1
36,1,2,0
44,1,2,0
45,2,0,0
46,1,2,1
35,4,1,0
35,1,1,0
34,1,2,0
33,1,1,0
42,3,0,0
40,3,1,0
41,10,0,0
42,2,1,0
37,3,0,0
42,1,1,0
40,0,1,0
40,2,0,0
33,3,4,0
30,0,3,0
31,0,1,0
31,1,1,0
30,7,1,0
39,0,2,0
32,0,0,1
36,3,1,0
35,1,2,0
46,1,3,1
34,5,2,0
38,2,3,0
41,2,2,0
37,1,4,0
40,0,1,0
37,1,5,1
24,8,4,3
33,1,2,0
46,3,0,1
32,1,1,0
30,3,1,0
29,6,0,2
36,0,5,2
44,0,1,0
22,2,0,0
48,3,1,0
40,1,1,0
43,3,3,0
43,2,1,0
42,2,3,0
30,1,0,0
38,0,0,0
27,1,2,0
37,1,1,0
39,0,1,1
41,4,1,0
28,13,1,0
40,0,0,0
34,3,1,0
35,2,3,0
30,1,2,0
41,2,1,1
36,0,0,0
39,4,0,0
35,2,5,0
39,0,1,0
26,4,4,1
34,1,2,0
36,0,4,0
36,3,0,0
38,3,4,0
42,0,3,1
35,0,2,0
48,4,0,0
35,6,1,0
41,0,0,1
42,3,1,1
33,4,1,0
40,1,1,0
46,2,1,0
39,1,0,0
29,1,1,1
36,2,1,0
45,2,0,1
39,2,0,0
35,7,4,0
40,1,2,2
36,0,1,0
39,4,0,0
43,1,0,0
27,0,2,0
26,2,0,0
41,1,2,0
42,4,0,0
33,6,0,0
34,1,0,1
47,1,0,0
33,2,3,0
26,1,1,0
49,3,2,0
35,2,1,0
42,0,1,0
39,0,0,0
23,6,2,1
27,10,2,0
35,2,0,0
47,1,1,0
38,0,2,0
29,2,0,0
42,2,0,1
45,1,0,0
37,0,0,0
39,0,3,0
39,0,1,0
43,2,0,0
29,1,2,0
33,1,1,0
34,2,3,0
29,2,1,1
42,0,7,1
23,3,0,1
35,2,2,0
37,1,0,1
42,0,0,0
38,0,1,2
43,2,1,0
38,1,1,1
34,1,0,0
33,0,2,0
33,2,2,0
28,0,1,0
42,2,0,0
28,0,2,0
42,1,1,0
35,1,1,0
34,1,2,0
30,5,1,1
38,2,1,0
37,0,0,0
30,6,2,1
38,2,2,0
32,2,2,0
31,5,2,0
32,0,2,0
46,0,6,2
40,1,0,0
39,1,0,0
32,1,1,0
35,1,0,0
37,2,3,0
34,2,2,0
36,0,3,0
40,2,2,2
43,1,1,0
28,1,3,1
26,6,3,0
37,6,0,3
37,10,2,0
41,1,1,0
41,4,0,0
35,0,8,0
34,1,2,1
34,0,2,1
25,3,3,0
33,8,1,0
36,3,0,0
33,1,1,0
40,2,1,0
35,1,5,0
33,3,1,0
32,0,4,1
38,0,1,1
37,2,3,2
29,1,1,0
40,0,1,0
37,2,4,0
38,1,1,0
35,2,1,0
42,3,1,1
40,10,0,0
25,6,0,2
35,4,0,1
29,4,0,1
33,3,0,0
45,2,1,0
37,2,3,0
23,1,2,0
35,0,2,1
26,14,0,1
35,7,0,2
44,1,1,0
48,0,1,0
35,1,6,0
39,1,4,0
38,2,3,0
35,6,0,3
48,1,0,0
43,1,0,0
40,1,3,0
37,1,2,0
36,0,0,0
30,3,2,1
32,0,2,0
25,1,6,0
44,1,1,0
24,0,4,0
54,1,1,1
26,4,10,1
35,2,0,0
34,0,1,0
41,0,2,0
39,1,1,0
40,2,2,0
30,1,1,0
33,9,2,1
33,1,3,1
44,2,1,0
33,0,2,1
43,5,0,1
45,0,0,0
36,4,1,1
26,7,5,1
32,2,1,0
29,2,0,0
35,1,6,1
36,2,2,1
46,0,1,0
32,1,0,0
30,3,1,0
31,4,0,0
39,0,1,0
39,3,4,0
32,2,2,0
31,4,2,1
36,1,2,0
39,0,1,0
35,0,2,0
32,1,1,0
34,2,3,0
32,1,3,0
32,6,1,1
26,3,2,1
41,2,4,0
45,0,0,0
34,2,0,0
24,2,1,0
35,1,2,0
34,13,0,0
46,0,1,0
30,0,0,0
35,11,2,1
45,0,2,1
35,1,2,0
28,2,2,0
38,2,1,1
32,3,0,0
37,5,0,1
33,6,1,0
31,2,2,0
32,2,2,0
35,0,1,0
40,1,4,0
28,3,0,0
45,2,0,0
42,1,0,0
40,0,3,0
38,1,1,0
38,0,2,0
27,2,5,0
32,3,0,0
40,1,0,0
45,3,2,0
39,1,1,0
41,4,1,0
32,5,1,1
30,1,2,0
44,4,0,1
31,1,3,0
39,1,1,1
34,0,3,0
44,2,2,1
35,3,2,0
31,0,5,0
37,3,4,1
29,4,4,0
31,2,2,0
34,3,1,0
24,0,3,1
39,0,0,0
34,4,1,2
35,3,0,0
41,2,0,0
33,1,4,0
32,6,4,0
40,0,1,0
27,0,0,0
27,0,2,0
35,12,0,0
34,0,2,1
36,0,1,0
41,1,0,0
48,1,5,0
36,0,0,0
40,1,0,0
38,0,3,0
31,0,0,0
35,12,2,0
25,12,2,1
40,0,2,0
37,4,4,0
39,1,0,0
41,1,1,0
28,13,2,2
34,2,8,0
41,2,1,0
40,0,0,0
38,2,0,0
36,0,0,2
38,0,1,0
38,1,3,0
34,1,3,0
33,1,0,0
38,0,0,0
42,2,0,0
36,4,5,0
37,2,0,0
39,2,2,0
39,1,0,0
29,0,2,0
31,0,4,0
41,3,2,0
45,1,1,0
26,2,6,1
40,1,3,0
36,2,2,0
55,2,2,0
35,3,1,1
32,1,1,0
28,10,0,1
35,0,1,0
33,0,0,0
35,0,0,0
30,2,5,0
32,1,1,0
40,2,7,1
42,1,1,1
32,2,4,0
42,3,2,0
36,3,3,1
32,1,2,0
38,0,2,0
21,9,0,1
31,1,0,0
27,2,1,0
48,2,0,1
31,2,7,0
32,2,1,0
41,3,2,0
39,0,4,0
30,1,0,0
33,0,6,2
41,0,2,0
46,1,0,0
46,2,0,0
31,2,1,0
30,3,0,0
32,2,4,0
52,2,3,0
44,0,4,0
41,0,2,0
34,0,1,0
25,4,1,0
43,2,1,0
33,1,4,1
36,4,0,0
24,4,0,0
28,1,2,1
41,2,1,2
47,0,2,0
34,13,0,2
31,1,0,0
31,4,0,1
34,0,4,1
42,4,1,0
30,0,1,0
35,1,3,0
27,8,1,1
30,1,3,0
31,0,0,2
27,2,3,0
26,3,1,2
32,0,2,0
36,2,3,1
23,1,0,0
36,3,1,2
38,1,0,0
39,1,2,0
29,3,1,0
36,0,3,0
30,2,1,0
28,8,0,0
38,0,2,0
50,1,3,0
38,3,1,1
37,0,2,1
28,3,3,1
29,1,1,1
46,3,0,0
41,0,0,1
31,2,0,0
49,2,1,1
46,1,2,0
24,0,2,1
46,1,2,1
28,0,4,0
40,0,0,0
41,0,1,0
41,1,3,0
41,1,2,1
49,2,1,0
37,0,4,0
34,3,3,0
53,3,1,0
36,1,3,0
40,0,5,0
39,1,0,0
31,1,11,1
40,2,2,0
53,0,1,0
39,4,1,0
48,1,0,0
36,0,0,0
40,3,0,0
43,2,1,0
40,2,1,0
47,3,1,0
40,0,2,0
31,1,2,0
36,1,2,0
37,1,0,0
32,0,0,0
33,1,2,0
36,3,1,1
42,5,1,2
32,1,5,0
46,1,2,0
38,8,4,0
45,2,1,0
34,1,4,0
42,14,6,1
34,0,1,0
33,0,1,0
46,1,4,1
28,0,1,0
39,4,5,0
22,14,1,1
45,4,0,0
33,1,7,0
34,1,0,0
31,0,3,0
42,1,2,0
38,1,0,0
36,1,1,0
35,1,0,0
45,0,1,0
36,2,2,0
34,0,2,2
25,1,5,1
39,2,2,1
33,5,2,0
50,2,1,0
33,0,2,0
49,3,0,0
46,1,0,0
33,0,0,1
34,1,0,0
40,0,0,0
50,1,1,0
18,1,3,0
38,0,1,0
29,3,3,1
41,2,8,0
38,2,0,0
27,3,0,0
31,1,1,0
38,4,1,0
37,0,3,1
35,2,2,1
35,2,8,0
30,2,0,0
36,2,2,0
30,2,0,0
33,2,0,0
40,0,2,0
30,0,2,1
37,1,3,0
35,3,2,0
27,4,1,0
35,1,1,1
39,2,3,0
36,0,1,1
30,2,3,0
39,0,3,0
32,2,2,0
42,1,1,0
40,1,2,0
22,0,5,0
46,0,1,0
40,2,2,0
31,1,5,0
33,2,0,0
41,0,2,0
25,0,2,0
35,1,0,0
35,0,0,0
39,3,5,0
39,1,1,0
44,1,1,0
33,0,12,4
30,0,3,0
40,2,3,0
33,0,2,0
44,0,4,0
38,2,2,1
37,0,0,0
34,7,1,0
44,2,1,0
35,2,3,0
18,1,3,1
39,0,1,0
47,0,2,0
33,2,4,0
33,0,3,0
31,3,1,0
26,3,0,2
39,3,4,0
41,0,3,1
31,0,2,0
41,0,0,1
44,5,3,1
36,2,0,0
42,2,2,0
32,0,2,2
34,2,3,0
36,1,3,0
41,2,1,0
35,1,0,0
44,1,2,1
28,4,0,0
33,1,2,1
35,0,4,0
32,8,0,1
35,0,2,0
30,5,2,0
32,7,0,1
44,1,2,0
38,0,0,0
38,0,7,0
29,5,5,2
30,1,1,0
42,1,2,0
25,2,3,0
35,3,2,2
27,0,11,0
37,0,1,0
25,5,3,1
32,4,1,0
33,0,1,0
27,1,0,0
45,1,1,1
28,2,1,0
36,1,0,2
35,8,2,0
30,2,1,0
39,3,0,0
31,6,1,1
31,6,1,2
44,3,2,0
41,0,1,0
48,1,5,0
27,3,2,0
44,1,3,0
28,3,0,1
34,0,1,0
44,2,3,0
35,0,2,0
35,1,2,0
26,2,2,0
31,1,3,0
31,2,2,1
37,1,1,0
39,3,2,0
40,0,0,0
32,1,1,0
24,8,3,0
29,2,2,0
33,0,2,0
35,1,3,0
49,3,3,0
47,0,0,0
39,1,1,0
37,3,1,0
41,1,1,0
26,2,1,0
29,8,1,2
20,4,4,0
40,3,0,0
34,2,1,0
37,2,3,0
30,8,0,2
35,1,0,2
31,3,0,1
32,4,2,1
29,4,1,0
33,2,1,0
31,0,0,1
31,1,4,0
34,1,0,0
25,6,0,1
39,3,1,1
45,2,1,0
40,2,0,0
36,0,2,0
40,1,5,0
32,0,2,1
39,1,2,0
33,1,4,0
34,2,4,0
38,7,2,0
30,1,1,0
34,1,2,0
43,0,0,0
27,8,0,2
43,0,2,0
33,2,3,0
45,6,0,1
24,1,2,0
36,1,0,0
31,1,5,1
26,1,0,0
35,3,1,0
33,0,0,0
42,1,1,0
44,1,1,0
35,0,4,0
42,3,0,0
33,1,2,0
31,1,1,0
40,3,1,0
36,0,2,1
29,4,2,1
32,3,1,0
39,2,2,0
31,4,0,0
43,1,4,0
42,9,1,2
43,3,1,2
32,1,12,0
29,1,0,1
24,0,5,1
32,0,1,0
35,3,1,0
34,0,6,0
35,0,1,1
46,1,3,0
34,2,1,0
21,2,0,0
47,1,2,1
37,1,0,0
44,0,1,0
37,2,1,0
44,3,1,1
32,10,0,1
41,1,2,1
34,2,0,0
40,1,0,0
29,3,0,0
28,1,0,0
45,2,0,1
35,0,1,1
35,0,5,0
28,3,2,0
28,5,2,0
38,3,4,0
45,7,1,0
36,0,1,0
35,8,0,0
33,2,0,0
32,0,3,0
30,5,1,0
40,2,0,0
27,1,0,0
32,0,3,0
55,1,1,0
27,0,5,0
43,2,2,1
34,0,1,0
40,1,0,0
42,1,2,0
31,0,0,0
33,0,1,0
26,1,2,0
43,3,6,0
34,1,2,0
42,5,4,0
43,2,1,1
24,4,5,1
41,2,0,0
39,0,4,0
29,0,3,0
29,3,0,0
39,1,1,0
36,1,0,0
35,1,0,0
37,0,2,0
33,0,0,1
28,3,2,0
44,0,0,0
49,2,2,0
36,2,0,0
44,1,1,0
43,2,1,0
40,2,2,0
23,5,1,0
36,9,3,0
39,0,2,0
32,2,1,0
29,6,1,0
28,13,1,0
44,0,0,0
34,10,2,1
26,0,0,0
35,2,2,0
35,2,1,0
41,1,5,1
25,2,3,0
35,1,2,0
40,0,1,0
25,1,0,0
33,0,5,1
28,0,1,0
40,3,0,0
42,2,1,0
43,0,0,0
29,6,2,0
33,1,2,0
43,0,0,1
43,2,0,1
37,3,1,0
34,2,4,2
41,2,9,2
37,1,2,1
27,2,0,0
42,4,1,0
35,1,1,1
34,2,0,0
28,3,1,0
30,1,3,0
39,1,1,1
38,2,0,0
44,1,1,0
33,3,2,0
45,1,2,2
38,0,3,1
41,0,0,0
37,1,8,0
30,1,4,0
22,1,1,2
48,0,0,0
33,1,2,1
34,3,0,0
46,4,1,0
31,0,7,2
44,2,5,0
41,1,2,0
43,0,0,0
33,1,0,0
44,3,6,0
25,1,3,0
30,7,1,1
29,1,1,0
36,1,6,0
34,0,0,0
31,2,0,0
34,3,3,0
34,3,2,0
26,4,3,1
30,0,2,0
40,1,2,0
42,1,2,0
31,4,1,0
37,2,1,0
18,4,8,5
33,0,1,0
29,8,3,0
28,3,4,1
43,0,3,0
33,0,3,0
38,0,2,0
39,0,9,0
45,0,1,0
40,2,0,0
36,1,2,0
38,0,2,0
39,2,0,0
46,1,4,0
41,1,1,0
39,2,1,0
34,0,1,0
28,3,1,0
38,1,0,0
44,3,3,0
41,1,0,1
41,10,1,0
33,3,0,0
39,0,2,0
41,1,0,0
41,1,2,0
29,0,2,1
34,0,5,0
31,2,1,0
38,3,0,1
30,6,0,1
37,0,6,0
29,1,4,1
35,2,0,0
40,1,0,0
35,2,2,0
37,3,1,0
28,1,0,0
33,1,1,0
37,4,1,0
49,1,0,3
48,1,3,0
33,4,1,0
36,1,2,0
27,7,0,0
34,7,2,0
23,5,2,1
40,2,2,0
47,2,2,0
33,0,2,1
31,2,2,0
41,2,0,0
27,6,0,0
31,4,0,0
51,1,2,0
29,2,2,1
43,1,2,0
30,1,3,0
39,4,0,0
41,12,1,0
34,4,0,0
31,2,2,0
39,0,2,1
25,2,2,0
34,0,1,0
41,2,0,0
38,1,1,1
38,0,5,0
37,0,6,0
26,1,0,0
39,2,1,1
41,6,0,0
28,0,2,0
51,0,0,1
32,3,5,0
36,1,2,1
25,5,2,0
35,1,0,0
33,0,0,1
26,0,1,1
30,2,3,1
30,1,4,0
26,3,1,0
30,0,4,1
28,1,6,0
25,10,8,3
26,3,0,0
44,0,0,0
52,1,0,0
28,15,0,1
34,1,5,0
40,8,1,1
45,2,0,0
46,0,0,0
45,3,5,0
42,1,1,0
28,0,3,0
31,2,3,0
35,2,0,0
45,0,2,0
45,1,0,0
29,2,2,0
35,2,3,1
34,5,1,0
34,5,4,0
39,0,0,0
30,0,2,0
31,1,6,0
49,2,0,1
41,0,3,1
44,1,3,0
35,7,0,0
38,0,1,0
32,2,2,0
38,0,0,0
37,0,2,0
42,3,0,1
39,0,0,0
58,0,1,0
37,0,8,0
36,2,6,0
37,3,0,0
33,4,2,0
45,3,2,1
34,0,4,0
42,1,3,0
19,6,3,0
35,2,2,0
29,0,3,0
25,2,3,0
39,4,0,0
42,1,2,0
38,2,0,0
39,0,1,0
33,1,2,0
44,5,0,1
38,1,0,0
50,2,0,0
37,2,1,0
25,7,0,0
35,0,0,0
24,3,3,1
39,2,1,0
35,1,1,0
39,2,4,0
35,2,1,0
25,0,1,0
44,1,0,0
19,4,0,0
39,1,1,0
34,5,0,0
31,2,6,0
42,3,2,0
40,0,1,0
34,2,3,0
44,9,1,0
41,2,2,0
32,2,0,0
30,1,1,2
45,1,5,0
19,7,0,0
36,4,0,0
45,1,1,1
34,2,5,0
35,3,2,0
46,2,0,1
40,1,3,1
34,3,0,1
34,0,1,0
35,1,3,1
42,1,0,1
39,1,3,0
39,0,4,0
37,3,0,0
25,0,4,0
49,0,2,0
21,3,2,1
33,1,1,0
30,0,2,0
35,4,2,0
36,4,0,0
39,3,1,0
32,5,0,0
24,4,6,1
38,1,0,0
32,2,1,0
41,0,7,0
45,0,1,0
33,9,0,0
34,1,4,1
32,2,3,1
38,0,0,0
39,2,1,0
32,1,2,0
29,8,0,1
28,1,4,0
25,0,1,0
32,3,0,0
35,5,3,1
41,3,2,0
30,2,4,0
42,4,0,0
38,0,1,0
29,0,0,0
37,2,1,0
46,1,0,0
44,0,1,0
32,7,1,1
37,0,0,0
25,0,3,0
33,0,4,0
32,1,1,0
32,1,7,1
34,2,4,0
44,1,0,0
38,0,0,0
40,0,2,0
27,2,1,0
33,2,0,0
34,3,0,0
35,3,2,0
36,0,1,1
47,1,4,0
37,1,1,0
25,0,4,0
44,0,3,1
32,3,3,0
33,4,1,0
33,0,1,0
27,4,0,0
42,2,2,0
38,0,1,1
38,0,2,0
33,2,0,0
32,0,8,1
47,1,1,0
31,2,2,1
31,2,1,0
39,3,0,0
28,1,2,2
41,1,1,0
34,9,0,2
35,3,2,0
21,2,13,0
35,2,2,0
25,7,2,0
29,1,2,1
30,7,2,0
32,0,2,0
40,11,1,0
34,6,1,1
27,0,0,1
35,1,0,0
30,0,0,0
22,3,2,0
35,1,2,0
33,2,0,0
28,7,0,0
39,1,3,0
38,0,0,0
29,2,0,0
36,1,6,1
35,10,0,1
43,0,0,0
43,0,0,0
26,6,0,0
16,2,6,1
24,7,3,2
23,10,0,0
28,0,1,0
36,2,1,0
31,0,2,0
34,1,0,0
35,4,2,0
34,1,1,0
35,2,8,1
41,1,0,0
33,2,0,0
27,1,3,0
29,11,0,0
39,2,1,0
33,1,0,0
32,2,1,0
32,14,0,1
30,1,0,0
45,0,1,0
32,4,1,0
24,3,1,4
24,0,5,0
40,2,2,1
43,0,1,0
35,3,1,0
32,1,3,1
38,3,0,1
31,1,1,0
30,4,2,0
37,0,0,0
42,2,1,0
48,1,2,0
37,0,2,0
25,0,8,2
46,1,0,0
42,0,1,0
43,2,3,1
33,1,2,0
29,1,1,0
34,2,5,0
31,0,0,0
29,9,0,2
44,2,0,1
27,5,0,0
39,2,2,1
33,0,5,0
22,2,2,0
35,6,2,0
38,2,2,0
41,2,0,0
33,0,3,0
59,3,1,0
32,1,3,0
37,0,0,0
53,0,1,0
33,1,5,0
34,0,4,0
35,1,3,0
49,0,1,0
30,2,2,0
35,2,2,1
34,5,0,0
39,3,1,0
32,1,1,0
43,1,0,1
45,6,1,0
27,1,2,2
52,3,1,0
28,1,0,1
41,1,1,0
42,0,1,1
41,0,2,0
40,3,3,1
29,2,4,0
33,7,3,0
28,0,1,0
34,6,1,1
37,2,0,0
49,2,0,0
42,1,0,0
37,1,2,0
38,3,0,0
36,4,0,0
37,1,1,1
42,1,3,1
42,2,1,0
49,0,1,0
26,3,1,0
33,1,5,0
37,0,0,0
39,1,0,0
47,1,3,0
30,2,1,1
41,1,6,0
29,5,9,2
41,5,4,0
19,1,3,1
41,3,1,0
32,3,0,0
42,1,0,2
35,1,0,0
35,2,0,0
39,1,2,0
35,5,3,1
39,3,1,0
38,1,3,1
43,2,1,0
34,2,1,0
29,1,0,0
31,7,3,0
24,10,0,0
45,3,1,2
33,0,2,0
43,1,2,0
52,1,2,0
40,0,4,0
33,3,2,0
41,1,1,0
31,0,0,0
44,1,4,0
35,10,0,0
39,0,0,0
29,2,0,1
42,1,2,0
31,2,2,0
32,8,0,3
31,2,2,0
32,4,2,3
40,1,0,0
29,1,2,0
33,1,0,0
36,1,1,0
34,7,5,0
37,1,0,0
30,1,3,0
31,2,2,1
20,2,2,1
32,1,0,1
36,4,1,0
38,0,1,0
29,1,2,0
23,8,4,0
30,5,1,0
26,2,1,0
34,1,1,0
42,1,1,0
45,1,2,0
49,2,1,0
29,0,2,1
39,2,0,1
24,7,5,2
30,0,5,0
37,1,1,0
35,2,5,0
33,1,0,0
42,1,1,0
30,2,6,0
31,2,5,0
39,1,1,0
36,2,3,0
32,0,1,0
32,1,9,0
39,11,0,0
36,7,1,0
27,1,3,0
39,0,6,1
33,1,0,0
35,5,2,1
27,1,4,0
27,0,0,0
31,2,0,1
39,4,3,0
36,0,0,1
25,0,4,0
38,2,0,0
35,1,4,0
30,1,4,2
36,2,0,0
38,2,0,0
35,0,1,0
32,3,2,0
34,8,1,1
36,2,2,0
24,9,0,0
31,2,3,0
23,6,4,1
44,5,1,0
34,1,1,0
48,1,3,0
34,3,1,1
43,4,3,0
37,2,1,0
35,4,0,0
48,0,2,0
56,0,3,0
34,0,2,1
34,0,0,0
32,0,5,0
34,7,3,1
23,0,3,0
44,2,1,0
30,1,0,0
38,7,1,0
33,1,3,1
47,0,1,0
49,3,0,0
40,4,0,1
30,6,0,0
33,4,0,0
41,1,1,0
41,0,1,0
45,0,0,0
44,2,1,0
51,0,1,0
33,1,5,1
28,0,2,0
34,1,0,1
40,0,2,0
40,1,1,0
31,0,2,0
43,2,0,0
30,1,3,0
29,3,3,0
47,0,0,0
34,1,3,0
26,10,0,0
33,1,1,1
34,8,1,0
32,5,0,0
30,0,0,0
32,2,6,0
38,0,0,1
29,0,1,0
30,9,0,0
37,6,1,2
24,1,0,0
50,2,1,0
38,2,5,0
30,1,0,0
23,8,2,1
34,0,0,0
26,3,0,0
39,1,1,0
38,0,0,0
39,1,1,0
37,3,0,0
30,1,4,0
44,1,1,0
35,4,2,0
24,1,0,0
37,0,7,1
31,7,4,1
38,1,2,0
48,2,1,0
30,13,1,0
39,1,1,0
36,0,5,0
49,1,1,0
37,0,3,1
39,4,0,0
39,2,2,0
39,2,0,0
40,2,4,0
45,1,1,0
41,1,0,0
31,1,2,0
49,3,1,0
37,1,1,0
36,2,1,0
34,3,0,1
38,2,1,0
30,2,0,1
43,1,3,1
42,3,1,0
42,2,1,0
38,3,0,0
38,2,1,0
34,3,0,0
34,2,4,0
37,3,0,1
31,2,2,0
40,0,2,1
38,1,1,1
35,2,2,0
34,2,3,0
37,4,1,1
32,1,6,0
28,1,0,0
37,2,4,0
30,1,0,0
28,1,1,1
29,0,2,1
25,8,3,1
31,0,0,0
35,0,1,0
37,1,3,0
30,1,8,1
33,0,1,0
28,0,0,0
43,1,1,0
23,0,1,0
43,1,2,0
40,0,1,0
51,2,0,0
43,1,3,0
43,1,3,0
35,1,2,0
33,1,3,0
23,8,6,1
36,2,0,0
44,1,0,0
32,2,1,0
36,0,2,0
26,5,3,4
29,11,1,0
33,0,5,0
23,5,4,1
33,3,4,0
44,0,2,0
35,0,0,1
52,1,0,0
31,1,1,1
33,1,1,0
37,2,1,1
41,4,0,0
34,1,3,0
42,0,3,0
32,4,1,1
42,1,0,2
29,1,0,0
32,6,0,0
44,1,1,0
37,0,5,2
35,1,2,0
40,0,0,0
39,1,3,0
43,2,1,0
43,2,1,0
37,0,2,0
32,1,2,0
49,0,2,0
38,1,6,0
41,0,0,1
24,2,1,0
33,5,1,1
21,7,1,1
33,5,2,0
29,2,1,0
43,0,1,0
39,1,3,0
38,2,1,0
40,1,1,0
32,3,1,0
37,1,1,0
39,3,0,0
35,3,1,1
37,1,2,0
35,3,0,0
32,1,1,0
30,1,0,0
45,1,1,0
47,2,0,0
45,2,2,1
41,3,2,0
40,0,0,0
34,2,0,0
37,1,2,0
37,2,0,0
29,4,6,1
39,2,2,0
32,1,1,0
47,0,2,0
27,1,1,0
42,1,1,1
33,8,0,0
30,1,2,0
31,7,0,0
47,2,0,1
40,5,1,0
28,7,1,1
45,3,0,0
46,0,2,0
31,3,1,0
42,2,1,0
39,2,1,1
40,1,0,0
51,0,5,1
39,3,3,0
35,0,0,0
33,2,2,0
28,2,3,1
39,7,0,1
48,1,1,0
44,4,3,1
38,0,3,0
34,3,0,2
30,0,2,0
35,2,2,0
20,6,1,0
49,2,1,0
29,4,0,1
34,8,2,0
25,2,1,0
39,6,0,1
38,0,1,0
37,2,0,1
22,18,0,0
47,3,1,0
48,2,0,0
37,0,2,0
37,0,8,0
30,4,4,0
41,2,3,0
32,0,2,1
39,0,0,0
39,1,2,0
41,1,0,0
40,0,3,0
39,3,1,1
39,3,1,0
39,0,1,0
35,7,2,0
24,7,3,1
44,0,2,0
37,3,0,0
46,2,1,0
40,0,0,1
34,2,3,0
47,0,0,0
44,2,1,0
34,2,3,0
53,0,2,0
39,3,4,0
35,0,4,0
29,0,1,0
30,0,1,0
45,1,1,0
42,1,1,0
35,0,1,0
38,2,5,0
51,2,2,0
35,1,5,0
34,0,4,0
34,1,3,0
26,4,3,0
33,2,2,0
46,2,1,0
36,2,3,1
21,0,4,0
35,1,8,1
43,1,0,0
31,2,0,0
39,2,2,0
39,2,1,0
27,4,0,0
40,2,0,0
29,2,5,0
21,0,9,0
40,3,0,0
29,6,5,1
29,0,1,0
38,1,1,0
41,4,3,0
34,2,2,2
42,2,1,1
37,1,1,1
32,0,0,0
38,0,2,0
36,1,3,0
38,0,1,0
33,1,4,1
40,1,2,0
33,2,1,0
30,0,0,0
27,0,1,0
23,1,4,1
46,0,1,0
41,3,2,0
42,1,0,1
36,2,0,0
35,0,1,0
31,0,1,0
39,2,1,0
43,1,0,0
35,0,1,0
45,1,0,1
41,1,4,1
44,1,1,0
35,1,2,0
36,0,1,0
41,3,0,0
39,2,2,0
41,0,2,1
32,1,3,0
42,2,0,0
40,0,0,0
39,0,1,0
35,4,6,1
42,2,1,1
35,0,2,0
40,5,1,0
34,1,0,0
47,3,3,0
34,1,5,0
52,2,1,0
33,3,0,0
36,0,1,1
25,0,0,0
32,2,0,0
34,2,1,2
35,3,3,0
22,0,3,0
38,2,0,0
32,0,2,0
32,2,3,0
45,1,0,0
38,2,0,0
36,0,0,0
34,0,1,0
49,1,1,0
43,1,2,0
37,0,1,0
38,2,3,0
41,2,1,0
28,8,1,4
29,1,2,0
36,0,3,1
35,0,1,0
36,11,0,0
35,4,1,0
26,0,4,0
41,0,2,0
45,2,4,0
38,0,2,0
32,2,2,0
36,1,3,2
25,5,6,0
41,1,1,0
38,2,0,0
34,6,3,2
32,7,0,1
32,2,2,0
39,1,0,0
36,2,1,0
35,0,0,0
40,3,1,0
35,1,0,0
30,1,1,0
45,1,0,0
35,1,2,1
40,0,3,1
38,1,0,0
29,0,1,0
34,3,3,0
39,1,1,0
33,1,7,0
39,2,0,0
32,9,0,0
37,1,0,0
24,6,3,1
45,2,0,0
24,1,2,0
30,0,1,0
36,3,2,1
46,2,1,0
31,0,1,0
35,1,2,0
42,3,1,0
34,1,0,0
44,1,0,0
35,0,3,0
41,1,2,0
39,2,1,1
43,2,0,1
25,3,1,0
31,1,6,0
29,1,2,0
41,3,0,0
39,2,4,0
26,1,10,0
31,7,1,0
37,0,2,0
39,2,2,1
27,3,6,1
40,4,0,0
35,2,2,0
38,2,1,0
33,0,1,0
36,0,3,0
38,2,0,0
30,3,1,0
29,2,1,0
22,2,1,0
38,2,0,0
28,0,2,0
30,2,1,0
34,0,6,0
47,1,1,0
35,0,0,0
36,0,5,0
39,0,6,0
30,2,0,0
26,5,0,1
39,2,1,0
39,3,2,0
28,1,1,1
39,3,2,0
37,2,1,1
34,1,1,0
29,1,2,0
20,7,0,0
42,0,0,0
37,1,5,0
38,2,0,0
31,8,1,0
20,3,1,0
35,3,0,0
26,6,3,2
28,4,2,0
35,2,4,0
33,0,9,0
32,1,4,0
37,2,2,0
33,0,3,0
37,0,1,0
34,0,0,0
29,3,0,0
46,2,0,1
42,3,0,0
34,12,1,1
34,1,2,0
37,1,1,0
35,2,0,0
37,2,2,0
37,3,0,0
34,1,1,0
34,0,0,0
31,0,0,0
40,0,1,0
46,0,1,0
35,2,2,0
31,2,0,0
35,0,5,1
39,3,3,0
35,3,1,0
48,1,1,0
32,1,9,0
38,9,1,2
47,1,0,0
39,5,4,5
42,1,0,0
32,5,5,0
35,0,2,0
38,1,0,0
36,0,1,0
44,1,0,0
36,2,0,0
36,11,0,0
39,2,0,0
23,1,1,0
42,0,1,0
31,1,0,0
41,0,4,0
43,0,0,0
42,0,0,0
32,5,0,0
26,7,0,0
27,2,2,0
21,3,0,1
38,6,0,0
45,2,1,0
37,3,1,0
31,0,5,2
34,1,2,0
38,1,1,0
47,3,0,0
29,15,1,0
34,1,1,0
36,0,0,2
33,2,4,0
33,2,5,0
33,3,1,1
22,7,4,1
37,1,2,0
36,0,1,0
34,0,0,1
26,6,1,1
28,3,1,1
40,0,2,0
33,3,1,1
33,1,2,0
31,2,3,1
30,1,1,0
49,0,0,0
35,1,1,0
41,4,1,0
30,0,0,0
39,3,1,0
30,9,0,0
35,2,0,0
46,3,1,0
31,0,1,0
27,9,1,0
38,0,1,0
25,0,7,0
25,1,6,1
32,1,2,1
36,7,2,2
33,0,0,0
42,1,7,0
39,2,0,0
43,3,1,0
39,0,4,0
32,2,0,0
34,3,1,0
46,1,1,0
34,0,2,0
32,7,0,0
41,1,0,0
22,4,0,0
34,1,1,0
38,4,0,3
38,2,2,0
33,0,5,0
35,3,4,0
38,1,0,1
38,0,2,0
44,1,1,0
29,0,3,2
34,2,0,0
40,0,1,1
44,6,0,0
23,3,7,1
37,0,3,0
43,3,2,0
45,1,2,0
29,1,2,0
40,2,0,1
32,2,3,0
31,2,8,1
30,0,4,0
43,1,0,0
24,0,10,0
37,0,1,0
30,1,1,0
41,1,4,0
34,3,1,0
33,1,1,0
23,4,3,0
39,1,1,1
44,2,1,0
37,0,2,1
29,0,1,0
33,1,1,0
43,2,1,0
48,2,1,0
36,1,0,0
40,1,0,0
36,1,2,0
38,0,0,0
52,1,4,0
33,1,2,0
35,0,1,0
30,3,0,0
30,1,0,0
37,6,3,2
31,1,2,0
47,1,0,0
27,2,0,1
28,1,1,0
31,10,1,0
46,2,1,0
36,2,1,0
35,2,0,0
36,3,4,0
30,1,6,1
41,1,2,0
27,1,10,2
33,1,3,0
28,0,4,0
37,0,7,2
44,2,1,0
37,0,2,0
37,1,1,0
31,0,1,0
42,2,2,0
34,0,2,0
39,8,1,1
27,3,1,2
48,2,0,0
27,4,3,1
30,1,1,0
54,4,0,0
34,2,0,0
33,0,2,0
38,1,0,0
27,2,7,2
35,2,1,0
45,0,1,0
30,1,3,1
46,1,1,0
49,0,1,0
54,1,0,0
23,0,8,1
34,1,0,2
22,1,3,0
38,1,2,0
36,1,2,1
31,8,3,1
35,2,0,0
36,2,2,0
27,3,2,0
38,1,1,0
34,2,0,0
32,2,4,0
35,0,2,0
35,4,2,0
38,4,1,0
38,2,1,0
36,1,2,1
44,0,3,0
25,2,1,0
31,11,1,1
44,0,1,0
37,0,3,1
39,1,4,0
37,1,3,2
40,1,2,0
26,8,1,1
46,1,1,0
42,1,1,0
31,2,3,0
28,4,5,0
35,1,2,1
35,2,4,0
40,2,1,0
39,3,0,0
29,12,1,0
31,4,3,1
49,2,2,0
30,2,6,0
36,3,3,0
37,2,1,1
23,2,0,0
31,1,0,0
25,1,0,0
39,1,2,1
32,1,6,1
36,1,0,0
43,6,1,1
36,1,0,0
37,1,2,1
36,6,6,2
39,1,2,0
40,1,0,1
32,4,1,1
41,1,4,0
24,9,0,0
33,0,1,0
27,0,0,0
47,3,2,0
30,2,0,1
29,7,7,2
44,3,1,0
37,0,0,0
38,2,1,1
34,2,2,0
30,1,0,0
35,1,3,0
18,0,0,0
33,0,1,0
33,1,5,0
33,1,1,0
31,3,2,0
39,2,1,0
31,3,1,0
36,0,6,1
35,2,2,0
35,1,2,1
32,1,1,0
46,0,1,0
44,0,3,0
26,1,14,1
38,0,1,0
38,1,0,0
27,1,0,0
33,1,1,0
50,1,0,2
33,1,3,0
36,1,4,0
44,1,0,0
28,2,1,0
31,1,0,0
21,6,3,0
48,0,0,0
42,2,2,0
40,1,1,0
33,5,1,2
30,1,1,0
33,0,0,0
36,10,0,0
42,2,2,0
46,1,5,0
44,1,0,1
35,1,1,0
27,3,1,1
39,6,1,0
39,0,4,0
36,0,1,0
38,2,0,0
30,1,0,0
34,2,4,1
46,7,1,0
49,0,1,0
38,2,1,0
30,7,0,1
31,1,6,2
50,3,0,1
35,1,0,0
31,1,1,0
45,4,1,0
32,1,1,0
45,8,0,0
45,0,1,0
31,0,1,0
40,1,0,0
38,7,4,1
39,0,0,0
36,2,3,1
41,3,3,0
36,13,1,0
41,1,0,0
42,0,1,0
33,0,1,1
33,1,1,0
42,1,1,0
31,3,2,0
20,7,0,2
40,2,0,0
48,6,1,0
34,1,0,0
45,3,1,0
34,2,5,0
32,2,3,0
43,2,4,0
31,2,1,1
29,5,1,0
36,0,6,0
38,1,1,0
34,0,2,0
41,1,2,0
29,0,5,0
33,4,0,0
32,0,1,0
31,13,1,1
39,1,1,0
37,3,0,0
43,2,2,1
46,1,3,0
30,0,3,2
26,9,0,0
38,3,2,0
40,0,3,0
32,0,7,0
31,5,3,1
20,5,3,2
41,2,2,0
44,2,0,0
34,2,2,1
37,2,4,0
46,0,5,0
29,0,0,2
47,2,2,0
23,6,4,1
32,0,1,0
24,4,0,0
26,0,2,1
45,2,0,1
39,0,3,0
41,3,0,0
33,3,1,0
30,1,4,0
34,12,0,1
39,0,1,0
37,3,2,0
33,1,0,0
38,0,2,1
45,3,3,0
33,2,1,0
34,3,1,1
31,1,2,1
21,17,1,1
32,1,4,0
43,0,1,1
36,1,0,0
29,8,1,0
27,5,0,0
39,3,4,0
39,1,1,0
32,2,2,1
33,0,2,0
31,4,4,0
35,2,2,0
36,0,2,0
39,2,1,0
47,4,1,0
43,1,1,0
37,1,3,1
32,1,2,1
42,2,2,0
39,1,0,0
41,5,0,0
43,2,0,0
27,10,0,1
32,1,6,1
42,4,3,0
26,1,6,0
36,3,0,0
23,1,1,0
27,9,1,0
34,8,0,1
43,2,3,1
41,1,0,0
42,1,6,0
42,1,1,0
33,1,2,0
34,1,4,0
34,1,7,0
31,0,2,0
43,0,3,0
35,3,3,0
37,2,2,0
36,2,1,0
32,0,3,0
39,3,0,2
46,1,1,0
33,0,5,1
44,0,2,0
41,2,2,0
44,0,1,1
24,1,1,0
38,2,1,0
38,0,0,0
37,0,1,0
42,4,4,0
43,0,0,0
36,4,2,1
43,0,2,1
35,1,2,0
51,1,5,0
31,2,9,0
43,2,2,0
37,2,6,0
34,1,2,0
34,0,3,1
35,2,2,1
37,3,1,0
25,6,1,2
28,1,0,0
29,0,1,0
37,1,2,0
47,2,2,0
41,0,0,0
43,0,0,1
32,2,4,0
34,1,0,0
36,1,3,0
50,2,0,0
39,2,3,0
34,1,6,1
38,2,5,0
43,4,3,0
42,3,0,0
28,5,1,0
33,1,2,0
49,4,0,0
35,3,1,1
35,2,1,0
39,1,0,0
51,2,1,0
42,0,0,0
32,6,0,0
46,0,1,1
37,2,1,1
29,4,1,0
35,4,0,0
39,0,1,1
41,1,0,0
34,0,1,0
44,0,4,0
37,1,1,0
38,0,0,0
35,8,5,2
45,0,1,0
31,3,1,0
38,1,6,1
31,2,3,0
27,1,2,0
36,2,1,0
36,9,1,2
41,1,3,1
34,3,1,0
31,1,0,0
41,2,0,0
36,1,3,0
30,3,0,0
46,3,0,0
40,2,1,0
34,3,0,0
35,3,1,0
37,8,0,0
45,2,6,1
29,2,1,0
35,4,0,0
35,2,1,0
40,1,3,0
39,2,2,0
39,14,2,0
51,2,0,0
25,9,3,2
41,3,1,0
35,1,1,0
26,4,0,1
42,0,0,0
33,0,1,0
33,0,0,0
38,0,2,0
34,3,0,1
35,1,0,0
37,3,4,1
40,1,2,1
36,1,1,1
26,0,2,1
35,1,1,0
37,3,1,0
40,1,2,0
37,0,4,1
36,1,2,0
38,2,6,1
34,4,0,1
47,1,0,1
35,2,3,1
40,0,2,0
31,3,0,0
45,2,0,0
24,5,2,1
38,2,0,0
31,0,2,0
34,2,0,0
30,4,0,1
29,1,4,0
37,1,2,0
42,1,1,0
28,0,4,0
25,1,4,0
34,0,1,1
45,3,0,1
38,2,0,1
32,0,3,0
43,1,2,0
34,0,0,0
41,0,0,1
25,4,0,1
42,0,1,0
40,1,5,0
34,2,2,0
36,0,1,0
30,1,1,0
27,2,0,1
32,0,0,0
43,1,1,0
43,2,0,0
27,5,5,4
35,1,1,0
38,6,0,0
47,2,1,2
28,4,5,0
38,0,2,0
29,1,1,0
43,3,2,0
45,2,2,0
41,0,1,0
24,1,1,0
28,1,0,0
46,1,0,0
40,1,2,1
36,3,1,0
42,2,2,0
39,2,2,0
39,1,0,0
39,8,0,0
37,1,0,0
40,2,1,0
29,2,1,1
37,0,0,0
37,1,1,0
32,1,1,0
38,1,0,0
39,2,0,0
35,2,2,1
27,2,1,0
34,1,0,0
40,1,0,0
30,0,0,0
32,4,1,1
40,1,1,0
32,0,5,3
41,3,3,0
40,0,3,0
48,1,0,0
41,2,3,0
33,1,1,0
43,2,2,1
32,3,7,0
31,1,0,0
43,4,2,1
26,6,0,1
38,1,0,0
31,8,1,0
31,1,1,0
31,7,4,2
32,2,3,0
24,5,3,3
23,2,2,1
28,2,3,0
26,5,2,0
44,0,0,1
47,0,0,1
29,1,0,0
39,1,3,0
41,0,4,1
30,0,2,0
24,1,2,0
45,0,4,0
26,10,0,0
46,1,2,1
36,2,0,1
32,1,2,0
34,2,1,0
51,0,2,0
41,1,3,0
32,2,0,0
37,3,1,0
36,2,4,0
32,4,0,0
41,3,0,0
34,2,2,0
34,1,6,0
33,0,3,0
42,2,0,0
24,8,0,0
39,6,0,1
34,3,1,0
28,6,5,1
39,1,6,1
34,0,2,0
34,1,2,0
30,1,6,0
32,1,0,1
40,2,1,0
38,0,1,0
33,3,3,1
38,4,1,1
22,0,2,0
25,3,3,0
50,2,0,0
26,9,1,2
41,1,1,0
23,2,3,1
40,2,1,0
33,3,1,0
24,0,5,1
35,1,1,1
31,4,1,0
37,2,3,1
31,13,1,0
35,2,1,0
37,1,0,0
31,0,0,0
35,0,4,0
48,1,1,0
34,0,1,1
40,0,1,1
31,2,1,0
36,0,0,0
29,1,5,1
31,9,1,0
28,9,0,1
27,12,1,0
33,0,1,0
43,2,1,0
42,4,1,0
34,0,1,0
41,4,5,1
41,4,1,0
44,8,1,2
33,0,2,0
48,5,1,0
41,3,0,0
31,3,0,0
35,0,8,1
34,2,0,0
43,3,2,1
32,8,1,1
43,1,3,0
40,3,2,1
33,1,0,0
23,1,8,0
35,0,0,0
32,3,9,1
37,3,2,0
42,0,1,0
34,0,1,1
48,0,1,0
39,2,0,0
20,2,11,1
44,4,2,0
43,1,0,0
19,0,2,0
40,2,2,1
34,1,3,0
36,2,2,0
40,0,0,0
41,2,1,0
33,0,1,0
54,2,0,0
35,1,0,0
39,1,0,0
36,2,1,1
35,2,3,0
41,1,1,0
44,1,2,0
48,1,1,0
49,0,0,0
37,4,1,0
32,0,0,0
37,0,1,0
23,5,4,0
28,2,2,0
36,1,1,0
32,2,2,0
48,0,0,0
35,1,2,0
32,2,3,0
31,4,1,0
40,0,2,1
39,1,1,0
43,1,1,0
37,12,0,1
29,0,1,0
36,3,1,1
39,1,3,0
44,0,2,1
35,2,1,0
39,0,0,0
33,1,7,0
31,2,5,0
31,2,2,0
37,0,0,0
44,1,1,0
41,10,1,0
29,6,2,2
42,4,3,0
44,0,1,0
42,2,1,0
40,4,1,1
33,3,4,0
41,1,4,0
39,1,1,0
31,1,1,0
27,1,5,0
41,1,1,0
41,3,1,0
31,6,4,0
33,0,1,1
35,1,0,0
43,2,3,1
40,1,3,0
38,2,3,1
35,0,1,0
31,0,1,0
38,1,2,0
44,0,4,0
41,2,1,0
38,4,0,1
36,1,1,0
35,0,0,0
36,1,0,1
45,1,2,0
32,5,0,0
40,0,3,0
48,2,0,1
33,5,1,0
28,1,2,0
39,3,0,0
43,2,0,0
37,1,1,0
27,0,2,1
28,0,8,2
34,0,0,1
41,0,0,0
40,3,3,0
42,2,1,1
44,0,2,0
34,1,1,0
28,1,1,0
32,0,0,0
48,2,0,0
37,2,2,0
29,1,0,1
33,1,1,0
32,1,4,0
29,4,3,4
34,2,4,0
34,3,1,0
34,3,0,0
50,0,5,0
44,2,1,0
23,5,0,0
47,3,1,0
43,2,1,0
36,0,5,0
25,2,4,2
25,0,1,1
27,6,3,3
37,3,1,0
39,0,1,0
31,3,0,0
29,5,1,0
38,0,3,0
40,1,0,0
32,3,1,1
46,1,3,0
21,24,0,1
33,0,6,0
38,2,0,0
32,2,2,0
36,2,1,0
44,2,1,0
20,4,6,2
20,4,1,1
43,2,1,1
34,3,1,0
30,1,8,0
56,1,3,0
33,0,4,2
35,1,2,0
33,3,0,0
39,1,3,0
33,0,2,0
48,3,1,0
26,2,3,0
41,0,1,1
38,7,4,0
34,1,2,0
38,3,0,0
42,0,1,0
30,1,4,0
42,2,4,0
29,4,2,1
32,2,1,0
32,0,5,1
30,2,0,0
33,0,0,0
41,1,0,0
37,1,1,1
37,3,4,0
38,0,0,0
36,0,3,1
34,2,1,0
44,0,1,1
42,0,1,0
32,0,1,0
27,1,4,0
42,3,1,1
31,0,5,0
36,1,4,1
46,2,1,0
33,3,4,0
34,3,1,0
43,0,0,0
42,3,1,0
33,1,3,1
44,1,2,0
39,3,1,0
42,3,1,0
33,6,1,0
30,1,1,0
36,0,3,0
39,0,2,0
43,1,1,1
29,0,1,0
30,1,0,0
27,1,1,0
43,1,0,0
26,6,0,0
39,0,1,0
40,0,0,0
27,1,1,0
37,1,0,0
45,2,0,1
33,7,1,0
41,2,1,0
45,3,1,0
36,1,1,0
33,7,3,0
34,1,0,0
43,2,0,0
37,1,0,0
33,4,2,0
37,2,1,0
29,2,5,0
38,2,2,0
42,1,0,1
31,1,3,0
29,2,3,0
23,5,5,1
39,0,0,0
39,2,0,0
49,2,0,0
59,1,2,0
35,1,0,1
31,1,1,0
40,0,0,1
30,1,0,0
31,0,3,1
44,1,2,0
43,4,2,0
48,2,0,0
44,3,1,1
29,4,3,0
39,3,0,1
35,2,2,0
44,3,0,0
36,2,4,2
33,2,0,0
33,1,1,0
38,2,0,0
34,5,3,3
37,1,1,0
42,4,2,0
54,1,1,1
44,0,0,0
43,5,3,0
25,0,0,0
35,1,0,0
50,2,2,0
38,2,0,0
35,1,0,0
39,0,1,1
33,1,1,0
35,1,2,0
45,5,0,0
34,2,1,0
34,3,1,0
34,6,0,0
39,0,0,0
38,1,1,0
27,4,3,0
42,0,1,0
32,4,1,0
33,1,0,0
30,2,0,0
36,0,1,0
35,6,0,0
41,2,2,0
36,1,4,0
31,6,2,0
29,4,3,0
39,2,1,0
49,0,2,0
26,12,0,0
21,1,0,0
37,1,5,0
33,2,1,0
32,0,0,0
42,0,1,0
28,2,5,0
36,1,0,0
32,2,1,0
49,1,1,0
30,0,1,0
31,2,2,0
36,0,1,0
37,1,0,0
41,2,0,0
37,1,1,0
33,0,0,0
43,3,3,0
33,1,0,0
44,2,3,0
40,1,0,0
25,1,4,0
36,3,1,0
42,2,0,0
28,2,1,1
39,1,2,0
34,7,4,0
35,2,1,0
33,1,0,0
27,0,3,1
39,3,0,1
30,3,1,0
37,2,1,0
24,1,1,0
45,1,0,1
34,0,1,0
31,5,0,1
33,0,3,0
27,0,7,0
37,2,8,0
31,6,0,0
45,1,0,0
41,2,1,0
37,1,2,1
42,0,0,0
40,3,1,0
43,0,0,0
43,0,0,0
52,3,0,0
33,1,4,0
39,1,1,0
33,2,2,0
33,2,3,0
41,2,1,0
28,7,8,2
33,1,2,0
32,0,0,0
35,0,1,0
28,10,5,1
35,2,0,0
34,2,4,0
42,0,0,0
44,1,5,0
39,0,0,0
41,2,2,0
29,0,3,2
23,0,1,0
36,0,1,0
41,2,2,0
34,1,3,1
27,4,0,1
23,3,4,2
49,0,0,0
48,2,3,0
37,0,0,0
27,2,0,0
38,3,0,0
35,0,4,0
26,2,0,0
42,0,0,0
38,1,0,1
37,2,1,0
38,2,1,0
33,0,0,0
34,3,1,0
34,1,3,0
47,2,2,0
42,1,2,0
36,2,3,0
36,1,2,1
26,2,0,0
36,0,1,0
26,6,2,1
38,0,1,0
29,4,0,0
29,5,1,0
31,1,2,0
33,1,0,0
47,2,0,0
35,1,5,1
30,2,4,0
36,1,2,1
34,0,0,0
43,2,0,0
32,0,2,0
33,5,1,1
32,0,0,0
36,2,0,0
29,1,3,0
26,1,1,0
19,10,0,0
37,5,1,0
27,1,5,1
30,1,1,0
31,15,0,1
30,7,2,0
36,1,1,0
35,1,2,0
35,0,4,0
34,4,2,2
29,2,1,0
33,2,2,0
37,0,4,0
31,2,0,0
34,1,3,0
46,0,4,1
42,2,2,0
41,0,0,0
38,3,1,0
35,1,0,0
36,4,1,2
35,1,4,1
37,0,4,1
40,1,3,0
38,3,3,0
34,2,2,0
35,1,2,0
31,3,3,2
33,3,1,0
27,1,2,0
40,0,2,0
45,0,3,0
37,1,0,0
38,4,2,0
37,0,2,1
36,1,0,0
51,3,1,1
42,2,4,0
29,4,1,0
44,2,3,1
30,1,9,0
30,2,1,0
51,0,3,0
33,1,5,0
37,3,2,0
34,7,1,0
29,3,0,0
29,1,2,0
38,1,1,0
35,2,2,0
31,1,1,0
29,1,3,0
39,3,3,0
28,0,6,2
36,0,0,0
33,0,7,0
38,1,3,0
34,9,2,0
45,3,1,0
39,2,0,0
39,1,1,1
35,1,3,1
38,2,5,0
22,7,2,0
31,6,1,0
53,1,0,0
28,9,3,0
44,1,0,0
48,1,3,0
27,15,0,0
42,1,0,0
37,3,1,1
40,0,1,0
42,1,0,0
41,2,3,0
45,3,0,0
39,1,3,0
26,2,7,0
35,3,6,0
36,2,4,1
29,3,0,0
28,2,0,0
39,2,1,0
38,0,0,0
35,5,0,0
55,1,4,2
40,3,1,0
29,9,0,1
37,2,1,2
41,0,3,0
33,0,2,0
31,3,1,0
40,2,2,2
36,2,1,0
22,2,0,0
38,1,2,0
48,4,0,1
25,2,0,0
37,1,2,0
38,1,1,0
36,2,1,1
44,0,0,0
32,5,1,0
35,1,2,0
26,10,2,2
31,0,4,0
49,1,0,0
26,10,0,1
30,1,3,1
44,0,4,0
35,2,2,0
27,1,5,0
43,2,1,0
36,1,1,1
34,1,1,0
35,1,0,0
32,2,3,0
45,3,2,0
45,4,0,0
36,6,3,0
38,1,1,0
41,0,1,0
38,1,0,1
53,4,0,0
32,2,0,0
34,4,3,0
39,1,0,0
34,4,0,1
41,0,1,1
39,2,2,1
48,0,4,0
43,0,2,1
36,5,1,0
26,1,2,1
32,0,3,0
28,1,7,0
34,3,0,0
32,1,0,0
42,3,1,1
38,2,3,1
29,1,0,1
35,3,1,0
39,5,1,0
36,2,3,0
38,4,2,0
34,2,0,0
42,1,4,1
36,1,1,0
25,4,2,0
36,1,1,1
44,2,1,0
20,15,0,1
31,2,0,0
30,0,4,0
33,1,0,2
30,2,3,0
38,2,0,0
32,7,2,0
41,0,3,0
46,0,2,0
38,1,1,0
36,0,2,0
43,1,0,0
31,12,2,2
31,0,1,0
35,0,8,1
18,10,1,0
29,1,3,0
45,3,2,0
48,0,1,0
32,1,4,0
36,1,4,0
35,2,1,0
42,1,0,0
38,2,0,0
33,0,4,0
32,1,0,0
38,2,3,1
36,0,0,0
37,2,3,0
36,1,4,0
29,9,1,0
34,9,0,0
44,0,4,0
38,2,2,0
35,2,0,0
41,0,2,0
37,2,5,0
43,3,2,0
39,2,4,0
46,1,4,0
39,1,2,1
34,1,1,0
33,1,1,0
33,1,0,1
36,4,2,0
34,7,0,0
38,0,1,0
36,2,1,0
39,2,0,0
33,2,1,0
30,7,2,2
42,1,2,0
44,1,1,0
38,2,4,0
48,0,4,1
36,0,2,0
47,3,0,0
39,0,2,0
51,2,2,0
39,4,0,0
28,0,5,0
31,5,2,1
29,3,4,1
39,4,1,0
32,1,6,0
48,3,5,0
32,1,1,1
48,1,1,0
35,2,1,0
41,1,1,1
32,2,4,1
37,1,1,0
44,2,1,0
25,6,1,1
35,10,1,0
31,0,2,0
27,6,1,0
47,3,0,0
42,1,2,0
36,1,2,0
29,1,0,0
38,1,4,0
43,0,2,0
30,0,1,0
31,1,0,0
47,3,0,0
32,1,2,0
41,0,2,1
39,1,1,0
49,2,2,0
31,8,2,0
33,1,1,2
48,1,1,0
44,2,3,0
39,1,2,0
34,0,1,0
39,1,1,0
44,4,3,0
46,1,1,0
38,1,1,1
36,2,2,0
32,2,0,0
47,2,1,0
50,3,1,0
33,4,0,0
37,4,1,0
31,7,0,0
40,1,1,0
33,2,1,0
29,2,4,1
47,1,0,0
38,2,5,0
33,4,0,0
30,6,2,2
25,2,3,0
35,1,2,0
35,2,4,1
27,17,1,0
32,0,6,0
30,1,0,0
34,1,2,0
34,2,4,0
31,1,4,0
41,3,5,0
31,2,1,1
34,5,1,0
31,4,1,1
33,1,7,0
43,2,1,0
43,4,1,0
35,0,1,0
31,1,6,0
42,2,7,0
42,2,0,0
44,3,0,0
49,2,3,0
42,3,1,0
29,0,3,0
35,2,1,0
44,2,1,0
40,1,2,0
34,1,2,0
43,1,0,0
31,3,2,0
37,0,4,2
43,1,0,0
27,3,2,0
38,0,1,0
33,0,8,1
44,1,1,0
25,4,0,0
41,0,1,1
34,0,3,0
29,1,6,0
46,1,4,0
30,0,0,0
46,0,2,0
40,0,1,0
35,7,1,1
39,7,7,2
29,0,7,0
42,0,1,0
39,1,0,0
28,2,1,0
34,2,7,0
46,1,0,0
27,5,1,0
25,9,1,0
34,2,1,0
47,2,1,0
44,3,2,0
36,3,1,0
30,7,0,0
31,0,1,0
30,1,3,0
40,2,9,1
36,2,2,0
24,3,7,1
45,1,1,0
29,1,1,0
35,1,0,0
27,2,1,0
34,2,1,0
35,1,2,2
43,2,4,0
35,2,1,0
46,0,1,0
36,2,1,0
37,1,3,1
39,2,0,0
44,2,5,0
42,0,1,0
29,4,3,0
41,0,5,0
31,3,2,0
24,1,2,2
35,8,5,0
30,6,3,0
32,2,1,0
39,2,2,0
31,6,1,0
32,0,3,0
39,1,2,0
44,2,0,0
33,3,0,1
44,2,4,0
30,3,2,0
37,1,2,0
45,2,1,0
39,1,0,0
37,6,1,0
37,1,2,0
35,2,0,0
28,9,1,3
37,1,1,0
28,0,0,1
41,4,1,0
26,4,4,0
48,0,2,0
33,0,5,1
35,3,0,0
41,2,0,1
41,1,0,0
38,0,0,0
40,0,1,1
30,2,5,1
45,2,0,0
29,1,0,0
42,1,3,1
34,5,1,0
40,3,0,0
32,3,0,0
33,4,11,2
32,7,3,1
51,1,2,0
39,0,1,1
27,2,3,0
32,0,2,0
40,0,1,0
25,7,1,2
39,4,2,0
37,0,5,0
28,6,1,1
41,0,0,0
35,1,2,1
31,16,0,0
34,2,1,0
37,1,3,0
33,2,6,0
33,0,6,0
51,0,7,1
28,1,1,0
32,0,2,0
41,1,2,0
36,5,2,1
39,1,6,1
35,0,0,2
31,3,2,2
29,0,4,1
29,0,2,0
28,2,0,1
27,4,1,0
37,2,1,0
32,3,3,0
34,10,1,0
33,1,1,0
34,1,1,1
31,2,1,0
35,0,6,1
43,0,2,0
43,1,1,0
27,7,0,0
41,3,0,0
24,0,4,0
27,0,7,0
27,1,2,0
35,2,6,0
54,4,0,0
39,1,1,0
31,2,1,0
38,2,2,0
33,1,1,0
30,4,0,0
38,3,1,0
28,3,0,0
37,2,1,1
31,1,1,0
35,7,0,1
24,11,3,1
41,2,2,0
39,1,1,0
36,1,2,0
29,0,1,0
32,0,5,0
40,1,0,0
34,4,2,0
40,3,0,0
25,2,0,0
32,2,0,0
58,1,3,1
35,0,1,0
32,2,2,0
42,3,1,0
24,12,0,0
51,2,1,0
28,1,1,0
38,1,1,0
29,2,8,0
39,3,5,1
39,1,2,0
32,0,1,0
29,8,1,0
39,2,0,0
36,2,0,0
39,13,1,0
40,1,0,1
29,1,1,0
35,7,5,1
36,1,2,0
36,1,1,0
46,2,2,1
40,0,2,0
34,2,1,0
37,0,8,0
28,1,0,0
34,0,1,0
36,0,0,0
41,0,1,1
41,3,0,0
37,2,2,0
42,8,2,1
19,11,1,0
32,1,0,1
41,3,0,0
36,2,5,1
38,4,0,0
29,1,0,1
37,7,0,0
31,3,0,0
41,2,1,0
36,3,0,0
48,2,1,0
33,2,4,0
33,3,1,0
42,2,1,1
28,2,0,1
33,1,3,0
31,12,1,1
33,2,1,0
27,1,2,0
37,1,1,0
39,2,0,0
37,0,0,0
30,0,2,0
26,0,2,0
35,2,4,1
43,3,1,0
47,0,2,0
36,1,2,1
23,1,2,0
38,2,1,0
41,2,4,1
42,1,0,0
27,2,3,0
32,1,2,0
34,3,3,1
33,4,2,0
45,1,1,0
43,0,1,2
38,0,2,0
37,3,0,0
24,2,2,0
44,1,0,1
36,2,6,0
26,2,1,0
36,1,1,1
34,1,2,0
25,7,1,1
25,3,3,3
34,0,1,0
33,1,1,0
37,3,0,1
42,1,0,1
43,0,2,1
32,0,2,1
31,1,1,1
32,2,3,0
37,7,2,0
32,1,1,1
33,1,1,0
35,0,0,0
26,12,0,1
32,2,3,0
42,0,3,0
53,3,0,0
39,0,0,0
35,1,0,0
36,7,6,0
32,5,0,0
27,1,0,0
46,3,0,1
36,4,6,0
36,2,1,0
36,2,1,0
37,1,1,0
26,5,0,0
30,3,0,0
44,1,2,0
31,14,1,0
30,0,3,1
39,2,0,0
50,0,1,0
32,1,0,0
36,1,1,2
42,4,1,0
32,2,5,0
37,1,2,0
27,0,4,0
41,1,0,0
45,1,3,0
33,5,3,1
40,0,2,0
37,7,1,0
39,0,0,0
24,11,1,0
45,0,1,0
34,1,2,0
44,2,0,0
33,0,0,1
31,9,5,1
23,4,3,3
28,2,2,0
42,1,0,0
33,1,2,0
36,2,1,0
31,3,1,1
24,17,0,0
25,1,3,1
42,3,0,0
55,1,1,0
42,0,4,0
38,1,1,0
37,2,2,0
23,0,0,0
42,0,3,0
46,2,0,0
36,2,10,0
45,3,0,0
30,15,0,1
37,1,1,0
30,2,2,0
40,1,4,0
46,2,1,0
46,0,1,1
38,4,6,0
36,3,3,0
39,5,0,1
41,1,1,0
24,2,1,0
41,0,0,0
39,1,0,1
26,3,0,0
43,1,1,1
31,3,1,1
43,3,1,1
41,1,1,0
45,1,1,0
33,2,2,0
37,1,0,1
23,1,4,1
29,10,2,1
36,1,0,0
26,5,4,1
35,1,2,0
35,0,3,0
37,1,0,1
34,3,2,0
45,0,1,0
28,0,13,0
36,1,1,1
40,3,1,0
32,2,3,0
38,2,0,1
36,1,2,1
43,1,2,0
28,1,0,0
32,1,2,0
42,0,0,0
39,0,4,1
29,0,0,0
29,2,1,0
43,1,1,0
33,1,6,0
40,1,1,0
32,2,0,0
43,5,0,0
36,6,2,1
45,0,3,0
36,4,2,0
38,0,3,0
46,5,5,1
41,2,1,0
32,2,4,1
45,1,0,0
39,4,2,0
31,4,0,0
42,2,1,1
34,1,0,1
30,1,0,2
36,2,0,1
33,3,0,0
49,1,0,0
34,2,0,0
32,2,0,0
34,1,0,0
51,1,1,0
40,3,2,1
31,0,3,1
48,3,1,0
41,0,0,0
41,2,0,0
42,2,1,0
30,8,0,0
35,1,2,0
37,0,0,0
32,1,1,0
19,0,3,1
43,1,0,0
40,0,1,0
36,3,0,0
35,2,1,0
35,1,0,0
42,1,2,0
30,3,0,0
31,1,1,0
34,2,1,0
51,2,0,0
34,1,0,0
36,1,2,0
35,4,1,3
35,0,2,0
26,2,1,0
40,1,1,0
36,2,3,0
47,1,1,0
38,0,0,0
42,0,1,1
35,1,2,0
37,2,0,0
38,2,4,0
43,1,0,0
33,1,1,0
18,3,4,0
45,0,0,0
43,2,1,0
39,3,0,0
41,1,3,0
45,1,0,0
42,3,0,0
49,0,0,0
35,5,0,0
37,3,0,0
31,3,0,0
37,1,0,1
37,1,0,0
47,1,4,0
41,0,3,0
43,1,5,0
31,1,2,1
43,1,2,0
41,3,1,0
30,0,3,0
19,3,1,2
35,4,2,2
29,6,2,1
30,1,0,0
37,3,1,0
32,2,0,0
38,0,1,1
30,3,0,0
27,1,1,0
49,3,4,1
37,0,3,0
42,2,2,0
31,3,0,0
37,1,0,0
33,0,4,0
36,0,1,0
26,1,1,0
32,0,4,0
31,1,0,0
41,0,3,0
35,0,1,0
37,0,5,1
34,3,2,0
35,0,2,0
34,0,3,0
32,6,1,2
25,1,0,0
32,1,1,0
41,3,4,0
32,3,2,0
40,0,0,0
30,2,6,5
41,1,1,0
29,1,6,0
42,2,0,0
28,2,4,0
51,2,3,0
32,0,1,0
44,0,1,0
32,0,3,1
41,2,2,0
38,2,0,1
39,4,1,0
40,0,0,0
29,4,2,0
40,7,0,1
42,2,0,1
50,1,0,0
28,1,5,0
29,1,0,0
38,2,1,0
34,2,0,0
35,1,1,0
35,2,3,0
21,4,0,1
31,5,3,1
47,0,1,2
37,0,1,1
35,1,1,0
42,0,1,0
41,1,0,1
40,1,5,0
36,2,0,0
30,1,1,0
31,3,2,0
27,1,2,0
37,0,4,1
39,2,0,0
34,2,5,0
31,2,2,0
28,2,4,1
42,1,2,0
32,1,2,0
32,2,1,0
32,0,0,1
36,0,1,0
39,4,1,0
35,6,0,0
34,1,0,1
31,0,1,1
31,2,1,0
31,1,3,0
41,3,1,0
37,1,2,0
22,1,2,0
40,1,0,0
35,8,2,0
39,7,0,0
36,2,0,0
31,1,1,0
29,1,2,0
33,1,3,0
34,1,0,0
32,2,1,0
31,3,1,1
28,2,1,0
41,5,0,1
38,0,0,0
30,3,2,0
32,1,0,0
35,2,4,0
37,3,5,0
32,2,1,0
30,2,4,1
33,9,4,5
38,1,2,1
29,0,2,1
32,1,2,0
34,0,2,0
39,0,0,1
29,1,5,0
34,1,2,0
36,1,1,0
35,3,1,1
29,2,1,0
48,0,1,0
37,1,1,0
32,0,6,0
39,1,2,0
34,3,3,0
39,2,0,0
31,1,2,0
37,3,2,1
33,2,1,0
31,2,2,0
22,9,3,2
34,0,3,0
42,7,2,1
40,5,1,0
42,1,1,0
34,1,1,0
26,1,0,0
34,2,0,1
38,4,0,0
33,2,0,0
38,1,2,0
24,5,2,1
40,1,2,1
32,3,5,1
33,6,1,0
43,3,2,0
43,3,1,0
26,2,6,1
23,0,3,1
30,3,1,0
39,3,1,0
30,1,1,0
49,1,1,0
31,4,2,0
29,13,0,1
26,1,1,0
37,1,1,0
34,3,1,0
29,10,3,0
29,1,2,0
40,1,1,0
44,5,4,0
40,3,1,0
38,2,2,0
45,6,0,1
31,5,0,0
25,1,5,0
40,2,0,0
28,10,4,3
38,2,0,0
24,2,0,0
28,2,4,1
42,1,0,1
38,1,1,0
35,3,4,1
41,1,0,0
38,0,1,0
36,5,1,0
46,2,0,0
31,0,5,0
42,1,1,1
30,0,2,0
37,0,1,0
38,2,3,0
25,2,1,1
31,2,1,0
50,3,0,0
25,1,7,1
38,2,2,0
37,0,1,1
28,0,1,0
33,1,1,0
25,3,0,0
34,3,1,0
48,3,3,0
39,4,3,0
35,4,0,1
38,0,1,0
42,3,0,0
38,2,1,0
29,3,0,0
31,4,2,2
35,0,2,1
34,2,1,1
46,4,1,0
32,2,1,0
44,3,1,1
34,0,0,0
33,1,5,1
36,1,2,0
39,0,3,1
36,2,1,0
36,3,1,0
37,0,2,0
46,0,0,0
31,0,3,0
35,1,0,0
21,1,1,0
26,5,0,0
41,0,1,0
26,1,1,0
45,1,0,0
37,3,6,0
45,0,3,0
35,2,0,0
30,2,1,0
37,1,4,0
34,2,7,0
37,1,2,0
32,1,0,1
47,0,3,0
34,6,0,0
37,2,4,0
40,0,1,0
37,2,0,0
32,7,0,0
49,1,0,0
40,3,1,0
18,2,1,1
22,7,0,0
31,3,0,0
37,4,0,0
31,0,1,0
42,0,0,0
25,4,0,1
30,3,1,0
30,4,0,1
42,1,0,0
38,1,1,0
36,1,1,1
38,1,0,0
37,0,0,0
49,2,1,0
31,2,1,0
28,6,4,0
41,1,0,0
44,1,1,0
39,0,1,0
44,2,1,0
46,1,1,0
39,2,0,0
34,1,2,0
36,2,1,0
36,3,1,0
46,2,1,0
22,1,7,0
39,2,2,0
27,8,1,2
25,6,1,1
37,3,1,0
26,1,0,0
46,1,0,0
35,0,2,0
28,2,1,1
35,11,0,1
34,3,4,0
46,3,0,0
35,2,0,0
33,1,1,0
37,2,1,0
28,0,5,0
29,1,2,1
46,1,0,0
37,0,2,0
49,1,0,0
41,0,2,0
30,2,0,0
39,2,2,0
37,14,1,0
30,0,5,0
35,5,4,1
41,1,1,1
45,1,4,0
36,0,0,1
37,2,3,0
25,4,0,0
39,0,6,1
31,0,1,1
31,10,0,1
35,2,3,1
38,3,1,0
40,2,2,0
40,2,1,1
37,2,1,0
40,1,2,0
42,1,3,0
38,1,1,1
32,9,3,2
47,2,1,1
31,12,1,0
26,0,1,0
42,0,6,2
32,7,3,0
28,11,3,1
32,2,1,0
40,2,1,0
36,9,0,1
35,5,5,0
36,1,1,0
32,7,1,0
40,4,0,0
37,0,1,0
37,1,3,1
34,2,1,0
43,0,1,0
42,2,3,0
34,1,1,0
43,1,4,0
28,1,3,0
34,4,2,0
32,1,1,0
27,0,3,0
24,2,3,0
40,2,0,0
44,0,1,0
41,4,1,0
35,4,2,0
37,1,0,0
32,2,3,0
36,0,0,0
42,2,0,1
29,2,3,2
25,4,6,1
29,1,1,0
28,1,1,0
31,3,1,0
44,1,1,0
40,3,2,0
21,8,1,1
32,3,0,0
34,1,2,0
20,2,3,0
37,1,0,1
43,2,0,0
28,1,2,1
30,0,2,0
48,2,4,1
37,3,1,0
44,1,2,1
34,3,4,1
43,3,6,1
40,1,0,0
47,0,3,0
49,2,1,0
42,0,0,0
27,7,0,0
26,9,5,0
37,2,1,0
24,7,1,0
29,1,3,1
32,1,3,0
40,1,1,0
42,0,5,0
37,2,5,0
40,1,0,0
30,1,0,0
41,1,1,0
36,1,1,0
41,2,1,0
33,8,3,5
24,5,0,0
28,7,1,1
27,1,0,1
43,0,1,0
29,1,1,0
43,3,1,0
34,2,0,0
36,1,3,0
35,1,2,1
47,1,5,1
31,2,3,1
45,6,0,0
29,1,2,0
29,1,0,0
41,0,4,1
35,4,0,0
38,0,0,0
32,2,3,1
35,3,1,0
39,3,4,1
41,4,1,0
21,3,2,0
23,5,1,1
21,8,1,1
28,3,2,0
40,0,0,0
36,3,3,0
25,8,4,0
20,6,3,3
39,0,2,0
45,1,0,0
27,3,1,0
31,2,3,0
31,5,3,0
44,4,1,0
39,8,2,0
32,0,1,0
29,3,2,0
36,8,2,0
42,2,2,0
30,2,8,2
47,3,0,0
38,8,0,1
30,12,0,1
34,1,8,0
36,1,2,1
40,0,1,0
28,1,4,0
41,0,3,1
25,1,1,0
38,0,1,0
29,15,1,1
46,1,1,0
33,3,1,0
41,1,2,0
47,1,0,0
39,3,2,0
35,4,1,0
32,2,1,0
34,1,0,0
43,2,1,0
32,0,8,0
31,1,2,0
45,0,0,0
35,1,2,0
37,1,0,1
31,0,1,0
47,1,1,1
39,1,3,0
43,1,3,0
27,0,2,0
34,2,1,0
36,1,3,0
30,0,5,0
36,4,3,1
35,3,0,0
37,1,5,0
37,0,6,1
36,2,1,0
37,2,0,0
38,8,0,0
38,1,2,0
33,1,4,0
46,0,2,0
37,0,2,0
26,8,4,2
35,1,1,0
44,1,1,0
38,3,3,2
35,2,0,0
23,4,0,1
45,2,3,0
35,1,2,0
40,1,8,1
37,2,2,0
44,1,0,0
43,0,0,0
27,2,2,0
31,2,2,0
34,0,3,1
41,4,1,0
47,2,1,0
29,1,1,0
36,0,3,0
39,1,1,0
34,0,1,0
44,0,0,1
48,0,2,0
27,2,1,0
44,1,1,0
33,2,0,0
39,0,4,0
30,3,0,0
39,0,0,0
41,2,2,0
45,1,1,0
29,3,0,0
33,1,2,0
32,2,2,0
44,2,1,0
30,0,5,0
39,1,1,0
37,3,5,0
36,2,1,0
39,1,0,0
40,0,1,0
45,0,1,0
34,13,0,0
43,5,8,0
43,0,2,0
44,1,1,0
33,1,0,1
47,0,1,0
21,1,0,0
29,2,1,0
38,3,3,0
31,2,6,0
38,0,1,0
37,4,1,0
33,7,1,0
40,1,0,0
26,1,3,0
36,0,0,0
32,1,9,0
37,0,1,0
38,1,0,0
34,1,2,0
31,8,0,0
29,1,1,0
38,1,2,0
49,2,2,1
39,2,0,1
48,0,1,0
37,2,5,0
26,4,2,0
43,5,0,0
32,1,0,0
40,4,0,0
35,1,2,3
28,2,5,0
32,1,2,0
35,2,1,1
27,0,0,0
42,2,1,0
30,1,0,1
32,4,1,0
40,2,2,0
45,1,4,0
43,2,2,0
32,3,1,0
46,1,1,0
32,1,0,0
35,4,2,3
37,4,3,2
34,2,2,0
40,4,2,0
21,1,9,0
43,5,3,0
35,12,1,1
39,1,2,0
42,2,4,0
34,1,0,0
29,2,1,0
37,0,5,0
34,3,2,0
42,0,2,1
25,0,0,0
31,9,0,0
29,0,3,0
32,2,1,1
37,2,1,0
23,0,0,0
40,1,0,0
43,8,0,0
31,7,0,0
42,1,3,2
42,4,4,1
40,2,0,0
31,0,1,0
38,2,3,0
39,1,1,0
23,5,2,0
43,1,3,0
37,2,6,0
35,2,1,0
37,2,3,0
38,2,0,0
40,0,3,1
36,5,3,4
37,1,0,0
43,2,1,0
46,2,1,0
35,0,0,0
34,0,1,0
48,2,3,0
35,1,2,0
42,2,2,0
52,1,1,0
32,2,1,0
46,2,0,0
27,0,1,0
39,4,0,0
38,4,2,1
28,9,1,1
34,1,4,0
41,0,2,0
39,0,0,0
22,7,2,0
29,1,3,0
30,2,0,0
29,0,4,3
26,1,2,1
20,9,0,2
45,0,1,0
34,1,4,0
26,2,2,0
34,1,1,0
35,1,1,0
41,2,4,1
46,1,2,0
35,2,1,0
38,9,6,2
51,0,2,0
25,18,1,0
50,1,1,0
30,0,8,0
35,9,2,1
39,4,1,0
49,2,0,0
43,0,2,2
35,8,2,0
35,1,2,0
29,2,2,0
39,2,5,0
21,0,4,1
33,0,3,0
43,1,0,0
37,3,0,0
33,3,1,0
30,0,2,0
40,1,2,1
40,1,0,0
41,2,1,0
21,16,1,0
17,7,0,0
37,1,2,0
26,4,0,0
39,2,2,0
44,3,1,0
50,3,0,0
51,2,0,0
40,0,2,0
42,0,1,0
36,0,2,0
36,2,8,0
41,2,1,0
31,0,1,0
18,9,3,0
32,1,2,0
39,7,0,0
32,7,0,0
37,1,0,0
30,7,4,1
34,1,0,1
33,1,1,0
40,3,1,0
46,1,8,0
46,1,0,0
39,1,2,0
37,3,0,0
35,4,0,0
35,1,0,0
32,5,1,2
34,1,2,0
33,0,4,3
29,6,1,0
36,0,0,0
34,2,1,0
41,2,2,0
45,2,0,0
32,8,0,0
47,1,0,0
46,1,1,0
23,2,0,0
33,2,2,1
29,9,0,0
33,1,3,0
45,0,1,0
29,0,6,0
31,3,1,0
30,3,6,0
38,4,3,0
23,4,3,2
40,2,0,0
28,4,1,0
29,1,0,0
40,1,0,1
34,1,2,0
34,1,1,0
22,3,0,0
43,1,2,0
36,7,8,1
40,0,2,0
35,0,0,0
28,4,3,0
33,1,0,0
32,7,1,0
41,0,3,0
37,4,1,0
36,1,1,0
41,2,4,0
33,0,1,0
39,1,2,0
40,1,0,0
40,1,3,0
25,0,5,0
37,0,4,1
35,1,2,0
34,4,1,0
46,1,1,0
27,2,3,2
47,1,2,0
35,3,3,0
29,0,0,0
38,1,4,1
39,2,0,0
47,2,1,0
39,1,1,0
30,7,0,1
25,0,2,0
37,0,0,0
44,2,2,0
45,1,1,1
38,1,2,0
26,7,1,0
31,2,6,0
42,0,4,0
41,2,3,0
32,1,0,0
45,1,2,0
38,1,3,0
29,4,2,1
30,2,1,0
33,11,0,1
31,8,0,0
38,3,1,0
36,3,4,1
37,0,6,0
30,0,7,1
35,3,0,0
33,7,2,1
35,1,0,0
39,10,1,1
46,3,3,2
49,1,2,0
30,2,2,0
42,1,1,0
28,3,1,0
37,1,1,0
42,1,2,0
34,2,3,0
27,1,2,1
22,7,2,2
41,3,1,0
37,6,0,0
41,2,0,0
40,0,0,0
38,2,1,0
26,3,4,0
36,4,1,0
36,0,0,0
28,10,0,0
33,1,8,1
35,2,0,0
30,1,0,0
43,2,2,0
42,2,3,0
37,5,1,1
25,6,0,1
47,1,3,0
29,0,5,0
31,0,3,1
40,0,5,1
27,2,4,0
38,8,3,1
29,9,2,1
37,1,0,0
32,1,1,0
43,1,1,0
31,2,1,1
36,2,2,0
40,2,2,0
40,0,0,0
34,1,1,0
33,0,3,0
26,1,2,0
31,0,2,0
38,1,1,1
32,2,0,0
33,3,0,0
40,1,2,0
27,1,3,0
44,2,1,0
23,3,2,1
39,2,3,0
36,3,1,0
42,1,2,0
24,11,0,1
31,3,5,0
41,1,5,0
33,1,1,0
30,1,0,0
35,1,0,0
35,5,2,0
34,0,2,0
34,10,2,0
39,1,1,0
26,2,1,0
37,2,3,0
41,1,3,1
27,10,4,0
39,3,2,0
42,2,5,1
28,6,4,1
25,5,2,0
42,1,1,1
43,1,2,1
44,1,0,0
27,2,3,2
21,1,4,0
48,0,7,0
27,1,3,2
27,3,2,0
31,1,2,0
35,10,2,1
45,0,1,1
38,0,2,0
45,1,0,1
39,2,4,1
42,1,3,1
32,2,0,0
35,5,2,0
37,1,2,0
29,1,1,0
34,2,0,0
34,0,8,0
39,2,2,3
27,3,5,0
44,3,2,0
46,1,1,0
29,0,8,0
32,1,5,1
39,3,2,0
50,1,1,0
37,2,1,0
44,3,0,0
30,1,2,0
23,0,0,0
42,1,1,0
33,2,1,0
42,4,0,1
42,0,0,0
38,0,1,0
27,1,4,1
36,0,4,0
41,1,1,0
39,1,0,0
36,0,1,0
37,2,2,0
41,0,5,0
25,3,0,1
32,0,2,0
41,0,3,0
36,0,1,0
41,0,3,0
37,2,1,1
35,3,1,1
40,0,3,0
39,2,1,0
44,1,3,0
25,0,6,0
36,3,1,1
39,0,0,0
38,2,7,1
33,1,0,0
40,2,1,0
24,0,1,0
33,1,8,0
28,5,2,2
30,2,0,0
32,1,1,0
37,0,0,0
23,3,4,0
37,0,1,0
42,1,2,0
36,1,3,0
30,1,0,0
30,2,2,0
33,1,1,0
48,0,1,0
38,1,2,0
42,0,2,0
36,1,0,0
38,3,1,0
30,9,1,1
38,1,0,0
28,1,3,0
29,2,4,0
30,3,0,1
37,17,0,0
42,6,3,0
41,0,0,0
35,1,3,0
33,2,1,0
33,1,0,0
35,0,6,1
34,1,0,0
31,4,2,0
36,0,0,2
36,0,1,0
31,0,1,0
38,2,0,0
28,0,3,0
41,1,0,0
45,2,3,0
39,1,4,0
38,0,0,1
27,0,0,0
35,3,1,0
37,0,4,0
31,3,1,1
45,2,0,0
36,1,5,2
40,0,0,0
32,1,0,1
52,2,3,0
46,3,0,0
41,0,1,1
40,0,3,0
32,10,2,0
34,2,1,0
45,0,1,0
40,1,0,1
41,0,2,0
30,8,1,0
40,1,0,0
31,1,2,0
24,1,3,0
32,0,0,1
43,1,1,0
40,1,5,0
28,1,2,1
37,1,0,1
36,2,2,1
29,1,0,0
30,1,1,0
38,0,0,0
30,3,3,2
46,0,0,0
28,0,3,1
25,3,4,1
26,1,0,0
42,3,1,1
43,0,1,0
34,0,1,0
37,2,3,0
37,3,2,0
28,1,0,0
43,2,0,0
37,2,3,1
35,1,2,0
34,3,5,0
39,1,1,0
27,0,5,0
38,3,0,0
36,0,0,1
30,4,3,1
38,0,2,0
30,5,1,0
36,6,1,0
37,8,1,0
28,0,1,0
42,3,0,0
32,0,0,1
39,7,0,2
42,2,1,0
44,1,4,1
23,13,0,2
33,3,0,0
42,0,0,0
35,1,1,0
31,2,1,0
25,15,0,0
39,2,5,1
31,0,0,0
40,1,2,0
30,2,2,1
39,3,4,0
57,5,1,1
42,1,0,0
34,2,0,0
36,5,1,0
37,2,1,1
40,2,4,0
35,2,2,0
33,0,6,0
48,3,1,0
37,2,1,0
44,0,2,0
29,2,3,0
29,1,0,0
32,2,4,0
30,1,1,1
37,3,3,0
28,1,6,1
29,4,1,0
40,1,1,0
35,1,0,0
33,0,0,0
42,0,2,0
33,1,1,0
33,0,6,0
37,1,2,0
35,10,5,2
44,0,0,0
37,3,1,0
46,1,1,0
33,0,3,0
33,1,1,0
43,2,1,0
34,0,2,0
53,3,0,1
46,4,2,0
46,3,2,0
34,2,0,0
36,2,1,0
39,0,1,0
47,1,0,0
35,4,2,0
44,1,1,0
37,2,0,0
40,3,3,0
25,0,1,0
51,3,0,0
50,0,2,0
33,1,0,0
34,2,0,0
32,2,4,0
31,5,1,0
42,0,5,0
34,2,2,0
46,5,2,0
34,1,1,0
30,2,2,0
44,0,0,0
31,0,1,0
36,7,5,0
39,1,3,0
27,3,3,0
26,0,1,0
36,1,8,0
23,1,6,1
25,1,1,0
27,7,2,1
38,0,0,0
43,0,0,0
30,2,1,1
36,5,2,1
35,5,1,0
42,2,2,0
27,1,2,0
44,2,4,0
47,1,0,0
51,0,3,0
33,6,2,0
37,0,2,0
37,4,0,0
39,2,0,0
60,1,1,0
38,3,1,0
45,2,5,1
35,0,2,0
34,3,1,0
29,1,1,0
47,1,2,0
24,2,10,1
34,2,0,1
34,4,2,0
26,9,2,1
48,5,1,0
47,3,0,0
41,2,0,0
51,1,1,0
25,3,1,1
46,1,0,0
33,2,1,0
32,2,2,0
44,2,0,1
45,1,0,1
41,0,0,0
34,2,0,0
34,0,2,0
43,3,0,0
33,0,0,0
46,0,1,0
24,0,7,0
30,9,1,0
42,1,0,0
37,2,2,0
41,3,2,0
38,5,3,0
29,3,0,0
36,0,1,0
33,1,2,0
32,0,2,0
42,3,2,0
36,1,2,0
34,2,2,0
39,1,1,0
37,1,1,1
40,1,3,1
40,0,4,0
48,1,2,0
25,7,2,0
35,1,0,0
31,2,1,0
38,2,3,0
34,0,2,0
35,1,6,3
44,1,2,0
34,1,11,0
26,0,5,0
26,8,3,2
30,0,0,0
37,3,0,0
35,0,1,0
28,1,0,0
33,2,0,0
31,1,5,0
40,1,1,0
32,1,3,0
38,1,1,1
41,1,0,1
22,3,0,0
34,2,0,0
33,2,3,0
39,4,2,0
26,2,0,1
38,3,0,0
25,0,1,0
41,1,1,0
28,2,4,0
45,9,0,0
39,1,1,0
24,11,5,2
41,1,2,0
38,0,1,0
30,0,2,0
45,2,1,0
24,8,1,0
33,0,1,0
43,1,5,0
19,1,6,2
35,0,1,0
32,2,0,1
23,4,4,1
36,1,1,0
28,0,1,0
44,1,3,0
34,1,2,0
36,2,1,0
35,3,0,0
39,0,0,0
36,1,1,0
45,1,1,0
40,0,0,0
44,0,3,1
38,1,0,0
31,1,2,0
32,3,3,0
39,0,6,0
28,3,3,0
31,0,5,0
38,1,0,0
34,1,1,0
29,8,1,0
30,1,1,0
40,1,0,0
37,2,2,0
62,1,0,0
44,2,5,0
35,1,1,0
33,8,1,0
34,1,3,0
36,2,0,0
25,0,3,1
38,2,1,0
38,0,3,0
36,2,1,0
36,3,1,0
24,1,0,0
46,4,2,0
27,3,1,0
40,6,0,1
39,3,0,0
40,0,6,0
22,0,1,0
29,3,2,0
42,3,1,0
41,1,4,0
29,0,2,0
33,4,0,1
38,1,4,2
34,1,0,0
32,2,3,1
34,1,1,0
36,0,1,0
39,1,5,0
32,1,0,0
35,1,0,0
16,6,0,0
30,1,5,0
37,0,1,0
45,3,3,1
42,0,4,0
29,4,1,0
33,1,2,0
41,0,1,1
27,0,1,1
31,2,2,0
39,2,4,0
23,7,1,0
39,1,1,0
35,1,4,2
40,2,2,0
33,1,4,1
46,2,1,1
45,0,0,0
34,0,0,0
31,0,2,1
33,6,1,1
34,4,2,1
41,2,3,2
25,3,0,0
44,2,0,0
37,2,0,0
33,4,2,0
36,1,0,0
33,3,1,1
41,2,2,1
31,0,3,0
39,1,6,0
46,0,0,0
41,1,0,0
44,2,0,0
22,7,1,2
34,2,6,0
32,3,1,0
27,5,1,0
39,2,0,0
32,7,7,1
50,2,1,1
43,1,2,0
41,2,0,0
38,1,2,0
38,2,2,0
43,0,4,0
37,0,0,0
31,1,3,0
24,11,3,2
40,0,1,1
27,6,2,0
27,3,2,0
30,12,0,1
37,3,5,0
47,4,0,0
37,2,2,0
30,2,2,0
33,1,1,0
36,2,2,0
26,0,1,0
35,1,2,0
32,0,3,0
36,3,3,0
32,0,1,0
33,7,1,0
34,1,3,1
28,3,1,1
42,0,1,0
36,1,7,0
33,4,0,0
29,1,8,1
28,10,1,0
37,0,1,0
38,0,0,0
36,2,4,0
35,4,2,0
33,0,3,1
37,3,1,0
28,3,1,0
31,0,0,0
34,3,2,0
32,2,0,0
40,1,0,0
25,6,1,1
36,1,1,1
41,0,3,0
30,6,4,0
39,1,6,0
28,2,4,1
38,2,2,0
33,1,0,1
43,3,0,0
35,2,1,3
25,2,0,0
36,1,2,0
30,8,0,1
41,2,1,0
28,3,1,0
28,1,2,1
37,0,1,0
44,0,0,1
36,0,1,0
41,2,5,0
30,3,1,1
39,2,1,0
29,0,6,1
38,3,0,0
43,1,2,2
36,5,1,0
30,0,1,0
41,3,0,0
29,3,0,0
34,1,0,0
28,13,0,0
35,1,7,0
43,1,3,0
35,2,0,0
37,0,0,0
25,5,5,0
41,6,4,0
38,0,4,0
37,1,1,0
39,1,3,0
41,3,2,0
35,2,2,0
32,0,0,0
36,2,5,0
43,0,1,0
42,4,0,1
44,0,0,0
42,1,0,0
33,2,8,1
43,3,1,0
47,3,1,1
32,4,4,0
35,1,1,1
40,0,0,0
31,1,2,0
32,2,0,0
37,2,0,0
41,2,2,0
40,1,1,0
41,1,1,0
44,0,1,0
39,4,1,0
40,1,1,0
35,1,2,0
33,1,0,0
32,1,3,0
27,0,6,1
29,2,2,0
31,12,1,0
36,1,1,1
32,1,1,0
33,4,1,0
36,2,0,0
30,3,0,1
33,2,2,0
40,0,0,0
42,2,2,0
26,1,0,0
37,1,1,0
34,2,2,0
37,1,5,0
27,3,3,0
47,0,7,0
47,4,1,0
48,4,1,0
34,6,0,1
34,3,1,0
38,0,0,0
27,5,3,3
30,4,1,0
43,0,1,0
41,1,0,0
34,1,0,0
35,1,1,1
19,7,1,2
37,3,3,0
36,2,2,1
46,1,0,0
32,2,6,2
43,1,2,0
38,6,7,4
35,1,2,0
30,1,2,0
35,1,3,0
34,2,9,2
32,4,0,0
38,0,1,0
31,2,1,0
39,2,0,0
41,2,0,0
40,1,5,0
46,1,1,0
36,0,0,0
43,0,3,0
27,5,1,0
37,0,1,0
45,3,0,0
28,6,1,0
39,1,3,0
43,1,3,0
31,2,0,0
37,3,2,0
30,2,4,4
37,5,1,0
33,2,1,0
34,0,7,2
29,5,3,1
43,4,1,1
33,0,1,0
36,1,6,0
24,15,2,0
39,0,1,0
45,1,2,0
41,1,0,0
29,6,0,0
30,3,0,0
39,0,3,0
40,0,0,1
42,5,2,0
34,4,2,0
31,2,0,0
43,3,1,0
26,2,0,0
42,0,1,0
37,6,2,0
31,7,3,0
48,1,1,0
45,2,1,0
39,1,2,0
31,1,2,0
31,0,5,0
37,1,1,0
40,2,1,1
36,0,6,0
35,1,1,0
40,0,1,0
33,2,2,0
35,0,2,1
30,0,0,0
41,1,3,0
21,8,0,3
37,1,0,0
39,1,1,1
39,1,2,0
34,2,4,0
37,1,0,0
28,0,4,1
39,0,7,0
44,2,2,0
26,8,4,2
33,1,2,0
28,2,4,0
39,2,2,0
42,2,6,0
44,4,0,2
38,2,3,0
47,1,0,0
34,2,1,0
34,3,1,0
29,1,5,0
37,4,0,1
34,3,3,0
44,1,1,1
25,6,2,1
26,2,0,0
43,1,3,1
30,7,1,0
40,1,3,0
30,1,2,0
41,4,3,1
20,8,4,1
41,1,0,0
39,2,0,0
23,6,0,0
41,5,2,0
37,1,3,0
35,1,2,2
38,1,0,0
23,2,2,1
33,4,0,0
17,15,4,1
38,3,0,0
30,3,5,1
34,0,3,0
22,8,1,3
22,3,2,0
28,3,0,0
37,7,0,1
35,1,3,0
36,9,2,0
22,1,1,0
27,1,5,0
30,4,1,1
29,0,3,0
31,1,2,0
53,0,4,1
29,16,2,1
49,1,3,0
37,1,0,0
32,0,0,0
30,1,0,0
35,1,3,1
44,0,0,0
42,2,4,0
40,1,2,0
47,1,1,0
40,1,4,1
36,0,0,0
38,1,1,0
38,4,0,0
40,2,2,1
27,1,1,1
29,1,0,1
42,2,2,0
43,4,1,1
45,1,4,0
37,2,1,1
38,0,1,0
41,0,1,1
38,1,1,1
33,2,0,0
48,1,2,1
40,2,2,0
42,0,3,0
34,2,0,0
39,3,0,0
35,2,0,0
37,3,1,0
37,0,0,0
36,2,2,0
23,0,1,0
38,0,0,0
33,3,1,0
44,3,1,1
24,0,0,0
38,0,0,1
42,2,1,0
36,0,2,0
27,3,0,0
39,0,3,1
34,3,0,0
36,8,0,0
35,0,1,0
29,6,2,1
33,3,5,3
43,1,2,0
37,1,1,1
42,3,0,0
42,6,2,0
31,0,3,0
33,1,0,0
38,0,1,0
35,0,1,0
23,0,1,0
48,3,1,1
60,1,1,0
40,0,2,0
44,1,1,0
29,6,0,0
36,0,6,2
37,1,0,0
35,4,1,1
24,11,0,1
26,7,1,0
23,0,2,0
27,4,1,0
42,4,4,1
34,1,2,0
25,2,5,1
36,5,6,3
28,3,0,1
43,3,0,0
34,1,6,1
37,1,3,0
26,0,0,0
34,3,6,2
28,0,5,0
32,2,1,1
41,1,2,0
35,3,1,1
41,4,3,0
39,1,0,1
44,2,1,0
43,0,2,0
37,0,2,0
42,3,6,1
34,1,1,0
30,1,4,1
39,3,0,0
32,2,2,0
39,1,3,0
28,2,1,0
38,2,1,0
29,4,1,1
41,1,0,0
42,2,2,0
36,1,0,0
44,0,1,0
41,1,0,0
48,2,3,0
28,0,1,0
36,1,0,0
33,1,2,0
46,1,0,0
41,1,0,0
35,1,1,0
32,1,0,0
40,1,0,0
35,3,6,0
23,4,8,1
30,0,6,0
38,0,4,0
39,2,0,2
26,0,0,1
37,1,4,0
45,1,0,0
44,1,3,0
27,0,1,0
33,4,1,0
33,1,2,1
34,0,1,0
32,2,1,0
47,2,0,0
37,7,1,0
30,2,3,1
42,0,0,0
28,5,0,0
46,3,1,0
33,1,3,0
44,2,0,0
38,2,5,0
29,9,0,0
47,1,4,0
32,2,0,0
29,1,2,0
33,1,0,0
38,1,1,0
41,0,2,0
33,0,0,0
32,2,3,0
40,1,4,0
42,0,0,1
36,1,2,0
39,3,4,0
39,1,0,0
38,2,0,0
35,2,2,0
37,0,0,0
26,1,0,0
37,0,2,0
32,1,0,0
35,3,1,0
39,1,3,0
38,1,1,0
33,2,2,0
45,1,1,0
34,0,6,0
39,2,0,0
33,1,7,0
39,1,2,1
37,3,1,0
32,6,1,0
30,4,0,0
35,1,2,0
27,1,0,0
33,3,3,1
45,0,3,0
42,0,8,0
39,2,0,0
38,6,0,1
23,7,0,0
27,3,3,0
36,3,0,0
41,4,4,1
44,1,2,0
33,1,2,0
27,6,0,0
42,1,1,0
32,1,3,1
38,1,1,0
37,0,0,0
40,1,3,0
49,5,1,0
35,3,2,1
38,1,2,0
27,3,8,0
35,4,0,0
31,1,0,0
44,0,0,0
50,1,0,1
33,0,1,1
36,0,2,0
39,3,1,0
31,1,2,0
46,2,0,0
41,1,3,0
39,1,0,0
35,2,3,0
38,1,1,0
44,2,0,0
28,4,4,2
24,10,2,3
30,2,3,0
33,1,5,0
32,0,1,0
44,1,0,0
34,2,0,0
35,1,0,0
34,0,1,1
34,0,1,0
36,2,6,2
43,2,0,0
39,0,7,0
32,2,1,0
32,3,4,2
43,1,3,0
30,1,7,2
36,0,7,0
42,2,4,0
38,1,1,1
32,1,3,1
51,1,0,0
37,0,2,0
42,3,1,0
37,1,3,0
31,2,2,2
43,3,0,0
22,7,1,0
44,6,0,0
41,1,2,0
33,2,0,1
39,1,1,0
39,1,1,0
41,0,1,0
38,2,0,0
38,0,2,1
26,1,3,0
45,2,1,0
44,7,3,4
37,2,0,0
36,2,2,0
25,0,0,0
26,3,5,0
37,6,0,0
39,1,0,0
42,2,1,0
34,1,3,0
37,3,0,0
37,2,1,0
31,2,1,0
42,1,1,0
45,0,0,0
34,1,2,0
28,2,4,0
38,2,1,0
39,2,2,0
22,4,3,2
32,1,1,0
42,0,1,1
40,0,0,0
38,2,2,0
39,2,3,0
35,0,2,0
36,9,0,0
43,1,1,0
51,3,0,0
48,0,3,1
44,1,0,0
34,2,8,0
33,2,1,0
34,1,1,0
25,0,2,0
27,5,4,1
30,2,0,0
27,7,3,0
29,1,2,0
41,1,2,1
31,2,0,0
27,4,1,2
52,2,6,1
33,2,2,0
28,0,2,0
32,0,0,0
27,2,4,2
42,1,2,0
35,3,2,0
27,1,0,1
43,3,0,1
45,1,0,0
23,5,5,1
37,0,4,1
33,1,3,0
31,2,4,0
34,2,6,0
31,2,0,0
29,3,1,0
34,2,0,0
34,3,1,0
41,2,0,1
35,2,1,0
41,0,0,0
28,2,0,0
30,0,5,1
36,2,4,0
37,0,2,1
34,1,1,0
23,1,0,0
30,2,1,0
43,0,3,0
33,2,0,1
42,3,0,1
34,5,2,0
30,1,1,0
28,0,2,1
29,5,0,0
39,6,2,1
40,1,4,0
39,0,0,1
41,2,0,0
38,1,1,1
38,0,1,0
36,3,1,1
25,5,4,3
31,3,0,0
40,1,1,0
41,1,2,2
34,2,0,0
39,1,3,0
26,0,1,0
34,2,3,0
36,1,1,0
20,2,3,0
36,1,1,0
27,1,2,0
43,1,1,0
34,1,4,2
50,0,4,0
40,2,1,0
30,0,0,0
34,2,2,1
35,0,6,0
41,0,4,0
28,0,4,1
44,2,1,0
27,6,0,0
37,0,1,0
41,0,3,1
45,1,1,0
42,2,1,0
28,1,8,0
30,1,4,0
40,0,3,0
37,0,0,0
30,3,4,0
33,2,2,0
38,0,1,0
32,2,0,0
45,1,1,0
42,2,0,0
35,1,1,0
28,2,6,0
23,10,1,1
33,5,3,0
38,1,1,0
37,0,0,1
35,2,1,0
34,2,0,0
40,0,3,0
28,7,3,1
33,3,2,1
40,0,0,0
28,3,5,0
31,2,2,0
35,6,1,1
29,0,1,0
43,2,0,0
42,0,8,0
28,2,5,0
46,1,1,0
36,1,2,1
24,8,0,0
32,0,0,0
38,7,0,0
33,0,3,0
37,1,0,0
45,4,1,0
33,1,0,0
32,0,6,0
26,0,4,2
26,1,3,0
33,3,2,0
32,0,3,0
38,1,2,0
26,1,0,0
35,0,3,0
30,7,1,0
45,2,2,1
50,0,3,0
39,2,0,0
28,0,6,0
38,1,0,0
48,1,1,0
30,1,1,0
38,1,0,1
21,0,2,0
28,2,0,0
24,1,6,1
34,1,5,0
36,1,0,0
35,0,2,1
53,4,2,0
33,3,1,0
40,2,0,1
46,2,1,0
36,1,1,0
33,2,0,0
49,4,1,0
29,4,2,0
33,4,2,0
37,4,1,0
37,1,1,0
37,3,0,0
34,2,0,0
33,1,1,1
15,12,1,2
37,3,0,0
24,1,2,1
33,0,2,0
27,5,5,1
41,0,0,0
42,1,0,0
32,2,0,0
57,2,0,0
29,4,2,0
26,1,5,1
45,2,0,0
50,1,0,0
37,1,5,0
40,1,0,0
39,1,0,0
36,3,2,0
31,1,1,1
41,1,1,1
51,1,1,0
33,2,2,0
38,8,1,1
37,1,2,0
39,1,1,0
40,1,6,0
41,0,1,0
32,6,0,0
34,2,2,0
42,0,0,0
33,1,1,0
29,1,1,0
40,0,0,0
36,0,1,0
30,0,0,1
35,2,2,0
33,1,2,0
37,1,1,0
50,1,0,0
35,1,3,0
47,1,1,0
35,1,1,0
48,1,1,0
33,8,1,0
38,3,0,0
38,2,0,0
35,1,1,0
36,3,1,0
30,4,3,0
29,1,2,0
39,2,0,0
48,1,2,1
43,0,1,0
28,0,0,0
32,2,4,0
44,4,6,0
32,1,3,0
40,1,2,1
38,3,3,0
32,5,0,0
27,5,0,1
27,1,1,1
37,0,5,0
43,1,0,0
30,4,1,0
38,6,4,1
23,8,3,1
22,6,8,1
40,1,2,0
31,1,2,0
40,1,2,0
44,1,1,0
37,0,0,0
25,0,5,1
39,1,0,0
31,1,6,0
39,2,2,0
36,1,0,0
26,5,0,0
39,2,1,2
30,4,3,1
42,1,1,0
40,1,1,0
23,5,0,0
30,0,1,0
28,2,0,0
28,5,2,1
44,0,0,0
39,0,2,0
31,1,0,0
30,1,8,1
40,3,1,0
34,1,2,1
42,1,0,0
42,2,0,0
29,0,2,0
44,0,1,1
39,0,3,0
32,2,0,0
24,2,3,1
21,5,2,2
35,3,0,0
41,0,1,0
47,1,4,0
28,6,1,0
41,0,0,0
32,1,7,0
35,2,0,1
35,1,2,0
40,1,7,2
31,1,1,0
26,2,0,0
40,3,0,1
33,2,2,0
28,1,0,0
30,1,0,0
42,2,3,0
38,1,1,0
36,2,2,0
30,3,3,0
29,3,2,0
37,3,1,0
43,1,2,0
26,2,4,0
32,0,2,2
36,6,1,0
37,2,2,0
29,0,0,0
22,7,1,0
34,2,2,0
37,1,4,0
39,0,1,1
44,8,0,1
39,1,5,0
39,0,2,0
37,4,0,0
37,0,0,0
37,2,4,1
41,1,1,0
33,2,2,1
31,7,1,0
42,0,0,0
53,1,2,0
24,1,11,1
40,3,0,0
42,0,0,0
38,1,3,0
30,1,2,1
39,0,0,1
33,0,0,1
33,0,3,0
31,6,7,1
33,0,0,1
34,1,1,0
32,0,2,0
32,1,0,1
47,1,2,0
41,3,3,0
34,1,1,0
31,1,0,0
40,4,0,1
33,1,0,0
48,2,1,0
37,3,2,0
42,0,1,0
42,1,1,0
37,1,3,0
28,1,0,1
40,0,3,0
34,2,0,0
35,1,2,0
43,1,2,0
48,2,3,0
42,7,5,1
45,1,3,0
39,6,0,0
38,3,3,0
38,10,0,0
43,0,0,0
33,3,2,0
31,3,0,0
33,2,6,0
27,3,3,1
36,2,0,0
35,2,1,0
32,1,3,0
34,3,0,1
26,0,3,0
35,1,4,0
41,3,0,0
31,2,1,0
46,2,0,0
29,3,1,1
37,8,1,0
32,4,2,0
34,3,1,0
35,0,0,0
34,3,4,0
45,7,3,0
36,1,1,1
43,4,1,0
47,2,1,0
33,1,1,0
48,2,0,0
33,2,1,0
24,0,4,0
37,2,1,1
33,3,1,0
32,4,1,1
34,2,1,1
41,1,2,0
46,1,0,0
37,0,1,0
30,3,0,0
27,3,1,0
26,7,0,2
34,1,2,0
35,0,0,0
46,1,1,0
27,0,3,0
43,2,2,0
36,1,2,1
40,2,3,0
38,1,2,0
31,1,2,0
31,1,0,0
35,1,1,0
37,1,5,1
26,0,0,0
40,1,1,0
35,2,0,0
39,0,2,1
34,9,1,0
34,2,0,0
46,1,4,0
39,1,3,0
25,2,0,1
42,2,2,0
30,1,2,0
45,2,0,0
42,1,1,0
29,1,4,0
33,1,1,0
42,1,0,1
28,0,1,1
39,1,0,0
42,1,0,1
34,1,0,0
36,0,0,0
29,2,3,0
24,4,6,1
38,1,3,1
41,3,1,0
28,3,2,0
32,2,1,0
38,3,1,0
35,2,5,0
46,0,2,0
42,1,3,0
38,1,0,0
27,4,2,0
30,1,4,0
44,2,0,0
36,1,0,0
38,3,0,0
36,1,6,0
44,1,0,0
36,1,1,0
39,1,1,0
42,0,1,0
40,1,0,1
39,0,2,0
49,1,2,0
27,2,3,0
44,1,1,1
36,0,0,0
37,3,1,1
43,1,0,0
38,2,1,0
51,1,0,0
40,5,0,0
45,1,6,0
43,1,0,0
32,9,0,0
34,3,2,1
36,4,2,0
34,3,0,0
38,10,1,1
34,2,0,0
36,2,2,0
30,0,6,1
30,12,2,0
37,1,2,1
37,4,1,0
30,2,0,0
46,1,0,0
39,2,2,0
24,3,2,0
37,0,4,0
42,2,3,0
36,2,1,1
42,2,0,0
35,0,5,0
36,3,0,0
49,2,0,0
34,9,1,0
36,3,0,0
27,3,4,1
37,1,1,0
31,0,2,0
34,3,2,0
49,1,0,0
34,3,2,0
49,2,1,1
41,0,0,1
34,2,3,0
36,6,1,0
38,2,0,0
46,1,0,0
40,1,1,1
46,2,1,1
32,7,0,2
23,1,6,0
34,1,1,0
42,1,1,0
43,1,1,0
36,0,1,0
30,8,0,0
30,3,0,0
27,1,4,0
36,3,0,0
34,3,2,1
39,0,1,0
19,0,10,0
45,0,0,0
34,1,4,0
25,1,0,1
30,3,1,0
34,3,0,0
35,1,1,0
37,2,3,1
41,3,0,1
40,2,2,0
41,1,3,2
26,3,1,0
50,1,1,0
40,1,4,1
44,0,2,0
50,3,1,0
35,10,2,0
34,2,0,1
36,1,1,0
35,3,1,0
35,0,3,0
27,14,0,0
26,0,5,1
40,0,1,0
39,4,0,0
32,10,3,2
38,5,1,0
41,0,4,0
49,0,2,0
43,1,0,0
41,4,0,1
35,1,2,0
34,1,2,0
44,4,3,0
19,5,5,1
31,1,2,0
33,0,0,1
46,1,2,0
31,2,2,0
31,2,4,0
46,3,0,0
34,2,1,0
31,3,0,0
41,2,1,0
28,1,0,0
35,2,0,0
37,10,3,0
42,0,3,0
43,1,0,0
47,0,0,0
36,5,1,0
35,2,2,0
38,2,3,1
26,7,1,2
38,2,1,0
41,1,1,0
41,2,3,0
37,2,0,0
38,2,1,0
28,1,0,0
38,2,2,0
45,0,0,0
43,0,0,0
38,2,2,0
33,0,2,0
43,1,1,1
33,1,0,0
46,2,1,3
29,3,2,0
24,2,7,0
46,3,0,0
39,3,1,0
50,0,1,0
24,1,0,0
36,0,1,0
37,1,0,1
45,1,0,0
31,4,0,0
32,0,0,0
24,1,2,0
36,1,8,0
40,0,4,1
38,4,2,0
41,0,5,1
38,0,3,2
39,1,3,2
37,1,0,0
34,2,1,0
41,2,2,0
38,2,0,0
36,2,3,0
28,2,1,1
28,8,3,0
34,0,0,0
40,2,2,0
42,2,0,0
33,1,1,0
39,0,2,0
26,1,0,0
37,1,1,0
33,8,0,0
40,0,4,0
25,1,2,0
15,1,5,0
38,0,1,2
26,4,2,0
45,1,1,1
24,4,3,0
35,1,2,0
37,2,0,0
41,0,4,1
45,2,2,1
40,0,1,0
36,2,0,1
37,1,2,0
40,1,1,0
30,0,3,0
21,8,2,0
33,5,0,1
39,3,1,1
36,0,2,0
55,4,4,0
39,1,0,0
42,1,1,0
44,2,2,0
33,2,2,0
34,8,0,0
30,0,0,0
34,1,3,1
42,3,1,0
24,6,0,1
46,0,2,0
42,1,4,1
34,0,0,1
27,1,3,0
34,2,1,0
34,10,1,0
40,1,1,0
31,1,1,0
32,1,3,0
41,1,0,0
31,1,0,0
32,3,1,1
38,2,2,0
34,0,0,0
36,2,1,0
38,1,0,0
39,5,2,0
32,1,0,0
39,1,0,0
50,4,1,0
35,4,1,1
24,1,4,0
42,1,3,0
35,0,0,0
53,1,1,0
27,0,0,0
33,2,5,0
46,2,0,1
32,10,2,0
44,3,2,1
37,2,2,1
31,0,3,1
35,8,1,1
32,1,4,0
41,1,0,0
34,3,1,0
31,0,3,0
42,0,6,0
34,1,6,0
42,2,3,0
41,0,0,0
36,3,2,0
32,2,2,0
30,1,2,0
32,3,0,0
33,0,5,0
44,1,2,0
47,1,2,0
35,1,1,0
35,0,0,0
26,2,0,0
30,1,3,0
32,0,1,0
34,0,4,1
45,2,0,1
46,0,3,0
29,0,1,1
31,1,2,0
50,3,1,0
31,1,5,0
28,3,1,0
34,0,5,0
31,3,1,0
35,2,1,0
41,1,0,1
38,3,0,0
47,3,0,0
48,1,0,0
44,2,3,0
35,2,1,0
32,0,7,0
44,3,0,0
36,0,1,0
31,2,0,0
38,1,0,0
34,1,1,0
36,1,0,0
34,0,1,0
41,3,3,0
39,1,1,1
35,2,0,1
38,4,1,0
41,2,1,0
40,0,0,1
46,2,1,0
45,5,3,0
40,2,0,0
28,5,1,1
33,0,1,1
28,0,0,0
34,2,3,1
33,1,3,0
50,0,1,0
32,0,3,1
27,2,1,0
46,3,1,0
27,4,1,0
41,0,1,0
27,7,0,0
38,4,1,0
43,4,1,0
29,3,2,0
32,2,3,0
37,0,3,1
46,0,2,0
32,2,1,0
37,1,0,0
46,1,2,1
42,0,4,0
22,8,5,1
41,1,2,0
35,1,2,0
41,1,2,0
44,1,0,0
41,1,7,0
29,2,2,0
36,0,1,0
35,2,2,2
47,3,0,0
35,2,1,0
35,2,5,0
42,4,0,0
36,3,1,0
40,1,1,0
38,0,1,1
35,2,0,0
20,6,3,0
29,1,0,0
29,2,1,0
39,3,1,0
32,8,2,0
32,0,1,0
39,2,3,0
37,2,0,0
37,10,0,3
50,1,2,0
33,1,7,1
32,1,0,0
31,0,2,0
45,2,1,0
30,3,1,0
33,10,0,1
36,1,0,0
33,3,3,0
25,1,8,0
39,3,2,0
31,0,0,1
38,2,2,1
30,0,2,1
29,16,0,0
37,0,1,0
34,0,1,0
53,4,0,0
40,2,1,1
27,13,0,1
30,2,0,0
37,2,1,0
40,3,2,0
28,2,2,1
40,1,0,0
29,0,4,0
46,3,0,0
32,1,1,0
37,2,2,2
44,0,2,0
35,0,2,0
33,0,1,1
39,1,2,1
35,1,3,0
28,4,3,1
39,3,3,0
35,0,0,0
40,2,2,1
30,1,8,0
36,3,0,0
47,3,0,0
35,1,1,0
41,0,0,0
40,2,1,2
37,0,3,0
29,10,1,1
41,2,1,0
41,0,5,0
41,2,1,0
34,0,1,1
21,0,8,0
45,0,0,0
24,1,1,0
28,0,2,1
47,0,3,0
43,2,1,0
40,1,0,0
45,3,3,0
44,4,1,0
23,10,1,0
31,8,3,1
45,1,1,0
42,0,2,0
35,0,3,0
33,2,0,0
41,0,2,0
33,3,0,0
39,4,2,2
27,4,1,0
37,2,5,0
31,2,1,0
31,3,2,0
39,2,1,0
36,1,3,0
30,0,0,0
33,3,0,1
30,2,1,0
36,0,10,1
23,3,0,0
27,1,1,0
46,2,0,1
40,2,1,0
34,1,0,1
30,11,1,0
35,2,1,0
45,2,1,0
47,2,0,0
35,6,0,1
30,1,2,2
40,2,2,0
24,2,4,0
36,4,3,0
29,5,1,0
27,0,3,1
31,0,0,0
38,1,4,0
41,4,2,0
37,4,3,0
34,1,0,0
35,3,1,0
37,5,0,1
35,0,2,0
39,1,1,0
25,2,0,0
37,0,0,0
36,0,0,0
52,2,2,0
52,1,0,1
27,3,1,0
44,1,2,0
33,2,2,1
37,3,1,2
36,0,1,0
47,3,0,0
36,1,0,0
38,1,8,0
49,0,2,0
31,10,3,3
17,4,1,0
41,0,0,0
37,0,3,0
25,5,1,2
25,1,3,0
48,0,2,1
28,3,1,0
40,1,3,0
38,0,0,0
44,0,0,0
39,2,0,0
30,3,0,1
35,1,0,0
38,1,0,0
35,2,0,0
36,2,4,0
34,3,0,0
36,0,2,0
34,0,4,0
40,1,1,0
37,2,1,0
38,2,2,0
48,1,3,0
36,6,0,0
29,2,2,0
34,1,5,1
40,0,2,1
31,4,1,0
34,2,1,0
40,4,0,1
47,1,1,0
42,0,5,0
42,2,1,0
23,5,2,1
36,2,1,0
32,0,1,0
44,1,4,0
42,1,0,0
32,0,0,0
35,0,3,0
37,1,1,0
31,0,5,0
48,2,3,0
35,3,4,0
39,2,2,0
31,0,7,1
36,0,0,0
43,0,0,0
23,1,3,0
40,0,5,0
29,1,1,0
33,13,2,0
27,3,0,0
30,2,0,0
34,0,1,0
37,2,2,0
35,0,0,0
48,1,2,0
26,16,0,1
42,1,0,0
39,0,1,0
38,1,1,0
45,3,2,0
35,7,0,1
25,1,0,0
44,4,1,0
29,2,6,1
34,0,1,0
32,3,3,0
24,20,1,0
32,0,6,0
38,4,0,0
27,1,8,0
51,1,4,0
29,1,4,1
26,2,1,0
39,0,0,0
33,5,1,0
21,1,9,1
39,1,1,1
36,1,3,1
33,5,1,0
26,0,1,1
41,2,0,0
39,2,0,0
33,2,2,0
33,0,2,0
35,1,1,0
35,4,1,0
42,2,7,0
48,0,1,0
42,1,2,0
45,2,0,0
26,1,0,0
35,0,2,0
40,0,1,0
44,1,0,0
26,6,1,1
44,1,2,0
26,2,1,0
31,2,3,0
33,2,2,0
42,1,0,0
31,0,3,0
27,4,3,1
30,2,1,0
34,3,3,0
31,2,1,1
44,1,0,0
41,2,1,0
32,1,4,0
46,0,2,2
48,0,2,0
31,1,1,1
41,2,0,0
42,1,1,0
46,2,2,0
36,0,2,0
37,4,0,1
32,2,1,0
39,2,2,0
36,0,4,0
40,1,0,0
31,1,1,0
41,3,1,0
35,3,3,2
49,1,0,1
45,2,1,0
36,3,0,0
38,1,0,0
24,9,0,3
38,2,1,0
36,0,0,0
39,1,2,0
32,1,4,0
42,0,1,0
32,0,1,0
31,3,0,0
49,5,0,0
35,1,1,0
24,8,0,2
34,2,2,0
41,0,2,1
35,1,4,0
40,1,8,0
37,0,2,0
37,1,4,0
17,4,3,2
30,1,4,0
29,3,0,0
38,4,0,0
34,0,2,1
35,4,1,1
32,2,1,0
39,2,2,0
36,1,0,0
28,2,0,1
26,2,0,0
42,0,3,0
36,2,1,1
23,4,1,1
36,0,3,1
37,4,0,0
33,16,2,0
35,2,1,0
33,1,1,0
34,4,0,0
32,2,0,0
53,1,2,0
39,4,2,0
29,0,7,0
34,4,0,1
39,2,1,0
37,0,1,0
31,1,6,0
30,1,1,0
26,8,3,1
41,3,0,0
27,2,0,0
42,1,2,0
33,7,1,1
28,1,0,1
26,3,5,0
31,1,6,0
38,0,1,0
23,10,0,2
30,2,6,0
40,0,1,1
35,1,1,0
30,1,2,1
36,1,1,0
52,1,1,0
34,0,0,0
39,1,1,0
34,4,0,0
36,0,1,0
40,1,9,1
28,1,1,0
30,1,1,0
37,0,2,0
40,3,0,0
32,1,2,1
31,0,2,0
41,6,1,1
34,1,1,0
39,1,0,0
50,4,1,2
37,2,1,0
42,3,0,0
30,5,4,3
32,10,0,0
31,3,1,0
31,2,6,1
37,2,3,1
38,4,2,0
30,0,1,0
33,0,6,0
47,3,2,0
63,1,1,0
36,3,2,0
44,0,1,0
25,6,2,0
22,9,2,1
27,11,2,2
40,1,3,0
28,2,1,1
28,1,0,0
32,1,0,1
39,3,2,0
39,1,4,1
33,3,2,0
44,1,0,0
38,1,3,0
40,0,0,0
37,4,0,0
30,1,0,0
38,3,5,0
40,2,0,0
37,2,1,0
39,0,4,0
48,2,2,0
38,0,1,0
29,0,0,0
46,4,2,1
30,3,4,2
30,0,1,0
41,0,1,0
34,3,1,0
42,6,0,0
27,0,2,0
23,1,1,0
37,2,1,0
27,2,3,1
27,1,1,0
36,0,3,0
53,1,1,1
33,0,2,0
33,1,0,0
36,2,2,1
45,1,1,0
39,1,1,0
30,1,0,0
32,0,0,0
47,2,0,1
33,4,2,0
37,0,0,0
32,0,1,0
41,0,0,0
30,6,6,3
32,1,2,2
32,0,5,0
27,2,1,0
37,0,1,0
36,1,3,0
48,4,1,0
35,9,2,0
27,1,1,0
39,0,3,0
29,5,0,0
42,4,2,0
31,6,0,0
47,1,1,0
38,2,0,0
36,1,2,1
37,0,1,0
46,1,0,0
33,1,5,0
53,1,1,0
30,4,0,0
35,0,1,0
39,2,1,0
39,0,2,0
45,2,0,0
21,7,1,0
40,0,3,0
30,1,2,0
28,2,0,0
36,1,2,0
40,2,2,0
26,3,2,0
45,0,2,1
29,1,2,0
44,2,0,0
32,1,0,0
37,1,0,0
43,2,4,0
31,1,3,1
24,0,3,0
34,0,3,1
29,0,3,0
27,7,0,0
33,5,1,0
38,3,2,0
49,3,1,0
29,9,3,0
35,0,1,0
26,10,1,0
30,0,5,1
40,0,1,0
21,11,0,0
42,1,1,1
42,1,1,0
42,0,0,0
43,1,1,0
40,1,0,0
25,8,0,0
30,16,0,0
46,1,4,0
41,0,1,0
29,0,2,0
37,2,2,0
37,1,1,0
44,4,0,1
44,2,1,0
32,0,0,0
31,9,1,1
36,0,4,0
43,2,1,0
33,1,1,0
40,1,1,0
35,3,1,0
26,1,3,0
29,1,0,0
32,4,2,1
35,3,2,0
33,1,4,0
46,2,2,1
38,0,1,0
34,2,0,0
28,1,1,1
34,1,1,0
36,1,1,0
33,2,2,0
34,1,1,0
33,1,2,1
29,6,1,1
32,0,0,0
44,4,0,1
26,8,0,2
17,4,5,4
53,0,1,1
34,11,1,2
32,2,3,0
49,2,0,0
31,1,2,1
30,2,4,0
20,4,0,0
34,3,0,0
32,1,5,0
43,1,2,0
26,3,4,1
45,2,1,0
42,2,0,0
33,1,2,0
28,1,3,1
35,0,6,0
34,3,0,0
38,1,2,0
24,4,4,1
44,1,0,0
20,3,3,4
33,1,13,2
38,3,5,0
35,2,1,0
32,0,3,2
37,1,1,1
37,2,1,1
40,0,0,0
37,3,0,0
36,3,2,0
44,2,0,0
38,2,2,1
36,1,0,0
31,4,3,1
31,1,2,1
32,2,3,2
36,1,2,0
39,0,6,0
42,0,0,0
42,0,1,0
34,7,0,0
46,1,3,0
50,2,3,1
48,1,1,0
29,0,3,0
36,2,2,0
33,11,2,0
41,1,2,1
41,3,1,1
27,7,2,0
43,2,0,0
38,2,2,0
44,0,1,0
48,1,2,1
39,8,2,1
35,2,1,1
35,1,1,0
29,1,4,0
42,3,2,0
43,0,2,1
31,3,2,0
30,1,6,2
31,5,2,4
34,2,5,0
40,4,1,1
37,1,3,1
42,0,0,0
31,2,12,1
37,1,1,0
31,7,1,0
30,5,0,0
26,2,2,0
42,1,1,0
35,2,1,0
35,1,0,0
36,1,3,0
34,5,3,0
39,2,2,0
26,12,0,0
35,2,2,0
32,0,1,0
29,4,1,2
32,2,1,0
43,2,4,0
36,2,1,0
46,0,1,0
46,5,1,0
26,0,1,0
37,2,4,0
42,0,0,0
46,0,2,0
31,2,2,0
39,4,3,1
37,0,0,0
37,4,1,0
39,1,0,0
43,3,1,0
32,2,0,0
38,1,2,0
36,3,0,0
35,3,3,0
38,0,0,0
33,2,1,0
28,0,0,2
32,2,2,2
29,3,0,1
35,0,8,1
40,1,2,0
29,4,7,2
43,1,1,0
45,6,0,0
48,0,0,0
31,2,7,0
31,2,0,1
29,3,2,0
35,4,4,0
44,2,1,2
36,1,7,0
41,1,2,1
32,0,2,0
40,5,0,1
45,2,1,0
35,1,0,0
36,6,3,2
41,1,3,0
24,5,1,2
32,3,6,0
37,3,2,0
40,0,1,0
30,1,0,0
41,3,1,0
37,1,4,0
37,2,1,0
38,0,1,0
33,2,1,0
47,1,1,1
37,2,1,0
41,1,2,0
32,2,1,0
41,1,4,0
35,0,0,0
43,0,2,0
38,2,1,0
34,1,1,0
47,3,0,0
33,2,6,0
29,1,5,0
36,9,1,1
38,3,0,0
33,0,0,0
35,1,2,0
42,0,1,0
31,2,0,0
24,1,1,0
34,1,1,0
41,0,1,0
32,0,4,1
34,2,0,0
31,0,1,0
42,2,3,0
31,2,5,0
40,4,4,0
36,4,2,0
44,1,3,0
45,2,4,0
25,1,1,0
43,0,0,1
30,0,2,0
42,2,0,0
31,2,1,0
38,1,4,0
37,1,1,0
39,0,2,0
28,1,6,0
43,0,2,0
35,1,3,0
34,3,8,0
37,1,0,0
30,1,2,1
31,3,2,0
40,0,6,1
39,0,2,0
37,0,4,0
31,2,3,0
35,2,1,0
28,4,6,4
38,1,0,0
27,0,0,0
45,3,2,0
26,4,1,0
33,1,2,1
36,0,4,0
34,0,2,0
40,3,2,1
37,0,1,0
33,2,3,0
39,0,1,0
41,1,0,0
33,0,0,0
35,1,2,1
26,8,2,1
41,3,3,0
23,7,0,0
29,2,3,0
41,4,1,0
26,3,1,0
35,1,5,0
39,1,3,0
47,1,3,0
33,0,1,0
35,2,2,0
41,2,3,0
24,7,0,0
38,0,2,0
36,2,0,0
33,8,7,2
36,2,1,0
32,1,0,0
34,1,6,1
42,1,0,0
29,1,0,0
23,5,3,0
37,1,1,0
39,3,2,0
35,5,3,0
27,2,0,0
41,2,1,0
30,7,2,1
37,0,2,0
34,2,3,2
38,0,2,0
42,4,0,0
22,3,2,0
37,2,2,0
35,4,1,0
49,0,3,1
34,5,2,0
23,18,0,1
37,3,1,1
34,0,1,0
29,2,1,2
35,1,7,1
19,11,1,2
37,0,1,0
34,0,1,0
40,3,5,0
35,2,1,0
41,0,3,0
30,2,0,0
38,0,7,1
38,2,2,0
55,3,2,0
36,1,1,0
36,2,0,0
25,1,6,1
27,0,2,0
45,0,1,2
34,2,9,0
30,2,1,0
33,2,1,0
40,1,1,0
32,0,1,1
28,2,2,0
41,2,0,0
43,1,4,0
25,3,1,0
40,1,1,0
45,1,1,0
33,0,2,1
43,2,0,0
39,1,1,0
37,2,2,0
39,4,5,0
35,2,1,0
36,0,4,0
33,1,0,0
45,1,1,0
41,2,0,0
36,2,0,1
41,1,2,0
36,1,2,0
42,1,2,0
30,1,2,0
28,0,3,1
38,3,7,2
30,2,2,2
46,8,2,0
42,4,1,0
35,1,4,1
35,1,1,0
34,4,0,0
42,0,0,1
35,8,2,1
41,2,3,0
32,0,3,0
43,1,2,0
36,2,4,0
25,0,3,0
32,2,0,1
40,0,2,0
31,0,0,0
44,1,1,0
34,2,3,0
34,1,2,1
33,5,1,0
45,0,2,0
42,3,2,0
41,1,3,1
27,0,8,1
30,0,2,1
38,1,4,0
46,0,1,0
39,2,1,0
24,12,0,0
39,3,3,1
24,2,1,0
48,2,2,0
43,2,4,0
46,0,1,0
42,0,1,0
38,1,0,0
31,1,0,0
32,0,3,0
39,0,3,1
34,4,0,0
42,1,0,1
28,7,3,0
41,1,2,0
40,1,2,1
24,0,1,0
32,1,2,1
45,2,1,0
32,3,0,1
23,6,1,0
39,2,2,0
37,3,3,0
41,2,1,0
42,11,0,0
35,2,2,0
34,1,11,1
36,1,0,0
40,3,3,0
49,1,1,0
44,1,0,0
33,2,1,1
44,4,2,0
31,3,8,0
46,1,0,0
47,2,2,0
32,1,0,0
37,0,0,0
39,1,1,0
34,7,2,1
41,1,1,1
40,1,0,0
33,1,1,0
43,2,1,0
32,6,2,0
45,0,3,0
41,0,4,1
38,6,1,1
29,0,6,1
39,1,0,0
36,2,1,0
36,2,7,1
29,2,3,1
33,0,1,0
43,2,0,1
48,0,2,0
32,0,0,0
32,0,3,0
46,1,4,0
40,2,5,1
43,2,2,0
35,3,2,0
26,0,2,4
29,0,0,0
33,1,2,0
37,3,4,1
42,0,1,1
46,1,2,0
28,3,3,1
39,1,0,0
32,0,2,0
41,2,1,1
26,0,2,1
53,2,1,0
45,2,1,0
35,1,2,2
36,3,4,0
36,2,0,0
42,1,0,1
37,1,4,0
32,2,1,0
28,3,1,0
25,4,1,1
40,1,1,0
43,1,2,0
33,1,1,0
33,2,0,1
44,1,2,0
32,4,1,0
30,4,2,0
40,0,4,1
51,1,2,0
33,2,1,0
39,2,2,0
26,8,1,0
36,2,2,0
36,3,2,0
39,3,1,2
36,0,2,1
32,1,1,0
31,0,0,0
40,2,0,1
32,10,0,2
33,0,2,1
52,5,0,0
30,1,1,1
28,1,0,0
33,0,2,0
30,2,2,0
32,1,0,0
40,1,1,1
34,0,1,0
43,0,2,0
40,0,2,0
49,3,1,0
43,0,1,0
45,0,1,0
38,2,1,0
35,2,1,0
45,0,1,0
37,2,0,0
27,3,5,0
38,0,1,0
44,1,1,1
36,2,5,0
28,3,2,1
35,1,3,0
32,4,5,1
34,8,0,0
44,3,0,0
28,4,1,2
33,0,7,1
46,1,2,0
32,2,2,0
29,4,1,0
35,4,0,0
42,1,1,0
19,3,0,1
32,1,2,0
35,3,0,0
48,1,0,2
34,0,0,1
34,2,1,0
42,1,0,0
45,3,1,0
25,1,0,0
44,0,0,0
31,1,2,0
35,1,1,0
38,0,0,0
38,0,5,0
29,8,1,1
38,1,0,0
33,4,0,0
40,1,3,0
37,1,2,0
41,1,2,1
47,1,0,0
34,3,0,0
39,2,3,0
33,3,2,0
27,6,2,1
39,2,1,0
46,1,0,0
33,1,1,0
35,2,0,0
40,2,1,0
32,3,0,0
28,3,3,0
28,0,7,0
46,8,2,2
28,4,0,0
29,1,2,0
35,2,3,0
38,3,0,0
33,2,3,0
30,2,1,0
40,3,4,0
39,0,0,0
36,2,1,0
43,0,1,0
31,1,1,0
29,2,2,1
44,2,1,0
31,4,1,0
40,1,1,1
35,1,0,0
38,3,2,0
33,0,2,0
33,0,1,0
31,3,0,0
33,7,0,0
33,1,2,0
24,0,0,1
37,0,2,0
37,1,1,0
34,1,4,1
24,1,1,1
38,3,2,0
41,2,1,1
36,1,0,0
42,9,0,0
28,7,0,0
30,2,6,0
36,1,1,0
38,8,3,0
32,1,1,0
42,0,0,2
27,2,2,0
31,1,1,0
36,0,1,0
48,1,1,0
44,1,2,0
33,1,1,0
45,3,1,0
33,1,0,0
45,1,5,1
41,2,4,0
28,15,1,0
35,2,4,1
27,1,2,0
32,0,3,0
30,2,0,0
36,0,8,0
36,0,4,2
33,1,1,0
26,1,4,0
31,2,2,0
32,0,2,0
46,2,0,0
34,1,1,0
35,1,3,0
48,1,0,0
25,1,2,0
26,2,1,0
42,1,1,0
48,0,2,0
26,8,3,0
27,3,2,0
32,0,0,0
31,3,2,0
42,1,1,0
21,3,0,0
42,1,2,0
34,6,0,0
35,1,0,1
29,2,0,0
27,1,3,0
32,2,0,0
32,3,1,0
45,2,2,0
43,0,0,0
38,0,1,0
45,1,0,0
46,4,1,0
36,0,2,0
44,2,0,0
37,3,7,0
29,0,2,0
41,1,2,0
37,5,0,1
32,3,4,0
45,0,2,0
42,2,2,0
24,1,1,0
26,1,2,0
34,2,0,0
31,7,2,1
32,0,2,0
43,2,1,0
42,4,1,0
39,0,1,0
35,1,0,0
33,0,1,1
46,0,0,0
40,2,2,1
46,3,0,0
39,2,2,0
33,3,0,0
37,0,1,0
37,2,0,0
42,0,0,0
42,3,1,0
25,2,0,0
34,2,4,0
43,0,4,0
41,2,3,2
47,3,0,1
40,3,1,0
39,2,0,0
36,2,3,0
32,0,4,1
41,1,7,0
39,0,6,0
30,6,0,0
36,1,4,1
33,1,1,0
44,1,1,0
36,1,2,1
36,1,1,0
39,1,2,0
41,2,6,0
28,1,1,0
46,0,1,0
25,2,1,0
36,7,0,1
47,3,0,0
39,0,4,0
30,12,0,1
41,4,3,1
31,4,1,1
41,0,0,0
36,2,2,0
30,1,1,0
26,0,2,0
37,1,2,0
32,4,0,0
27,1,1,0
34,3,0,0
40,1,1,1
30,0,2,0
50,3,2,0
45,1,2,0
25,4,0,1
38,1,3,0
39,2,3,0
39,0,0,0
40,0,2,0
43,4,0,0
41,0,1,0
33,2,2,0
31,0,9,1
26,3,7,0
33,3,1,1
38,0,1,0
35,0,6,0
41,2,3,0
44,1,0,0
56,9,1,0
47,1,2,1
40,1,3,2
40,2,0,0
37,8,3,0
38,2,2,0
28,3,2,0
37,3,1,0
42,1,4,0
37,1,1,0
34,2,0,0
37,2,1,0
34,0,4,0
46,2,0,1
40,1,1,0
35,3,3,0
45,4,0,0
43,4,3,0
30,3,0,0
31,1,1,0
28,3,2,0
30,3,1,0
39,3,3,0
44,0,4,0
36,13,1,0
33,1,2,0
27,1,2,0
39,2,2,0
31,1,5,0
39,1,2,0
41,0,1,0
38,1,2,0
29,3,0,0
38,1,1,0
35,0,4,1
37,7,1,0
30,10,0,0
30,1,5,0
39,1,3,0
41,2,3,0
46,2,1,0
38,2,3,0
41,3,2,1
48,1,0,0
41,2,2,3
32,3,8,0
42,1,4,0
35,1,4,2
37,4,0,0
31,2,1,1
32,1,1,0
32,1,1,1
37,1,1,0
25,1,1,0
43,0,1,0
27,1,1,0
37,3,3,0
32,0,0,1
37,2,2,0
35,0,2,1
35,1,2,0
26,0,0,0
26,8,5,0
39,9,0,0
48,1,0,0
42,0,0,0
29,2,0,0
25,4,1,0
42,0,5,0
53,3,1,0
35,2,0,0
32,1,1,0
40,2,1,0
35,2,1,0
34,0,2,0
49,2,1,0
45,1,1,0
33,2,6,0
26,2,1,0
39,1,1,1
30,4,3,2
36,3,1,0
45,1,0,0
36,4,1,0
41,1,1,0
47,3,2,1
46,5,5,0
45,1,0,0
32,0,1,0
31,3,2,0
47,1,1,0
35,4,1,0
32,1,2,0
36,5,1,0
31,1,5,1
33,1,2,0
24,5,2,0
35,1,2,0
43,0,2,0
40,1,1,0
43,2,0,2
44,1,0,0
45,2,1,0
37,1,2,0
32,0,5,1
31,1,5,0
45,1,2,0
34,0,0,0
42,0,0,0
50,1,0,0
43,2,2,0
39,1,2,1
28,4,1,0
35,1,2,0
38,1,4,1
30,8,0,0
24,0,3,0
41,2,3,0
36,1,0,0
47,2,0,0
30,1,2,0
32,1,1,0
35,1,2,0
47,0,1,1
22,13,1,0
34,0,2,1
27,0,6,1
33,6,1,0
35,2,6,0
38,2,2,0
33,1,3,0
34,2,1,0
40,0,2,0
38,0,0,0
33,1,2,0
47,0,0,0
46,2,1,2
35,1,3,0
31,0,1,0
36,2,0,0
51,0,0,0
37,1,2,0
35,1,1,0
36,0,0,1
34,0,3,0
27,0,5,0
31,2,3,0
34,0,2,0
36,1,2,0
38,0,0,0
36,3,0,0
29,0,0,0
20,9,0,0
47,0,0,0
37,0,1,1
33,0,1,0
35,0,4,0
36,1,2,0
34,3,0,1
43,1,2,0
37,1,1,0
33,1,3,0
41,2,1,0
34,1,6,1
42,0,2,0
33,2,0,0
34,3,1,0
37,3,1,0
38,2,0,0
36,2,1,1
37,1,2,0
31,3,2,0
33,0,0,0
28,2,0,1
43,1,2,0
45,2,2,0
41,1,1,0
46,1,0,1
36,7,2,0
33,2,0,0
29,0,1,0
34,6,1,0
28,2,0,0
35,1,1,1
36,4,1,0
34,0,0,0
22,15,0,1
41,2,2,0
27,1,1,0
35,3,1,0
34,1,8,1
28,2,1,0
44,1,1,0
32,2,1,0
35,1,4,0
43,2,2,0
34,2,1,0
47,1,0,2
42,3,1,0
46,0,1,0
25,0,0,0
31,9,0,0
43,3,0,0
34,1,3,0
21,7,0,0
39,1,3,0
40,3,1,0
29,2,2,0
34,2,1,0
38,4,1,0
24,2,1,1
44,6,1,0
35,0,5,0
28,3,5,2
37,0,2,0
37,2,0,0
32,0,3,0
32,0,13,1
27,0,2,0
43,0,3,0
43,2,1,0
31,1,0,0
34,0,3,1
42,5,0,1
39,2,1,0
32,1,0,1
38,3,0,0
30,1,0,0
36,2,0,0
44,1,0,0
25,1,1,1
45,1,1,0
24,1,3,1
43,1,1,0
31,2,6,1
36,2,0,0
32,2,0,0
29,5,2,0
30,6,2,1
30,1,0,1
26,0,3,0
35,0,4,1
30,7,1,0
44,1,0,0
37,8,5,1
32,4,5,0
41,0,2,0
49,0,1,0
35,2,1,0
39,0,1,0
33,0,1,0
36,0,6,0
27,3,1,0
39,0,2,0
31,1,0,0
38,1,1,0
30,2,2,1
32,2,0,0
35,3,2,0
43,1,3,0
41,0,1,0
33,0,3,1
47,0,3,1
26,6,2,3
39,4,0,0
38,0,7,0
37,1,1,1
46,2,1,0
44,1,2,0
32,0,2,0
25,1,4,2
37,0,2,0
48,1,0,0
34,1,1,0
27,1,2,0
32,3,1,0
21,6,1,1
37,3,1,0
33,2,9,0
46,0,3,0
30,7,1,1
23,8,0,0
33,1,2,0
39,2,2,0
35,2,1,0
39,0,1,0
41,1,2,0
35,1,3,0
39,0,1,0
35,3,1,0
32,1,1,0
40,1,2,0
38,8,0,0
37,3,0,0
37,0,2,1
59,1,2,1
52,2,0,0
36,0,0,0
36,4,2,0
31,1,2,0
31,0,2,0
45,1,0,0
41,1,0,0
43,1,1,0
29,10,1,1
27,2,0,0
51,1,1,0
24,1,0,0
26,1,2,1
50,0,2,1
36,0,1,0
26,3,2,2
34,3,3,0
25,1,1,1
49,1,0,0
55,2,2,0
33,1,1,0
33,0,1,1
38,2,1,0
36,0,2,0
42,0,1,0
27,0,0,0
31,1,1,0
39,2,1,0
38,1,1,0
45,0,2,0
31,3,0,0
37,3,0,1
33,0,4,0
31,1,2,1
36,2,1,0
39,4,1,0
41,2,4,0
24,1,4,1
36,1,0,0
37,7,1,1
43,0,0,0
32,1,0,0
36,11,1,0
47,2,1,0
35,3,3,0
31,9,1,1
43,1,1,0
32,9,2,0
23,6,1,2
35,1,0,1
39,2,0,0
38,1,0,0
34,0,5,0
43,0,0,0
43,3,1,0
37,1,1,0
34,0,0,0
48,2,0,1
35,2,0,0
34,2,2,0
33,1,2,1
35,3,2,0
30,3,2,0
46,1,0,0
42,13,0,0
29,4,3,1
45,2,0,0
38,2,0,0
33,3,4,2
35,4,0,0
30,1,1,0
24,0,0,1
27,2,1,0
29,3,1,0
41,2,10,0
34,6,0,0
35,2,2,0
32,1,0,0
23,12,0,0
39,1,3,0
34,3,3,1
43,1,0,0
36,4,1,0
37,1,1,0
31,1,0,0
32,3,0,0
30,0,1,0
39,1,1,1
47,0,1,0
30,1,0,0
32,0,3,0
41,2,0,0
45,9,2,0
33,0,6,0
31,3,1,0
34,0,3,0
27,6,0,0
33,1,1,0
37,11,0,0
36,1,0,0
49,4,3,0
25,0,2,0
38,1,1,0
40,0,0,0
42,1,3,0
30,0,1,0
21,10,3,3
36,0,7,1
38,2,2,0
41,4,1,0
27,3,2,0
39,0,6,0
31,1,2,0
32,3,3,0
34,0,1,0
30,1,1,0
44,6,0,0
43,2,0,0
25,1,3,0
25,4,2,0
32,3,1,0
19,1,2,0
43,2,0,0
42,1,3,0
37,1,4,0
37,0,1,0
29,1,1,1
29,2,2,0
33,0,4,2
34,3,1,0
36,2,1,0
33,2,1,0
42,0,3,1
33,4,2,0
39,1,1,0
27,0,3,0
36,2,1,0
45,2,0,1
33,15,0,0
32,2,0,0
37,1,1,0
37,13,0,0
45,1,4,0
39,1,2,0
45,3,3,0
47,2,3,0
28,0,5,1
34,0,0,1
29,2,1,0
40,0,1,0
35,0,6,1
30,0,3,0
36,1,2,1
34,0,1,2
46,4,1,1
34,2,0,0
40,0,0,1
24,6,3,0
40,2,0,1
20,5,1,0
32,2,3,1
31,4,1,1
22,3,2,0
34,2,1,1
45,0,0,0
42,0,3,0
40,1,1,1
23,1,5,1
37,2,1,0
27,7,1,2
46,3,2,0
40,0,0,0
26,0,4,1
30,1,3,0
45,3,1,0
32,1,1,0
34,0,0,0
45,1,0,0
36,0,5,0
29,3,0,0
40,2,13,0
29,5,2,1
29,1,2,1
33,0,4,0
38,0,0,0
32,2,0,0
46,1,2,0
39,2,0,1
33,4,3,0
31,1,3,0
42,1,2,0
33,0,2,0
31,3,1,0
25,0,2,0
30,1,0,0
40,2,1,1
34,2,2,1
44,1,1,0
36,1,0,0
24,1,0,0
31,1,1,0
16,1,1,0
44,1,2,0
42,1,1,0
43,0,0,0
39,2,0,0
39,0,1,0
32,2,1,1
36,4,0,0
40,1,2,0
30,3,0,0
37,0,2,0
45,2,0,0
35,1,2,0
50,0,0,0
32,1,0,1
30,2,1,0
39,0,2,0
30,9,2,1
33,1,1,1
37,3,2,0
40,3,1,0
34,4,1,0
29,13,1,1
30,2,4,0
29,2,1,1
28,1,4,0
28,1,5,1
32,0,1,0
36,8,0,0
30,3,3,2
35,1,1,0
32,1,0,0
35,6,2,0
35,2,5,0
41,1,1,0
27,3,0,0
43,2,7,0
31,2,1,0
39,3,0,0
36,0,4,0
36,0,3,0
39,2,0,0
25,9,1,2
39,2,5,1
32,2,1,0
50,2,2,0
47,0,0,0
34,2,3,0
30,2,8,0
45,0,2,0
34,2,2,0
31,1,2,0
31,3,0,0
40,3,3,0
40,8,1,0
45,2,2,0
33,0,0,0
41,2,0,0
38,2,6,0
40,3,1,0
29,6,0,1
43,0,1,0
44,3,0,0
37,1,2,0
25,0,0,0
31,5,0,0
29,2,2,0
39,6,2,0
32,5,6,3
37,0,2,0
36,0,4,0
39,1,1,0
32,1,0,0
44,4,1,1
34,0,1,0
27,3,0,0
35,1,4,1
31,3,1,0
29,2,2,0
28,0,2,0
38,4,1,0
33,2,5,1
32,2,0,0
36,2,1,0
42,1,0,0
33,1,2,0
43,2,0,0
27,3,2,0
37,1,2,0
33,2,1,0
30,5,1,0
39,0,0,0
33,3,1,0
33,0,1,0
34,2,0,0
38,3,6,1
33,0,4,0
34,0,1,0
31,3,1,0
29,1,1,0
38,1,0,0
45,2,0,0
35,3,2,0
41,0,4,0
32,0,7,0
35,1,1,0
32,2,5,0
27,1,2,0
25,3,1,0
33,2,3,0
38,1,1,0
38,3,0,0
25,5,5,1
34,3,0,0
30,1,0,0
38,1,3,0
33,0,1,1
31,5,4,1
39,8,2,0
42,2,0,0
31,0,0,0
31,1,0,0
31,2,0,0
32,0,1,0
36,0,0,0
27,12,4,2
34,0,6,0
45,1,0,1
34,1,1,0
34,1,1,1
47,2,1,0
35,1,2,0
28,2,0,1
30,0,6,0
40,1,1,0
31,5,2,2
39,2,3,0
28,1,0,0
33,0,0,0
28,1,0,1
46,1,2,0
29,6,0,0
35,0,0,0
39,4,2,0
40,10,0,4
42,2,1,0
37,3,1,0
40,0,1,0
32,0,3,0
39,3,1,3
40,1,0,0
36,4,7,1
42,2,0,0
40,1,1,0
26,0,3,0
43,3,1,0
35,0,0,0
30,1,0,0
47,1,1,0
40,1,1,0
37,0,5,0
43,1,2,0
22,3,4,1
26,2,2,2
32,2,2,0
40,3,5,2
33,0,2,1
34,0,0,0
28,0,1,0
36,1,4,0
32,0,3,0
31,2,0,0
38,2,4,0
26,7,3,0
38,1,1,0
40,0,1,1
37,3,1,0
37,1,0,1
43,0,2,0
25,1,0,0
42,1,1,1
55,1,0,0
34,0,4,1
28,0,5,0
40,6,2,2
41,1,4,0
33,1,0,0
43,4,0,0
29,0,1,0
31,2,2,1
36,4,0,0
40,0,4,1
33,1,5,0
31,4,2,0
32,1,1,0
34,1,0,0
29,2,5,1
39,3,1,0
23,8,4,3
39,2,1,0
37,1,2,1
46,1,0,0
37,2,0,0
24,8,2,1
33,7,0,1
34,0,2,0
30,1,3,1
39,3,6,0
37,1,0,0
41,2,6,1
42,1,6,0
36,2,0,0
48,5,1,0
43,0,0,0
40,0,3,0
47,4,2,0
34,1,9,1
33,0,1,0
29,2,2,1
33,2,2,0
36,0,2,1
34,2,0,1
41,1,1,0
38,1,1,0
26,0,4,1
46,0,4,0
33,1,2,0
32,2,8,0
26,1,1,0
39,1,0,0
43,1,2,0
29,5,0,0
43,2,1,0
25,1,0,0
36,3,1,0
37,1,0,1
38,1,3,2
35,0,1,0
42,1,1,0
28,1,0,0
30,1,2,0
43,1,4,0
43,1,7,0
25,3,1,0
37,2,4,0
38,0,0,0
45,2,1,1
29,2,1,1
30,1,0,0
41,1,2,0
35,1,3,1
42,0,0,0
39,0,3,0
29,6,6,0
47,1,2,0
29,2,6,2
36,11,0,0
33,1,0,0
28,2,0,0
35,1,2,0
27,3,0,0
41,0,2,0
35,0,3,0
36,0,8,0
37,7,0,0
34,1,3,0
43,2,1,0
42,1,5,0
44,2,3,0
47,1,0,0
38,1,2,0
35,1,1,0
35,1,0,0
38,2,1,0
33,3,1,0
35,3,2,0
33,0,2,0
30,12,0,1
18,0,1,1
27,9,0,1
33,7,1,1
37,1,1,0
27,1,1,0
34,2,2,0
37,2,2,0
25,7,2,1
32,0,6,0
45,3,1,0
38,1,3,1
43,1,1,1
27,11,2,0
40,2,1,0
28,7,1,3
30,1,1,0
39,2,1,0
33,0,1,0
34,9,2,1
40,1,2,0
35,0,1,1
33,2,1,0
34,1,4,0
27,2,0,0
40,0,1,0
35,0,0,0
43,4,1,0
43,2,0,0
26,4,4,0
45,2,1,1
42,9,2,0
37,0,6,0
24,2,2,0
39,0,0,0
42,2,2,0
36,3,7,1
31,3,2,1
35,3,1,0
40,1,5,0
45,1,0,0
29,5,2,0
52,2,2,0
26,2,12,0
34,0,5,0
44,0,1,0
40,0,3,0
40,0,0,0
44,1,1,0
31,8,1,0
45,4,1,0
31,4,1,0
35,1,3,0
35,2,5,1
34,1,1,0
33,2,1,0
40,3,3,2
46,3,2,1
36,3,1,0
32,1,1,0
48,1,1,0
37,1,5,0
40,1,2,0
27,0,1,0
34,1,3,0
40,2,2,0
43,1,3,0
43,0,2,0
38,0,1,0
35,0,0,0
30,1,0,0
35,1,1,0
31,2,4,0
31,1,0,0
33,1,3,0
28,11,0,0
29,1,1,0
38,2,1,1
32,10,1,0
41,1,3,0
39,0,0,0
37,0,1,0
35,0,4,0
29,1,1,0
36,7,2,0
41,4,0,0
29,13,0,0
42,2,0,0
34,0,4,1
43,0,0,0
30,2,2,0
41,2,1,0
42,1,2,0
31,6,1,1
32,0,3,1
34,2,0,1
36,3,1,1
30,5,3,1
30,0,2,0
24,3,1,1
27,4,0,2
37,1,1,0
27,3,3,2
42,0,2,1
56,2,1,0
33,3,2,0
35,2,0,0
43,2,1,1
43,1,0,0
33,3,3,1
38,2,0,0
26,3,0,0
23,13,0,1
40,0,0,0
35,3,0,0
40,2,2,0
30,3,2,0
19,5,0,0
40,2,1,0
29,6,0,1
33,1,3,2
23,0,0,0
30,0,0,0
38,2,1,0
29,2,4,1
33,1,0,0
23,2,4,0
26,0,1,1
46,3,1,1
40,0,6,1
32,1,0,0
33,0,1,0
45,1,0,0
27,12,3,0
35,1,2,0
36,13,1,1
28,4,10,1
29,0,6,0
40,1,1,0
36,3,1,0
34,2,1,0
54,2,1,0
33,1,1,0
36,0,0,0
42,1,0,0
45,0,1,0
20,3,2,0
30,1,4,0
29,1,3,0
30,1,1,0
43,1,0,0
42,1,3,0
34,3,1,0
29,1,3,1
37,0,0,0
33,10,0,1
38,13,1,0
38,3,1,0
34,7,4,1
28,0,2,0
44,0,3,0
26,2,1,0
33,2,1,0
40,1,3,0
26,10,0,0
44,2,0,0
35,0,2,1
38,1,1,0
44,2,1,0
39,2,1,0
42,1,0,0
47,2,0,0
27,1,7,0
32,2,1,0
31,0,9,1
35,1,5,0
39,1,2,1
36,2,0,0
31,0,0,0
50,1,2,0
32,1,1,0
41,3,0,0
45,3,2,0
29,1,1,0
40,0,0,0
33,0,2,0
37,2,1,0
35,4,1,0
39,4,1,1
35,2,2,0
44,2,3,0
30,2,5,0
42,1,1,0
35,1,2,0
36,4,3,0
32,1,5,0
35,6,0,0
43,0,1,0
19,2,2,3
28,0,4,1
32,6,5,2
38,1,1,0
31,9,0,0
40,4,0,2
40,1,0,0
39,1,2,1
27,13,1,1
38,1,1,0
32,1,3,1
36,1,0,0
48,3,3,0
39,1,0,0
33,1,5,0
35,1,2,0
30,2,0,0
50,1,1,1
31,6,1,0
40,0,5,1
33,1,3,0
42,1,1,0
44,3,2,0
27,3,1,0
35,3,1,1
43,0,3,0
39,2,0,0
43,3,0,1
36,2,1,0
46,0,1,0
28,0,1,0
39,1,0,0
32,4,1,0
34,0,2,0
27,0,1,0
43,3,2,0
33,1,1,0
51,3,0,0
42,2,0,1
40,2,1,1
22,2,2,0
33,1,10,0
36,4,1,1
24,3,11,1
27,7,2,0
39,0,1,0
32,9,2,0
37,6,0,0
33,6,8,4
46,1,0,0
40,2,0,0
29,3,2,0
38,0,0,0
27,2,0,0
29,1,3,0
38,3,0,0
44,2,2,0
34,3,1,0
34,4,0,0
56,1,1,0
33,1,2,0
39,1,0,1
36,0,0,0
40,2,1,0
34,2,0,0
30,1,1,0
30,1,1,0
31,1,2,0
36,3,3,1
36,1,2,0
40,2,1,0
38,2,0,0
36,0,0,1
35,1,0,0
35,1,1,0
55,0,0,0
37,3,1,1
36,4,3,0
38,2,3,0
34,2,1,0
40,1,0,0
26,4,3,0
31,2,1,0
42,3,5,1
22,11,0,0
26,1,1,0
43,1,4,2
46,2,2,0
41,2,1,0
39,0,2,0
44,2,2,1
46,1,2,0
32,2,1,0
19,6,3,0
32,0,1,0
34,6,1,0
51,5,1,0
48,2,0,0
33,1,1,0
40,0,0,0
31,0,4,0
30,10,1,0
36,7,0,0
40,1,1,0
29,4,3,2
31,5,2,0
31,2,1,0
34,4,2,1
34,2,2,0
35,0,7,0
44,0,0,0
42,1,0,1
41,0,3,0
31,1,7,1
34,2,0,0
33,1,2,0
41,2,1,0
44,1,1,0
27,7,2,1
40,0,4,0
46,1,5,0
46,1,0,0
41,0,2,1
37,1,1,0
32,1,4,0
30,3,2,0
29,4,0,0
41,2,2,0
36,1,1,0
32,1,0,1
32,6,1,0
38,0,11,0
41,5,4,0
40,0,0,0
21,11,0,0
47,2,1,0
35,0,2,1
36,3,2,1
42,4,5,0
37,1,2,0
37,0,2,0
34,1,1,1
30,7,5,0
40,10,0,1
37,0,0,0
37,2,1,0
39,5,0,0
35,1,1,0
45,1,3,1
35,5,0,1
36,10,3,2
36,1,1,0
44,3,2,0
37,2,2,0
44,1,0,0
32,0,1,0
40,1,2,0
40,3,0,1
35,0,2,1
36,1,2,0
39,1,3,1
43,2,0,0
28,3,0,0
26,3,3,3
32,0,0,1
45,1,0,0
29,10,0,5
38,0,6,0
27,0,1,0
45,0,6,0
32,0,4,0
30,11,3,0
46,2,1,0
38,0,3,0
40,2,1,1
26,2,2,0
43,3,1,0
40,1,1,0
34,0,6,0
42,3,1,0
40,1,1,0
41,0,0,0
27,11,0,0
33,4,0,1
34,1,1,0
34,1,1,0
45,1,1,0
44,1,0,1
31,3,2,0
35,1,2,0
33,0,5,0
29,9,2,2
32,3,1,0
40,1,0,0
24,7,2,1
42,0,3,2
47,1,3,1
40,0,1,0
43,3,0,0
37,0,2,0
47,2,3,0
22,6,3,1
46,0,2,0
20,2,3,1
45,2,1,0
40,0,9,1
36,9,1,0
17,9,0,1
43,1,2,0
36,6,0,3
28,3,6,0
30,1,5,0
33,1,0,0
31,6,2,1
40,2,2,0
31,2,3,0
43,2,3,0
35,1,1,0
23,5,3,1
43,0,2,0
27,6,5,0
27,0,0,0
35,0,3,0
43,4,1,0
29,0,5,1
40,1,3,0
26,1,7,1
25,3,5,1
39,2,3,1
32,1,0,0
27,0,1,1
34,1,3,0
40,1,2,1
37,5,1,2
30,4,1,0
38,1,0,0
39,2,1,0
25,4,5,4
45,0,2,0
40,2,2,0
32,4,7,0
44,0,0,0
28,1,0,0
37,1,1,0
32,3,2,0
23,4,0,0
28,6,1,1
37,0,2,2
23,3,0,0
44,2,1,0
36,9,0,0
29,2,0,0
35,5,3,0
25,3,3,0
35,0,1,1
36,5,0,0
30,2,0,0
40,0,3,0
33,1,2,0
29,4,1,1
29,0,2,0
49,3,2,0
35,2,6,0
48,0,3,0
36,3,0,0
20,10,3,0
30,0,3,3
37,2,3,0
48,0,1,2
46,3,1,0
35,1,3,0
25,3,1,0
39,2,2,0
42,2,2,0
36,7,8,0
33,1,0,0
34,0,4,3
34,1,1,1
34,1,0,1
32,4,1,0
45,4,1,3
33,4,5,0
34,2,3,0
36,4,3,0
35,0,1,0
34,9,2,0
29,1,0,0
31,1,0,1
31,1,0,0
45,1,2,0
31,2,1,0
40,4,2,0
45,0,1,0
37,0,0,0
36,9,4,1
39,6,4,1
43,2,0,0
48,2,1,0
34,4,0,2
33,0,6,0
33,1,1,0
37,0,2,0
42,1,1,0
34,2,0,0
35,0,0,0
22,8,2,0
33,2,2,0
35,2,4,1
37,0,8,0
26,0,2,0
31,0,0,0
42,0,0,0
33,11,0,0
36,2,9,0
43,1,3,0
35,5,0,1
40,0,4,0
44,2,0,0
39,0,3,0
36,0,1,1
30,1,1,0
30,1,2,0
39,1,1,0
33,7,2,1
41,0,6,0
53,1,0,0
33,2,2,0
36,1,4,0
38,3,2,0
38,0,1,0
41,1,1,0
38,2,1,0
30,1,3,1
34,2,2,0
43,1,7,0
35,8,1,0
43,1,0,0
22,2,2,2
35,2,1,1
40,1,0,0
45,2,0,0
38,1,0,0
29,1,8,1
39,1,2,0
36,1,0,0
27,0,2,0
29,2,2,0
28,2,4,1
32,0,0,1
34,1,0,0
38,2,0,0
50,3,1,0
34,3,1,1
42,2,2,0
42,2,0,0
39,2,0,0
37,1,2,0
45,2,2,1
48,0,0,0
34,1,2,0
37,3,3,0
26,1,5,1
37,1,1,0
42,1,1,0
30,1,2,0
28,2,1,0
30,4,1,1
35,1,3,0
41,2,3,0
32,2,4,0
33,2,1,0
35,1,5,0
39,2,1,0
29,5,0,0
19,4,3,2
30,0,2,0
42,0,1,0
31,3,0,0
33,1,0,0
48,2,0,0
42,0,3,0
22,2,12,1
30,3,0,0
33,2,1,0
31,2,4,1
29,1,2,0
31,2,0,3
28,2,3,0
24,1,1,0
35,1,1,0
35,0,1,0
38,0,3,0
42,0,3,0
34,0,1,0
44,1,5,0
40,1,4,0
33,4,6,2
35,1,1,0
45,1,2,0
39,1,1,0
34,1,0,0
34,5,0,0
38,2,6,0
51,1,0,0
36,2,0,0
38,1,8,0
36,0,1,2
31,0,0,1
31,2,1,0
40,3,0,0
45,4,1,0
28,1,3,1
39,3,1,0
33,1,1,0
37,2,1,0
36,4,0,0
32,7,0,0
37,0,2,0
36,4,1,0
33,3,8,0
40,7,1,0
39,2,0,0
35,0,2,0
29,0,0,0
36,1,3,0
44,3,1,0
29,1,2,0
33,2,3,0
34,3,0,0
31,2,2,0
38,0,1,0
20,4,4,3
42,0,3,0
27,1,1,1
36,0,0,0
28,6,3,2
34,2,2,0
40,2,0,0
41,1,0,0
34,2,1,0
38,4,3,0
31,2,8,1
39,0,1,0
38,1,0,0
35,3,2,0
30,4,2,0
32,1,2,0
43,1,3,0
48,0,1,2
34,2,0,1
31,1,1,0
47,2,2,0
40,3,0,0
32,8,1,0
29,3,1,0
40,2,2,1
38,1,5,1
46,3,1,0
40,2,2,0
41,0,1,0
33,1,1,0
32,4,0,0
30,1,1,0
43,2,0,0
38,1,2,0
40,3,4,0
43,0,0,0
33,7,0,0
37,1,2,0
40,2,2,0
28,1,0,0
32,1,3,0
39,2,0,0
36,4,0,0
37,0,0,0
34,2,1,0
35,0,0,0
31,2,2,0
50,0,0,0
38,3,2,0
31,2,0,0
37,1,3,0
28,1,0,0
43,4,1,0
37,3,4,0
30,2,7,0
29,2,8,0
45,2,1,0
33,2,4,0
27,0,2,1
28,0,3,1
31,1,5,0
35,3,0,0
27,1,1,1
47,1,1,0
44,0,5,0
38,0,0,0
24,0,3,1
35,6,2,1
33,2,4,1
42,0,1,0
29,2,2,0
35,2,0,0
40,1,1,0
39,7,4,4
41,0,3,0
47,1,0,0
36,2,2,1
25,0,4,0
39,3,0,0
30,0,5,0
28,9,4,1
36,2,1,0
39,0,1,1
35,4,0,0
43,0,9,0
36,2,4,0
30,12,0,1
26,1,1,1
31,13,0,1
30,2,1,0
43,1,2,1
23,2,0,0
41,1,1,0
47,1,0,0
37,2,4,0
33,7,2,1
33,2,1,1
37,1,0,0
46,1,1,0
42,1,0,0
35,2,1,0
32,0,4,0
41,0,2,0
39,3,2,0
39,1,1,0
32,5,2,0
43,0,3,0
26,7,2,2
31,1,1,0
45,1,5,0
34,2,4,0
37,1,0,1
38,2,0,0
23,4,6,2
36,1,0,0
33,0,1,0
37,5,0,0
27,1,5,0
37,2,3,0
49,3,0,0
39,1,0,0
36,2,0,0
39,0,1,0
42,1,1,1
38,2,0,0
39,2,2,1
29,0,3,0
41,1,2,0
36,3,1,1
28,8,0,0
46,2,2,0
42,1,0,0
24,5,2,3
37,0,2,0
29,1,1,1
35,1,6,1
31,0,4,1
40,3,2,0
36,1,4,0
28,1,2,0
33,0,4,0
33,3,0,0
37,3,2,0
38,1,0,0
30,1,2,0
35,0,2,0
45,1,1,0
31,3,2,0
34,3,4,0
32,0,9,0
33,3,2,0
33,1,5,0
36,8,3,0
35,4,2,0
32,3,2,0
33,2,4,1
41,0,1,0
36,2,1,0
37,1,4,0
30,1,3,0
46,3,1,0
25,7,2,4
42,2,2,0
28,0,5,0
33,1,4,0
29,16,0,0
35,0,4,0
29,3,2,0
33,4,3,0
34,0,2,0
30,2,2,0
40,1,0,0
38,7,2,2
29,0,2,0
34,3,0,0
29,2,3,0
44,2,0,0
40,3,0,0
42,1,5,0
33,4,3,1
27,0,2,0
43,2,0,1
32,1,2,0
30,2,0,1
40,0,1,0
43,3,2,0
34,2,5,1
31,1,0,0
37,2,2,0
32,1,2,0
31,6,0,1
43,1,0,0
40,1,1,0
35,2,2,0
32,0,4,0
44,2,1,0
28,9,1,0
37,3,1,0
34,1,2,0
37,2,1,0
42,2,1,0
27,3,1,0
35,1,1,0
42,2,0,0
43,2,2,0
36,0,3,0
37,0,0,0
28,7,0,0
33,1,1,0
45,2,4,0
32,1,4,0
31,0,0,0
41,2,0,0
33,0,1,0
35,1,1,0
35,0,1,1
38,3,0,0
26,6,1,3
37,2,1,0
36,0,2,0
35,0,6,1
29,16,1,1
36,0,1,0
32,6,1,0
41,1,4,0
34,0,3,1
35,1,1,0
24,0,3,0
27,1,1,0
41,1,1,0
39,0,3,0
29,1,0,0
46,1,3,0
35,3,1,0
37,2,0,0
51,1,1,0
36,0,4,0
32,0,3,0
40,1,6,0
40,0,2,0
38,0,2,0
44,2,1,0
37,5,0,0
45,0,2,0
40,0,1,0
31,2,1,0
39,3,1,0
39,0,1,0
28,1,2,0
37,0,0,0
34,9,0,1
32,8,0,0
42,2,0,0
36,1,0,0
31,2,1,0
36,0,1,0
27,1,0,0
32,1,2,1
45,0,0,0
45,2,2,1
44,0,0,0
22,0,6,0
30,1,1,1
46,2,1,0
29,1,1,0
29,6,3,1
36,3,0,0
35,2,2,0
28,3,4,1
32,12,0,0
43,2,0,1
29,0,1,0
43,1,0,0
32,0,0,0
43,1,2,0
42,2,6,0
39,5,1,1
37,3,1,1
37,0,0,0
40,3,1,0
33,1,1,0
28,6,1,0
33,1,2,1
40,3,1,0
30,7,0,0
53,0,2,0
38,2,0,0
33,1,3,0
33,2,0,0
37,6,8,0
37,1,1,0
26,7,4,1
39,7,0,0
36,1,1,1
34,0,0,0
37,0,1,0
39,0,0,0
38,0,0,0
47,2,2,0
25,2,4,0
38,4,2,0
37,2,1,0
49,1,1,0
35,3,4,0
25,0,3,1
37,1,2,0
45,2,0,0
38,3,1,0
40,2,1,1
31,1,1,0
32,6,1,0
23,9,0,0
40,4,6,1
50,2,4,0
43,1,1,1
25,1,2,1
38,2,2,0
40,0,0,1
50,0,1,1
36,0,0,0
39,1,6,0
31,12,0,2
39,2,3,0
24,4,2,0
47,4,1,1
34,0,2,0
39,2,0,0
26,1,4,0
28,1,2,2
27,7,1,0
45,2,1,0
32,2,2,1
35,1,2,0
34,0,2,0
36,1,0,0
46,0,1,0
34,1,1,0
39,4,1,0
34,8,2,1
32,2,2,0
44,1,1,0
32,2,7,0
34,0,2,0
44,2,3,0
31,2,2,0
19,7,5,4
22,10,0,0
31,1,1,0
42,2,2,0
32,2,0,0
29,2,6,0
35,4,1,0
36,0,3,0
34,2,1,0
29,2,0,1
35,0,3,1
41,1,2,0
30,1,0,0
37,1,0,0
30,9,0,1
25,17,1,3
37,5,1,0
38,0,1,1
50,1,0,0
39,2,4,1
46,0,2,0
35,1,1,0
30,2,5,0
36,0,1,0
27,1,5,0
41,2,2,0
39,2,0,0
34,1,1,1
32,0,0,0
42,0,1,0
34,9,0,0
32,13,0,2
36,0,2,0
48,1,3,0
24,0,3,0
37,5,0,0
30,1,6,0
33,0,2,0
29,2,2,0
25,1,0,0
41,1,2,0
39,5,6,4
34,6,3,0
33,1,0,0
38,0,4,1
33,0,0,0
44,3,1,0
28,1,2,0
38,4,1,0
37,1,2,0
38,0,0,0
49,2,4,0
42,0,0,0
30,7,3,1
27,1,2,0
30,8,4,1
34,4,2,0
33,0,3,0
29,2,1,0
26,1,1,0
38,0,0,0
28,5,8,2
28,2,1,1
31,0,0,0
26,6,0,1
28,2,1,0
36,4,3,0
30,1,5,0
28,8,2,0
25,3,0,0
31,4,7,0
43,1,1,0
32,3,2,0
42,2,3,1
33,1,3,0
38,1,4,0
37,4,2,2
31,1,2,0
36,0,0,1
45,2,1,0
44,0,0,0
34,2,0,1
43,0,2,0
25,2,2,1
35,5,1,0
36,0,4,0
44,3,2,0
38,3,0,0
27,0,4,0
38,2,1,0
22,2,1,0
37,0,5,2
47,4,3,0
39,1,2,0
34,1,2,0
33,2,0,0
36,4,0,1
32,3,3,0
51,0,3,0
30,2,4,0
38,1,0,0
38,0,1,1
28,0,1,1
35,9,0,0
40,2,1,0
33,2,6,1
39,4,2,0
31,0,4,0
32,1,6,1
35,2,1,0
44,3,3,0
31,3,0,1
37,0,3,0
27,0,0,0
35,3,1,0
35,2,0,0
38,2,4,0
39,1,2,0
30,6,0,0
42,0,3,0
43,4,2,0
34,1,1,0
37,1,0,0
39,2,0,0
37,4,2,0
43,1,2,0
46,1,0,1
35,3,0,0
35,3,3,0
34,4,1,0
26,2,2,2
26,0,0,0
31,0,4,3
49,0,1,0
35,2,1,0
49,2,0,0
43,2,1,0
36,1,0,0
39,1,1,0
31,3,4,3
32,2,2,0
44,3,2,0
42,1,2,0
37,0,1,0
35,1,1,0
41,1,2,1
38,1,0,1
39,3,3,0
29,2,1,0
31,6,1,0
44,3,0,0
49,1,2,0
29,2,1,0
35,1,6,0
38,1,4,0
33,2,1,0
26,2,6,1
38,2,3,1
43,0,2,0
36,2,0,0
49,2,4,0
54,0,1,0
35,1,0,0
38,2,0,0
39,0,0,1
38,1,0,0
38,3,1,0
33,1,2,0
32,3,2,0
31,0,1,0
34,1,2,0
27,2,1,1
34,3,2,0
41,1,1,0
37,1,2,1
33,1,2,0
34,2,1,0
49,2,2,0
32,1,0,0
46,0,0,0
38,2,1,0
29,2,0,0
41,2,0,0
36,2,0,0
41,0,7,0
32,4,0,0
39,2,0,1
45,2,4,0
29,4,2,0
49,1,1,0
41,1,0,0
31,3,1,0
32,1,1,0
28,1,8,1
29,2,1,0
48,2,0,1
33,1,1,0
26,8,1,3
32,0,0,0
32,2,3,0
30,1,3,0
34,0,0,0
34,1,4,0
35,1,2,1
50,7,1,0
36,12,0,0
44,3,1,0
33,3,2,0
30,5,0,0
25,0,0,0
33,1,1,1
34,3,2,1
44,6,1,0
39,5,0,1
38,3,2,1
34,2,7,0
30,1,1,0
30,6,2,0
45,2,1,0
54,0,0,0
40,1,0,0
39,0,1,0
32,0,3,0
38,0,2,0
38,1,3,1
39,0,2,0
35,0,0,0
35,4,5,0
24,11,1,0
39,1,2,1
45,1,1,0
31,1,1,0
36,0,1,1
43,1,0,0
38,1,3,0
25,0,1,0
26,0,3,0
43,0,0,1
42,3,1,0
38,0,1,1
29,0,4,1
25,2,0,0
44,3,1,0
32,1,5,0
29,1,5,0
39,5,0,0
32,0,0,0
35,1,2,0
31,1,4,0
42,3,0,0
27,1,4,0
40,4,2,0
31,1,1,0
33,1,0,0
29,2,3,0
29,1,7,0
39,2,0,0
36,1,5,0
40,3,1,0
44,3,1,0
25,0,4,0
39,0,1,0
25,4,0,0
25,7,0,1
41,1,3,0
41,0,1,0
26,1,0,0
27,1,3,1
32,3,0,0
35,0,1,0
35,1,0,0
43,2,3,1
44,2,0,0
34,7,0,0
34,3,0,0
43,3,0,0
36,1,0,0
34,2,1,0
33,4,2,0
34,9,2,1
35,0,0,0
28,0,1,1
26,6,0,0
43,0,5,1
29,1,5,0
37,2,0,1
27,1,3,1
30,2,2,0
31,3,3,0
35,7,0,0
44,1,1,0
42,2,1,0
43,2,1,0
27,1,1,0
31,3,1,0
35,0,2,0
32,0,0,0
36,8,2,1
33,0,2,0
41,2,0,0
42,2,0,1
40,1,0,0
37,0,1,0
38,2,1,0
42,2,3,0
30,0,1,0
39,1,1,1
37,1,0,0
32,5,0,1
39,1,1,0
28,0,2,0
33,1,0,0
40,3,0,0
40,3,0,2
35,1,1,0
44,0,4,0
42,0,3,0
32,1,1,1
33,0,3,0
36,0,2,0
39,1,1,0
34,0,1,0
33,1,1,0
43,5,4,1
37,1,1,0
24,1,0,0
31,2,1,0
36,1,0,0
52,3,2,0
40,1,2,0
33,2,3,1
48,1,0,1
43,1,1,0
31,0,1,1
33,2,1,0
32,9,0,1
41,2,2,0
40,1,1,0
43,0,4,1
43,3,1,0
32,0,1,0
49,1,1,0
37,4,1,0
29,0,0,0
33,1,2,0
43,1,1,0
33,1,1,0
23,0,2,0
24,1,3,0
39,2,2,1
40,0,0,0
47,3,3,0
29,4,2,0
39,2,3,0
34,2,3,0
38,1,1,0
29,2,1,0
37,0,0,0
38,1,2,0
37,1,1,0
36,6,1,0
25,0,8,2
45,1,1,0
34,1,2,0
31,3,2,0
16,16,0,0
37,10,1,0
34,6,1,1
25,0,0,0
36,4,2,0
32,5,1,0
31,0,11,0
33,0,6,0
31,1,2,1
38,0,5,2
29,8,0,2
24,0,3,0
34,12,2,0
34,1,0,0
53,0,3,0
34,1,3,0
35,0,7,1
25,0,4,0
47,2,1,0
27,7,1,0
29,1,5,0
32,0,3,0
30,1,4,0
35,4,3,1
30,0,4,0
27,13,0,1
46,0,4,0
26,6,5,3
50,0,0,0
30,1,0,0
32,1,0,0
35,1,2,0
39,0,1,0
39,0,5,0
41,1,0,1
39,1,3,0
35,3,0,0
40,4,3,0
24,0,4,0
38,1,0,0
36,0,0,0
34,3,2,0
34,2,1,0
21,0,2,0
25,12,0,0
32,2,1,1
33,2,4,1
51,2,1,0
35,3,0,2
25,0,3,1
38,2,1,1
30,6,4,2
32,1,3,1
35,0,3,0
37,0,1,0
34,1,4,0
32,1,5,1
33,3,1,0
24,1,1,0
40,1,1,0
40,0,0,0
27,3,0,0
47,2,4,0
29,0,0,0
36,1,0,1
38,0,3,1
37,1,0,0
23,3,1,1
33,1,6,0
43,0,2,0
37,0,7,1
30,2,1,0
35,1,1,0
46,1,1,1
40,1,6,0
37,0,1,0
36,0,7,1
49,2,1,0
42,3,0,0
39,1,2,0
41,8,2,0
28,0,1,0
42,2,3,0
24,2,1,0
46,2,2,0
33,1,2,0
43,4,2,1
36,1,0,1
45,0,1,1
35,1,0,0
40,3,1,0
36,0,2,1
30,2,2,0
36,1,1,1
24,8,1,0
15,9,0,1
42,4,1,0
36,0,7,0
30,6,3,0
19,10,0,1
31,3,6,0
39,1,1,0
35,0,5,1
38,0,2,0
42,6,1,0
36,3,0,0
36,1,5,0
36,5,3,1
29,1,3,0
36,3,2,0
24,1,1,0
33,2,0,0
41,2,1,1
40,1,3,0
26,2,3,0
46,2,1,0
31,1,3,0
41,0,1,0
46,2,0,0
31,4,0,0
30,9,2,1
41,1,1,0
40,2,2,0
27,0,3,0
42,1,0,0
36,3,3,0
32,4,1,0
44,14,1,0
42,0,0,1
33,1,1,0
42,5,0,0
29,1,0,0
43,1,0,0
35,0,1,0
32,1,5,0
45,1,4,0
32,0,3,0
30,3,5,0
45,1,1,1
36,1,2,0
28,6,0,0
33,7,0,1
42,4,4,0
25,3,3,0
26,17,0,2
53,2,0,0
33,5,2,0
30,6,7,2
25,0,2,1
33,4,2,1
40,2,1,0
35,5,0,0
37,3,0,0
33,1,3,0
41,2,0,1
37,2,1,0
39,1,1,0
40,2,1,0
31,7,2,0
25,1,2,0
26,2,1,1
37,1,1,0
37,1,1,0
28,6,1,1
35,6,2,1
31,0,9,0
29,0,1,0
39,7,2,0
23,2,0,0
51,2,0,0
37,2,1,0
37,1,1,0
35,2,0,0
40,3,3,0
39,0,1,0
42,2,1,0
31,2,1,0
21,4,5,6
39,0,3,0
31,1,7,1
32,3,2,1
45,2,0,0
29,3,1,0
38,0,5,0
29,2,0,1
35,1,0,0
34,0,1,1
31,0,1,0
24,1,0,0
45,1,1,0
23,15,1,1
30,2,4,0
35,6,0,0
41,4,2,0
37,2,1,0
39,3,1,0
44,1,3,0
39,1,2,0
31,2,3,0
33,3,0,0
28,0,0,0
39,1,2,0
34,5,3,1
27,2,4,0
39,3,1,1
43,1,1,0
39,1,0,0
43,3,1,0
42,0,1,1
34,6,4,1
49,1,1,0
22,10,1,0
34,1,1,0
30,2,2,0
37,3,1,0
29,0,2,0
25,1,2,0
37,1,1,1
41,0,7,2
24,6,0,0
31,1,0,0
37,3,3,0
32,0,5,0
37,2,1,0
28,1,1,0
30,8,2,1
48,1,1,0
35,14,0,2
36,1,2,0
26,4,1,1
37,1,3,0
33,2,1,0
40,0,2,0
20,4,2,0
35,1,0,0
30,2,2,0
45,1,1,0
36,2,1,0
38,2,0,0
32,1,1,0
43,2,1,0
36,1,0,0
42,3,1,0
40,0,5,1
43,2,3,0
36,3,2,0
43,7,1,1
41,1,7,0
25,8,7,0
36,2,0,0
29,1,0,0
31,0,3,0
29,0,1,1
26,1,1,0
29,2,0,0
42,2,2,0
43,1,1,1
42,1,1,0
25,2,0,0
40,1,1,0
49,4,1,0
41,0,5,0
40,3,1,0
29,6,6,1
29,1,0,0
43,3,7,0
32,0,1,0
31,2,0,0
35,0,3,0
36,2,5,0
38,1,0,0
35,1,0,0
32,1,1,1
43,4,0,0
27,8,4,0
36,1,1,0
41,2,0,0
32,3,0,1
34,0,0,0
40,0,0,0
58,2,0,0
36,0,3,0
37,1,0,0
27,2,0,0
37,5,2,0
34,2,1,0
49,0,0,0
31,1,8,1
38,1,0,0
41,4,2,0
37,0,1,0
41,1,1,0
37,3,1,0
42,3,1,0
36,1,2,0
33,1,1,2
34,2,1,0
32,0,0,1
32,1,3,0
38,2,2,0
40,2,1,0
40,2,7,0
32,3,4,0
36,1,2,0
48,0,0,0
39,3,1,0
36,0,0,0
41,1,0,0
31,3,2,0
39,0,1,0
38,1,0,0
35,0,8,1
33,1,13,0
35,0,2,1
40,5,3,1
40,1,3,0
29,1,1,0
27,2,0,0
48,2,0,0
33,2,0,0
32,1,1,0
40,1,2,0
35,3,0,0
34,2,5,0
27,5,1,4
31,2,6,0
30,4,0,0
29,2,5,1
44,0,0,0
34,10,0,0
30,2,1,0
30,10,3,4
31,7,1,1
24,1,4,0
31,1,1,0
43,3,0,0
37,4,1,1
31,1,2,0
39,2,0,0
29,1,1,0
35,4,1,1
41,3,1,0
42,2,1,0
19,3,5,0
40,2,4,1
38,2,0,1
42,3,0,0
30,3,0,0
28,2,1,1
38,0,0,0
45,2,2,0
43,1,1,0
34,2,0,0
33,0,0,0
32,1,2,0
35,1,0,0
25,1,5,0
27,3,1,0
49,2,3,0
36,1,0,0
35,3,1,0
26,1,0,0
29,1,3,0
33,11,0,0
26,1,4,0
43,3,1,0
37,3,1,0
32,2,4,0
40,5,0,0
44,2,0,0
40,1,6,1
26,2,2,1
33,9,3,0
40,0,1,1
40,5,3,0
44,0,2,0
31,1,2,0
23,5,0,0
33,2,0,0
27,6,1,0
33,2,4,0
37,1,1,0
34,1,1,0
27,6,2,0
42,1,4,0
41,1,0,0
39,0,0,0
33,2,1,0
43,2,1,1
33,2,1,0
43,4,1,0
35,5,3,0
37,1,1,0
37,1,1,0
30,2,3,0
47,3,0,0
40,2,4,1
28,1,4,1
36,2,1,0
38,2,5,0
43,0,3,1
41,1,2,0
33,1,0,1
34,2,4,0
36,1,1,0
41,1,2,0
24,6,0,1
37,2,0,0
27,10,2,2
32,1,1,0
34,2,7,1
38,6,1,0
42,2,4,1
33,0,3,0
35,4,0,0
31,2,2,0
34,2,0,0
29,0,0,0
42,4,4,1
47,0,5,0
29,14,0,0
32,5,0,0
42,2,0,0
43,1,0,0
29,1,0,0
28,1,0,0
30,1,5,0
38,0,5,0
25,12,1,1
36,2,1,0
23,0,0,0
33,1,0,0
45,4,3,0
40,4,1,0
32,0,4,0
37,1,2,0
26,7,0,1
42,3,3,0
32,1,1,0
49,0,0,0
25,3,2,0
39,3,0,0
30,0,2,0
35,2,0,0
26,0,2,0
35,0,1,0
36,0,1,0
36,4,7,2
27,0,1,0
28,2,0,0
30,8,0,0
28,16,0,2
39,1,2,0
45,2,0,0
43,2,3,0
32,0,1,0
33,2,0,0
34,0,1,0
33,4,1,2
39,0,5,1
35,0,0,0
32,1,3,0
40,2,1,0
46,3,3,0
41,1,2,0
32,1,2,0
38,2,3,0
38,4,1,0
46,1,1,0
39,3,4,0
42,0,1,0
37,1,1,0
46,1,0,0
35,5,6,0
35,1,3,0
39,2,0,0
32,0,6,0
39,2,0,0
42,0,1,0
41,2,1,0
39,0,1,0
37,2,1,0
34,0,1,0
41,3,1,0
42,3,3,0
39,0,1,1
24,6,0,1
34,8,1,1
40,1,2,0
39,0,2,0
27,2,1,0
34,2,0,0
30,4,1,0
30,8,3,0
34,4,2,0
33,7,1,1
39,0,10,1
23,7,0,2
35,0,3,0
30,1,2,0
36,0,2,0
31,3,0,0
36,1,6,0
20,8,1,1
26,2,2,1
39,3,1,1
38,0,0,0
42,1,0,0
24,5,1,0
37,1,0,0
31,3,3,0
40,0,0,0
39,1,1,0
36,1,1,0
32,0,0,0
36,6,2,0
40,0,6,0
30,2,0,0
32,1,2,0
33,2,2,0
31,3,0,0
33,3,2,0
48,1,0,0
41,1,2,0
44,0,1,0
41,1,1,0
38,3,2,0
34,0,13,0
42,3,1,0
49,1,0,1
26,0,5,1
32,0,3,0
30,2,0,1
33,3,1,1
30,0,4,1
35,2,0,0
47,1,4,0
47,0,0,0
40,2,2,0
33,0,5,1
36,2,1,0
38,1,1,0
34,3,1,0
41,1,2,1
42,1,2,1
40,1,0,0
33,2,1,0
49,0,2,0
40,2,0,0
31,0,0,0
36,2,2,0
37,3,1,0
47,0,2,0
42,4,3,0
22,0,2,0
38,0,0,1
32,4,3,0
38,1,2,0
23,6,1,1
36,1,1,0
40,1,4,0
36,2,0,0
50,1,1,0
37,0,2,2
36,0,0,0
53,1,1,0
34,3,0,0
41,0,0,1
51,1,1,0
48,0,2,0
35,2,3,0
36,1,2,2
35,2,0,0
35,0,4,0
28,1,2,0
32,2,0,0
34,5,6,0
34,1,4,0
33,2,4,0
16,2,4,1
42,4,1,0
30,5,0,0
45,0,1,1
32,1,0,1
29,7,0,1
31,2,0,0
48,6,0,0
25,3,2,0
28,10,1,1
33,1,4,0
44,0,3,0
42,1,1,0
33,11,0,1
42,1,2,0
35,1,3,0
25,15,1,1
41,1,2,0
36,0,0,0
34,4,3,0
32,1,2,0
40,1,1,0
45,1,0,0
43,3,2,0
29,1,2,0
48,2,1,0
34,1,0,0
38,4,1,0
31,0,0,0
45,4,3,1
27,3,0,0
26,6,1,0
37,0,0,0
34,1,2,0
33,2,1,0
39,1,0,1
33,2,1,1
34,3,2,0
26,16,0,3
29,9,0,1
35,0,7,0
41,1,0,0
45,1,2,1
46,1,0,0
26,4,1,2
33,12,0,2
29,3,2,0
35,0,1,0
33,1,0,0
32,0,0,0
29,9,0,2
37,1,2,0
27,1,1,0
32,0,0,0
31,2,2,0
40,2,0,0
31,3,10,0
42,4,2,0
27,2,1,0
32,1,3,0
29,1,5,1
31,0,0,0
36,2,0,0
31,3,1,0
37,0,0,0
38,6,1,0
37,2,1,0
32,3,1,0
35,2,2,0
27,3,6,1
28,0,0,1
42,1,0,0
35,0,2,0
46,1,1,0
35,1,9,0
32,2,2,0
44,1,0,0
40,1,1,0
40,1,1,0
26,3,3,0
41,1,1,0
33,2,1,0
29,6,1,0
25,0,1,0
31,1,1,0
28,1,1,0
34,0,5,0
43,6,1,0
39,0,0,1
35,0,1,0
40,1,1,0
45,1,1,0
34,2,0,0
43,2,3,0
39,1,1,0
46,2,0,0
34,0,0,0
33,2,6,0
38,3,2,0
34,0,0,0
34,6,1,0
43,2,3,0
38,2,1,0
36,0,3,0
33,1,1,0
36,10,0,0
34,4,4,0
36,4,1,1
34,1,2,1
39,1,1,0
42,3,0,0
42,1,1,0
42,0,4,0
27,0,3,0
38,0,1,0
37,0,1,0
34,2,3,0
33,3,1,0
29,2,2,0
35,1,3,0
31,1,0,0
39,0,3,0
44,1,6,0
36,10,6,1
39,1,3,0
54,1,0,0
33,2,3,0
31,0,0,2
26,2,2,0
43,1,0,0
40,2,0,0
32,1,3,0
35,1,6,0
43,1,1,1
41,2,1,0
39,1,8,0
36,1,5,0
38,1,4,0
47,1,1,0
41,0,2,0
34,1,7,1
18,12,1,0
40,1,2,0
33,0,5,0
29,5,2,0
42,1,1,0
37,4,5,0
22,1,4,0
46,2,8,0
48,0,2,0
38,0,3,0
40,2,0,0
45,1,2,0
41,3,2,0
38,1,1,1
52,2,2,0
34,2,4,1
38,4,1,0
36,0,1,0
36,5,1,0
50,2,1,0
43,1,1,0
38,1,2,0
32,4,1,0
34,1,1,1
38,1,4,1
44,2,2,0
49,1,1,0
32,2,1,0
33,2,3,0
32,2,0,2
34,2,2,0
29,1,2,0
43,1,0,0
38,1,5,0
45,3,2,1
38,1,3,0
28,3,3,1
33,8,2,0
38,0,4,0
45,2,3,0
42,3,2,0
46,2,2,0
31,3,0,0
28,0,4,0
42,0,1,0
32,4,1,0
31,2,6,0
27,1,0,0
38,1,2,1
34,13,0,2
34,2,2,0
32,2,2,1
37,1,2,0
31,2,0,0
29,0,7,0
36,1,0,1
36,0,1,0
38,6,1,0
44,1,1,0
33,12,1,2
38,0,2,0
41,3,3,0
24,0,1,0
42,1,0,0
38,0,1,0
43,2,2,1
42,1,0,0
26,1,1,0
36,3,0,0
52,3,1,1
25,1,7,0
33,2,6,0
43,0,2,1
44,1,1,0
37,5,0,0
37,0,0,0
46,1,5,0
40,1,10,0
36,1,1,0
34,1,2,0
34,3,1,1
52,0,2,1
53,2,1,0
30,1,0,0
39,1,0,0
58,1,1,1
46,0,1,0
34,1,4,1
42,1,1,1
29,6,0,0
24,1,4,0
36,2,1,0
40,3,1,0
33,0,6,0
47,1,1,0
32,0,0,0
33,1,0,1
35,0,0,0
39,4,1,0
29,3,0,0
35,4,0,0
27,0,9,0
22,2,2,1
48,1,1,0
43,1,1,1
41,2,1,0
36,2,1,0
21,4,1,0
38,0,2,0
38,0,1,0
48,1,1,0
21,10,2,3
38,4,5,1
28,1,1,1
42,1,0,1
33,2,1,0
31,1,2,0
37,2,6,0
34,1,0,0
47,2,1,0
35,3,9,0
39,2,3,0
34,0,3,0
34,1,2,0
27,0,2,0
32,2,0,0
32,2,2,0
27,1,4,1
20,7,2,1
44,2,1,0
